################################################################################
# HEADER
# nspin         1
#%
# nik       186
#  st         1      26
# ust         1      26
# Iter             t            #  iter t Nex(t)  
################################################################################
       0  0.000000000000e+00 -4.808653475408e-15
      50  2.500000000000e+00  5.008782832938e-10
     100  5.000000000000e+00  2.610499192507e-08
     150  7.500000000000e+00  2.281369444468e-07
     200  1.000000000000e+01  1.019381022947e-06
     250  1.250000000000e+01  3.229182295873e-06
     300  1.500000000000e+01  8.183048986019e-06
     350  1.750000000000e+01  1.757998244128e-05
     400  2.000000000000e+01  3.325609793315e-05
     450  2.250000000000e+01  5.681131855452e-05
     500  2.500000000000e+01  8.898946692067e-05
     550  2.750000000000e+01  1.290296932143e-04
     600  3.000000000000e+01  1.743061453039e-04
     650  3.250000000000e+01  2.202434880075e-04
     700  3.500000000000e+01  2.605336692131e-04
     750  3.750000000000e+01  2.879384186382e-04
     800  4.000000000000e+01  2.955768055392e-04
     850  4.250000000000e+01  2.786321314769e-04
     900  4.500000000000e+01  2.362421781321e-04
     950  4.750000000000e+01  1.733947482706e-04
    1000  5.000000000000e+01  1.026122572575e-04
    1050  5.250000000000e+01  4.487164163850e-05
    1100  5.500000000000e+01  2.927363938403e-05
    1150  5.750000000000e+01  9.125030742852e-05
    1200  6.000000000000e+01  2.691495494494e-04
    1250  6.250000000000e+01  5.997455388634e-04
    1300  6.500000000000e+01  1.112660240743e-03
    1350  6.750000000000e+01  1.824148408968e-03
    1400  7.000000000000e+01  2.731901187931e-03
    1450  7.250000000000e+01  3.810752350312e-03
    1500  7.500000000000e+01  5.010261083231e-03
    1550  7.750000000000e+01  6.255549984487e-03
    1600  8.000000000000e+01  7.451413659844e-03
    1650  8.250000000000e+01  8.489461205482e-03
    1700  8.500000000000e+01  9.258969817336e-03
    1750  8.750000000000e+01  9.660995744862e-03
    1800  9.000000000000e+01  9.622998374268e-03
    1850  9.250000000000e+01  9.110887507407e-03
    1900  9.500000000000e+01  8.137722866740e-03
    1950  9.750000000000e+01  6.773569739513e-03
    2000  1.000000000000e+02  5.149936956190e-03
    2050  1.025000000000e+02  3.454211491555e-03
    2100  1.050000000000e+02  1.917044479146e-03
    2150  1.075000000000e+02  7.950358831858e-04
    2200  1.100000000000e+02  3.465573305305e-04
    2250  1.125000000000e+02  8.039759002110e-04
    2300  1.150000000000e+02  2.344916854148e-03
    2350  1.175000000000e+02  5.065250074197e-03
    2400  1.200000000000e+02  8.958415612182e-03
    2450  1.225000000000e+02  1.390200128197e-02
    2500  1.250000000000e+02  1.965551954555e-02
    2550  1.275000000000e+02  2.587264070937e-02
    2600  1.300000000000e+02  3.212252424330e-02
    2650  1.325000000000e+02  3.792273571524e-02
    2700  1.350000000000e+02  4.278398876324e-02
    2750  1.375000000000e+02  4.625576970799e-02
    2800  1.400000000000e+02  4.797244189420e-02
    2850  1.425000000000e+02  4.770811396962e-02
    2900  1.450000000000e+02  4.539563629496e-02
    2950  1.475000000000e+02  4.115038692765e-02
    3000  1.500000000000e+02  3.528206507410e-02
    3050  1.525000000000e+02  2.828229968365e-02
    3100  1.550000000000e+02  2.079328868083e-02
    3150  1.575000000000e+02  1.356505416646e-02
    3200  1.600000000000e+02  7.392650020269e-03
    3250  1.625000000000e+02  3.041769669520e-03
    3300  1.650000000000e+02  1.173533661048e-03
    3350  1.675000000000e+02  2.268778937836e-03
    3400  1.700000000000e+02  6.568125710193e-03
    3450  1.725000000000e+02  1.403107882373e-02
    3500  1.750000000000e+02  2.431959434425e-02
    3550  1.775000000000e+02  3.681594093778e-02
    3600  1.800000000000e+02  5.066394022535e-02
    3650  1.825000000000e+02  6.483788381815e-02
    3700  1.850000000000e+02  7.823517340057e-02
    3750  1.875000000000e+02  8.976884874931e-02
    3800  1.900000000000e+02  9.846311255369e-02
    3850  1.925000000000e+02  1.035479849608e-01
    3900  1.950000000000e+02  1.045257000415e-01
    3950  1.975000000000e+02  1.012294186361e-01
    4000  2.000000000000e+02  9.384663605887e-02
    4050  2.025000000000e+02  8.291981251006e-02
    4100  2.050000000000e+02  6.931568773735e-02
    4150  2.075000000000e+02  5.418029887957e-02
    4200  2.100000000000e+02  3.884168548189e-02
    4250  2.125000000000e+02  2.469964257668e-02
    4300  2.150000000000e+02  1.311356878275e-02
    4350  2.175000000000e+02  5.265358846968e-03
    4400  2.200000000000e+02  2.039239149886e-03
    4450  2.225000000000e+02  3.925968813677e-03
    4500  2.250000000000e+02  1.095641815858e-02
    4550  2.275000000000e+02  2.269108885456e-02
    4600  2.300000000000e+02  3.825233523842e-02
    4650  2.325000000000e+02  5.640719506569e-02
    4700  2.350000000000e+02  7.569169805472e-02
    4750  2.375000000000e+02  9.453587928296e-02
    4800  2.400000000000e+02  1.114079083867e-01
    4850  2.425000000000e+02  1.249535550921e-01
    4900  2.450000000000e+02  1.340873909772e-01
    4950  2.475000000000e+02  1.380806548633e-01
    5000  2.500000000000e+02  1.366302438022e-01
    5050  2.525000000000e+02  1.298547955185e-01
    5100  2.550000000000e+02  1.182817163487e-01
    5150  2.575000000000e+02  1.028333406009e-01
    5200  2.600000000000e+02  8.473802847159e-02
    5250  2.625000000000e+02  6.544558199447e-02
    5300  2.650000000000e+02  4.652711342819e-02
    5350  2.675000000000e+02  2.952624376668e-02
    5400  2.700000000000e+02  1.582740145611e-02
    5450  2.725000000000e+02  6.529646634047e-03
    5500  2.750000000000e+02  2.327206143347e-03
    5550  2.775000000000e+02  3.444647005216e-03
    5600  2.800000000000e+02  9.614466081643e-03
    5650  2.825000000000e+02  2.010954817884e-02
    5700  2.850000000000e+02  3.383286454698e-02
    5750  2.875000000000e+02  4.943034343235e-02
    5800  2.900000000000e+02  6.543976247596e-02
    5850  2.925000000000e+02  8.043619685927e-02
    5900  2.950000000000e+02  9.314148749373e-02
    5950  2.975000000000e+02  1.025368646407e-01
    6000  3.000000000000e+02  1.079308989504e-01
    6050  3.025000000000e+02  1.089772598870e-01
    6100  3.050000000000e+02  1.056944313593e-01
    6150  3.075000000000e+02  9.844468045319e-02
    6200  3.100000000000e+02  8.786975385984e-02
    6250  3.125000000000e+02  7.485041531244e-02
    6300  3.150000000000e+02  6.043711429656e-02
    6350  3.175000000000e+02  4.574616710462e-02
    6400  3.200000000000e+02  3.188508378176e-02
    6450  3.225000000000e+02  1.986509947160e-02
    6500  3.250000000000e+02  1.050295142571e-02
    6550  3.275000000000e+02  4.361084825277e-03
    6600  3.300000000000e+02  1.699130124977e-03
    6650  3.325000000000e+02  2.451148183081e-03
    6700  3.350000000000e+02  6.247845388779e-03
    6750  3.375000000000e+02  1.246256856080e-02
    6800  3.400000000000e+02  2.029181149726e-02
    6850  3.425000000000e+02  2.884772818432e-02
    6900  3.450000000000e+02  3.724453033106e-02
    6950  3.475000000000e+02  4.469324988990e-02
    7000  3.500000000000e+02  5.056247258867e-02
    7050  3.525000000000e+02  5.440937249979e-02
    7100  3.550000000000e+02  5.601223806874e-02
    7150  3.575000000000e+02  5.536372165998e-02
    7200  3.600000000000e+02  5.262949455236e-02
    7250  3.625000000000e+02  4.812982825455e-02
    7300  3.650000000000e+02  4.229608829065e-02
    7350  3.675000000000e+02  3.561323204982e-02
    7400  3.700000000000e+02  2.859268309373e-02
    7450  3.725000000000e+02  2.172851171062e-02
    7500  3.750000000000e+02  1.544741126154e-02
    7550  3.775000000000e+02  1.009223034266e-02
    7600  3.800000000000e+02  5.898203818612e-03
    7650  3.825000000000e+02  2.974176564147e-03
    7700  3.850000000000e+02  1.311869676471e-03
    7750  3.875000000000e+02  7.955005771605e-04
    7800  3.900000000000e+02  1.222651557060e-03
    7850  3.925000000000e+02  2.337207305622e-03
    7900  3.950000000000e+02  3.858458223904e-03
    7950  3.975000000000e+02  5.515792680055e-03
    8000  4.000000000000e+02  7.072941248457e-03
    8050  4.025000000000e+02  8.341051150591e-03
    8100  4.050000000000e+02  9.195680214345e-03
    8150  4.075000000000e+02  9.574599927972e-03
    8200  4.100000000000e+02  9.468826017244e-03
    8250  4.125000000000e+02  8.924329748462e-03
    8300  4.150000000000e+02  8.025576411118e-03
    8350  4.175000000000e+02  6.877578995789e-03
    8400  4.200000000000e+02  5.603126252212e-03
    8450  4.225000000000e+02  4.323957581504e-03
    8500  4.250000000000e+02  3.143381410377e-03
    8550  4.275000000000e+02  2.144143062971e-03
    8600  4.300000000000e+02  1.377426936093e-03
    8650  4.325000000000e+02  8.582021558988e-04
    8700  4.350000000000e+02  5.730313030889e-04
    8750  4.375000000000e+02  4.842955861029e-04
    8800  4.400000000000e+02  5.399399337230e-04
    8850  4.425000000000e+02  6.847612702763e-04
    8900  4.450000000000e+02  8.673441246209e-04
    8950  4.475000000000e+02  1.048295367735e-03
    9000  4.500000000000e+02  1.201134480391e-03
    9050  4.525000000000e+02  1.311106454215e-03
    9100  4.550000000000e+02  1.376395027030e-03
    9150  4.575000000000e+02  1.401101336992e-03
    9200  4.600000000000e+02  1.391174879916e-03
    9250  4.625000000000e+02  1.355847900508e-03
    9300  4.650000000000e+02  1.302069007896e-03
    9350  4.675000000000e+02  1.233588425305e-03
    9400  4.700000000000e+02  1.155580120007e-03
    9450  4.725000000000e+02  1.071407109716e-03
    9500  4.750000000000e+02  9.827650308602e-04
    9550  4.775000000000e+02  8.942630467128e-04
    9600  4.800000000000e+02  8.101947250503e-04
    9650  4.825000000000e+02  7.336841700435e-04
    9700  4.850000000000e+02  6.693469533115e-04
    9750  4.875000000000e+02  6.197314134942e-04
    9800  4.900000000000e+02  5.844731390504e-04
    9850  4.925000000000e+02  5.629548422403e-04
    9900  4.950000000000e+02  5.533263558337e-04
    9950  4.975000000000e+02  5.528420097468e-04
   10000  5.000000000000e+02  5.600944231169e-04
   10050  5.025000000000e+02  5.743102389837e-04
   10100  5.050000000000e+02  5.947476351915e-04
   10150  5.075000000000e+02  6.197310860531e-04
   10200  5.100000000000e+02  6.462244460219e-04
   10250  5.125000000000e+02  6.686449434325e-04
   10300  5.150000000000e+02  6.827399514813e-04
   10350  5.175000000000e+02  6.860107515636e-04
   10400  5.200000000000e+02  6.770728415310e-04
   10450  5.225000000000e+02  6.588688143216e-04
   10500  5.250000000000e+02  6.363629348502e-04
   10550  5.275000000000e+02  6.132175561124e-04
   10600  5.300000000000e+02  5.936683199416e-04
   10650  5.325000000000e+02  5.805828217875e-04
   10700  5.350000000000e+02  5.741587149769e-04
   10750  5.375000000000e+02  5.749411778204e-04
   10800  5.400000000000e+02  5.835962948217e-04
   10850  5.425000000000e+02  5.991006616261e-04
   10900  5.450000000000e+02  6.203245079725e-04
   10950  5.475000000000e+02  6.453123790209e-04
   11000  5.500000000000e+02  6.688511259462e-04
   11050  5.525000000000e+02  6.862553087736e-04
   11100  5.550000000000e+02  6.948163031614e-04
   11150  5.575000000000e+02  6.920460398315e-04
   11200  5.600000000000e+02  6.792816154441e-04
   11250  5.625000000000e+02  6.608438716073e-04
   11300  5.650000000000e+02  6.397927446300e-04
   11350  5.675000000000e+02  6.200361290665e-04
   11400  5.700000000000e+02  6.052627065336e-04
   11450  5.725000000000e+02  5.962320848459e-04
   11500  5.750000000000e+02  5.934909452244e-04
   11550  5.775000000000e+02  5.977193509892e-04
   11600  5.800000000000e+02  6.073016961513e-04
   11650  5.825000000000e+02  6.203731754436e-04
   11700  5.850000000000e+02  6.354234122697e-04
   11750  5.875000000000e+02  6.488648386501e-04
   11800  5.900000000000e+02  6.579690330745e-04
   11850  5.925000000000e+02  6.623002631443e-04
   11900  5.950000000000e+02  6.605753261471e-04
   11950  5.975000000000e+02  6.532807762532e-04
   12000  6.000000000000e+02  6.432672738433e-04
   12050  6.025000000000e+02  6.319412743940e-04
   12100  6.050000000000e+02  6.211768285488e-04
   12150  6.075000000000e+02  6.137180894486e-04
   12200  6.100000000000e+02  6.098651805596e-04
   12250  6.125000000000e+02  6.095301847973e-04
   12300  6.150000000000e+02  6.133722151884e-04
   12350  6.175000000000e+02  6.199662455701e-04
   12400  6.200000000000e+02  6.276150588483e-04
   12450  6.225000000000e+02  6.358621276732e-04
   12500  6.250000000000e+02  6.424956312348e-04
   12550  6.275000000000e+02  6.454794633396e-04
   12600  6.300000000000e+02  6.450069820414e-04
   12650  6.325000000000e+02  6.403669517878e-04
   12700  6.350000000000e+02  6.318563194793e-04
   12750  6.375000000000e+02  6.222713948715e-04
   12800  6.400000000000e+02  6.130892180436e-04
   12850  6.425000000000e+02  6.055465769570e-04
   12900  6.450000000000e+02  6.019115014528e-04
   12950  6.475000000000e+02  6.023731544792e-04
   13000  6.500000000000e+02  6.063105861495e-04
   13050  6.525000000000e+02  6.140848549218e-04
   13100  6.550000000000e+02  6.240857821648e-04
   13150  6.575000000000e+02  6.336989834326e-04
   13200  6.600000000000e+02  6.417458397670e-04
   13250  6.625000000000e+02  6.458101624624e-04
   13300  6.650000000000e+02  6.438244463914e-04
   13350  6.675000000000e+02  6.369262078012e-04
   13400  6.700000000000e+02  6.260732358452e-04
   13450  6.725000000000e+02  6.125910957859e-04
   13500  6.750000000000e+02  5.997980682394e-04
   13550  6.775000000000e+02  5.893399314262e-04
   13600  6.800000000000e+02  5.817266579189e-04
   13650  6.825000000000e+02  5.784045988127e-04
   13700  6.850000000000e+02  5.792829094024e-04
   13750  6.875000000000e+02  5.832628212756e-04
   13800  6.900000000000e+02  5.904662843737e-04
   13850  6.925000000000e+02  5.997799440200e-04
   13900  6.950000000000e+02  6.090587686377e-04
   13950  6.975000000000e+02  6.177981267979e-04
   14000  7.000000000000e+02  6.246567442810e-04
