################################################################################
# HEADER
# nspin         1
#%
# nik       217
#  st         1      26
# ust         1      26
# Iter             t            #  iter t Nex(t)  
################################################################################
       0  0.000000000000e+00  2.922662112326e-14
      50  7.500000000000e-01  1.096794060435e-08
     100  1.500000000000e+00  2.198261480485e-08
     150  2.250000000000e+00  3.349698114719e-08
     200  3.000000000000e+00  4.726878548300e-08
     250  3.750000000000e+00  6.736534455959e-08
     300  4.500000000000e+00  1.010102670673e-07
     350  5.250000000000e+00  1.595651324265e-07
     400  6.000000000000e+00  2.589031579056e-07
     450  6.750000000000e+00  4.201767800360e-07
     500  7.500000000000e+00  6.706752098198e-07
     550  8.250000000000e+00  1.045715692503e-06
     600  9.000000000000e+00  1.587815117429e-06
     650  9.750000000000e+00  2.349512088919e-06
     700  1.050000000000e+01  3.394214901725e-06
     750  1.125000000000e+01  4.795009123537e-06
     800  1.200000000000e+01  6.636537253378e-06
     850  1.275000000000e+01  9.011346312288e-06
     900  1.350000000000e+01  1.202374043409e-05
     950  1.425000000000e+01  1.578115525434e-05
    1000  1.500000000000e+01  2.039398078928e-05
    1050  1.575000000000e+01  2.598238507222e-05
    1100  1.650000000000e+01  3.266677923214e-05
    1150  1.725000000000e+01  4.056916550016e-05
    1200  1.800000000000e+01  4.980633973582e-05
    1250  1.875000000000e+01  6.049972472899e-05
    1300  1.950000000000e+01  7.275524971197e-05
    1350  2.025000000000e+01  8.667842616074e-05
    1400  2.100000000000e+01  1.023520318496e-04
    1450  2.175000000000e+01  1.198405214722e-04
    1500  2.250000000000e+01  1.391954615353e-04
    1550  2.325000000000e+01  1.604322596984e-04
    1600  2.400000000000e+01  1.835487521224e-04
    1650  2.475000000000e+01  2.084847789660e-04
    1700  2.550000000000e+01  2.351770144137e-04
    1750  2.625000000000e+01  2.634997575266e-04
    1800  2.700000000000e+01  2.933121825394e-04
    1850  2.775000000000e+01  3.244004487714e-04
    1900  2.850000000000e+01  3.565353702306e-04
    1950  2.925000000000e+01  3.894449316541e-04
    2000  3.000000000000e+01  4.228146001081e-04
    2050  3.075000000000e+01  4.563111239561e-04
    2100  3.150000000000e+01  4.895373822130e-04
    2150  3.225000000000e+01  5.220942786668e-04
    2200  3.300000000000e+01  5.535367905810e-04
    2250  3.375000000000e+01  5.834092525120e-04
    2300  3.450000000000e+01  6.112429792427e-04
    2350  3.525000000000e+01  6.365572245437e-04
    2400  3.600000000000e+01  6.588741577792e-04
    2450  3.675000000000e+01  6.777329365462e-04
    2500  3.750000000000e+01  6.926809812501e-04
    2550  3.825000000000e+01  7.033047521621e-04
    2600  3.900000000000e+01  7.092350799222e-04
    2650  3.975000000000e+01  7.101627233856e-04
    2700  4.050000000000e+01  7.058123385750e-04
    2750  4.125000000000e+01  6.960023345828e-04
    2800  4.200000000000e+01  6.806424519848e-04
    2850  4.275000000000e+01  6.597221558070e-04
    2900  4.350000000000e+01  6.333526374640e-04
    2950  4.425000000000e+01  6.017653841823e-04
    3000  4.500000000000e+01  5.653107986350e-04
    3050  4.575000000000e+01  5.244952667154e-04
    3100  4.650000000000e+01  4.799598203369e-04
    3150  4.725000000000e+01  4.324953324286e-04
    3200  4.800000000000e+01  3.830603438302e-04
    3250  4.875000000000e+01  3.327690342024e-04
    3300  4.950000000000e+01  2.828839074279e-04
    3350  5.025000000000e+01  2.348434381741e-04
    3400  5.100000000000e+01  1.902300778962e-04
    3450  5.175000000000e+01  1.507794606798e-04
    3500  5.250000000000e+01  1.183675628197e-04
    3550  5.325000000000e+01  9.500081628301e-05
    3600  5.400000000000e+01  8.279956936148e-05
    3650  5.475000000000e+01  8.398123835249e-05
    3700  5.550000000000e+01  1.008449583325e-04
    3750  5.625000000000e+01  1.357498420421e-04
    3800  5.700000000000e+01  1.910944960342e-04
    3850  5.775000000000e+01  2.692798267446e-04
    3900  5.850000000000e+01  3.727049225092e-04
    3950  5.925000000000e+01  5.037265754576e-04
    4000  6.000000000000e+01  6.646046233229e-04
    4050  6.075000000000e+01  8.575058999853e-04
    4100  6.150000000000e+01  1.084465896170e-03
    4150  6.225000000000e+01  1.347354697156e-03
    4200  6.300000000000e+01  1.647795454646e-03
    4250  6.375000000000e+01  1.987208532085e-03
    4300  6.450000000000e+01  2.366749156381e-03
    4350  6.525000000000e+01  2.787223366726e-03
    4400  6.600000000000e+01  3.249097636017e-03
    4450  6.675000000000e+01  3.752534777306e-03
    4500  6.750000000000e+01  4.297214087771e-03
    4550  6.825000000000e+01  4.882494089814e-03
    4600  6.900000000000e+01  5.507252851477e-03
    4650  6.975000000000e+01  6.169899004585e-03
    4700  7.050000000000e+01  6.868429964546e-03
    4750  7.125000000000e+01  7.600274779745e-03
    4800  7.200000000000e+01  8.362521709081e-03
    4850  7.275000000000e+01  9.151626541595e-03
    4900  7.350000000000e+01  9.963740990892e-03
    4950  7.425000000000e+01  1.079440145424e-02
    5000  7.500000000000e+01  1.163879800329e-02
    5050  7.575000000000e+01  1.249175717170e-02
    5100  7.650000000000e+01  1.334756838199e-02
    5150  7.725000000000e+01  1.420034102529e-02
    5200  7.800000000000e+01  1.504385055896e-02
    5250  7.875000000000e+01  1.587153566458e-02
    5300  7.950000000000e+01  1.667674824008e-02
    5350  8.025000000000e+01  1.745259520141e-02
    5400  8.100000000000e+01  1.819219127276e-02
    5450  8.175000000000e+01  1.888868583398e-02
    5500  8.250000000000e+01  1.953506765581e-02
    5550  8.325000000000e+01  2.012477005552e-02
    5600  8.400000000000e+01  2.065131800719e-02
    5650  8.475000000000e+01  2.110842227938e-02
    5700  8.550000000000e+01  2.149036693163e-02
    5750  8.625000000000e+01  2.179176499130e-02
    5800  8.700000000000e+01  2.200779334102e-02
    5850  8.775000000000e+01  2.213417053304e-02
    5900  8.850000000000e+01  2.216758203751e-02
    5950  8.925000000000e+01  2.210507718188e-02
    6000  9.000000000000e+01  2.194483348694e-02
    6050  9.075000000000e+01  2.168577737718e-02
    6100  9.150000000000e+01  2.132781532578e-02
    6150  9.225000000000e+01  2.087192753478e-02
    6200  9.300000000000e+01  2.032004859860e-02
    6250  9.375000000000e+01  1.967525786221e-02
    6300  9.450000000000e+01  1.894169444087e-02
    6350  9.525000000000e+01  1.812464787752e-02
    6400  9.600000000000e+01  1.723057474419e-02
    6450  9.675000000000e+01  1.626704790230e-02
    6500  9.750000000000e+01  1.524262862761e-02
    6550  9.825000000000e+01  1.416720930879e-02
    6600  9.900000000000e+01  1.305147960955e-02
    6650  9.975000000000e+01  1.190728418948e-02
    6700  1.005000000000e+02  1.074722804067e-02
    6750  1.012500000000e+02  9.584860522290e-03
    6800  1.020000000000e+02  8.434478354254e-03
    6850  1.027500000000e+02  7.311042828729e-03
    6900  1.035000000000e+02  6.230007392364e-03
    6950  1.042500000000e+02  5.207310499966e-03
    7000  1.050000000000e+02  4.259128389492e-03
    7050  1.057500000000e+02  3.401794925537e-03
    7100  1.065000000000e+02  2.651657650737e-03
    7150  1.072500000000e+02  2.024906701701e-03
    7200  1.080000000000e+02  1.537411282942e-03
    7250  1.087500000000e+02  1.204573632662e-03
    7300  1.095000000000e+02  1.041146717495e-03
    7350  1.102500000000e+02  1.061071882842e-03
    7400  1.110000000000e+02  1.277315445236e-03
    7450  1.117500000000e+02  1.701697408432e-03
    7500  1.125000000000e+02  2.344721464345e-03
    7550  1.132500000000e+02  3.215462961346e-03
    7600  1.140000000000e+02  4.321368875085e-03
    7650  1.147500000000e+02  5.668101831351e-03
    7700  1.155000000000e+02  7.259603127871e-03
    7750  1.162500000000e+02  9.097685774856e-03
    7800  1.170000000000e+02  1.118220677269e-02
    7850  1.177500000000e+02  1.351083108067e-02
    7900  1.185000000000e+02  1.607915790601e-02
    7950  1.192500000000e+02  1.888018669444e-02
    8000  1.200000000000e+02  2.190515841193e-02
    8050  1.207500000000e+02  2.514278175012e-02
    8100  1.215000000000e+02  2.857959734994e-02
    8150  1.222500000000e+02  3.220005121550e-02
    8200  1.230000000000e+02  3.598631541430e-02
    8250  1.237500000000e+02  3.991861985168e-02
    8300  1.245000000000e+02  4.397529656788e-02
    8350  1.252500000000e+02  4.813294815547e-02
    8400  1.260000000000e+02  5.236649047503e-02
    8450  1.267500000000e+02  5.664958943461e-02
    8500  1.275000000000e+02  6.095448192129e-02
    8550  1.282500000000e+02  6.525244847845e-02
    8600  1.290000000000e+02  6.951396148782e-02
    8650  1.297500000000e+02  7.370906413499e-02
    8700  1.305000000000e+02  7.780722945517e-02
    8750  1.312500000000e+02  8.177786930077e-02
    8800  1.320000000000e+02  8.559093235861e-02
    8850  1.327500000000e+02  8.921632065925e-02
    8900  1.335000000000e+02  9.262481364255e-02
    8950  1.342500000000e+02  9.578856717300e-02
    9000  1.350000000000e+02  9.868043287939e-02
    9050  1.357500000000e+02  1.012750641779e-01
    9100  1.365000000000e+02  1.035489790244e-01
    9150  1.372500000000e+02  1.054802703042e-01
    9200  1.380000000000e+02  1.070494145035e-01
    9250  1.387500000000e+02  1.082395023170e-01
    9300  1.395000000000e+02  1.090360522160e-01
    9350  1.402500000000e+02  1.094274923771e-01
    9400  1.410000000000e+02  1.094052551612e-01
    9450  1.417500000000e+02  1.089638556618e-01
    9500  1.425000000000e+02  1.081011855591e-01
    9550  1.432500000000e+02  1.068182976765e-01
    9600  1.440000000000e+02  1.051201448410e-01
    9650  1.447500000000e+02  1.030147448324e-01
    9700  1.455000000000e+02  1.005139287205e-01
    9750  1.462500000000e+02  9.763307067021e-02
    9800  1.470000000000e+02  9.439099933961e-02
    9850  1.477500000000e+02  9.081028787726e-02
    9900  1.485000000000e+02  8.691663552412e-02
    9950  1.492500000000e+02  8.273918466642e-02
   10000  1.500000000000e+02  7.831008689347e-02
   10050  1.507500000000e+02  7.366471432326e-02
   10100  1.515000000000e+02  6.884112461933e-02
   10150  1.522500000000e+02  6.387983973846e-02
   10200  1.530000000000e+02  5.882373920710e-02
   10250  1.537500000000e+02  5.371764636469e-02
   10300  1.545000000000e+02  4.860816448634e-02
   10350  1.552500000000e+02  4.354324010482e-02
   10400  1.560000000000e+02  3.857168399279e-02
   10450  1.567500000000e+02  3.374295197712e-02
   10500  1.575000000000e+02  2.910672621300e-02
   10550  1.582500000000e+02  2.471237341262e-02
   10600  1.590000000000e+02  2.060868713499e-02
   10650  1.597500000000e+02  1.684334106205e-02
   10700  1.605000000000e+02  1.346233937054e-02
   10750  1.612500000000e+02  1.050983959469e-02
   10800  1.620000000000e+02  8.027407417609e-03
   10850  1.627500000000e+02  6.053800983570e-03
   10900  1.635000000000e+02  4.624360547289e-03
   10950  1.642500000000e+02  3.770756342217e-03
   11000  1.650000000000e+02  3.520485752926e-03
   11050  1.657500000000e+02  3.896599582201e-03
   11100  1.665000000000e+02  4.917316294872e-03
   11150  1.672500000000e+02  6.595717898367e-03
   11200  1.680000000000e+02  8.939668217860e-03
   11250  1.687500000000e+02  1.195137619266e-02
   11300  1.695000000000e+02  1.562744835061e-02
   11350  1.702500000000e+02  1.995877003624e-02
   11400  1.710000000000e+02  2.493040808336e-02
   11450  1.717500000000e+02  3.052167894595e-02
   11500  1.725000000000e+02  3.670630240390e-02
   11550  1.732500000000e+02  4.345251352954e-02
   11600  1.740000000000e+02  5.072316708795e-02
   11650  1.747500000000e+02  5.847632656600e-02
   11700  1.755000000000e+02  6.666516241057e-02
   11750  1.762500000000e+02  7.523858897506e-02
   11800  1.770000000000e+02  8.414137141431e-02
   11850  1.777500000000e+02  9.331519472842e-02
   11900  1.785000000000e+02  1.026984407493e-01
   11950  1.792500000000e+02  1.122270311236e-01
   12000  1.800000000000e+02  1.218351535151e-01
   12050  1.807500000000e+02  1.314549876628e-01
   12100  1.815000000000e+02  1.410184217293e-01
   12150  1.822500000000e+02  1.504565338660e-01
   12200  1.830000000000e+02  1.597009053608e-01
   12250  1.837500000000e+02  1.686836540773e-01
   12300  1.845000000000e+02  1.773384817584e-01
   12350  1.852500000000e+02  1.856005735040e-01
   12400  1.860000000000e+02  1.934076880256e-01
   12450  1.867500000000e+02  2.007004653505e-01
   12500  1.875000000000e+02  2.074225972375e-01
   12550  1.882500000000e+02  2.135215845700e-01
   12600  1.890000000000e+02  2.189492649917e-01
   12650  1.897500000000e+02  2.236616448060e-01
   12700  1.905000000000e+02  2.276200277507e-01
   12750  1.912500000000e+02  2.307906425155e-01
   12800  1.920000000000e+02  2.331455042366e-01
   12850  1.927500000000e+02  2.346624666521e-01
   12900  1.935000000000e+02  2.353252449826e-01
   12950  1.942500000000e+02  2.351239149960e-01
   13000  1.950000000000e+02  2.340545256994e-01
   13050  1.957500000000e+02  2.321203764862e-01
   13100  1.965000000000e+02  2.293302754655e-01
   13150  1.972500000000e+02  2.257003502053e-01
   13200  1.980000000000e+02  2.212528049843e-01
   13250  1.987500000000e+02  2.160163790704e-01
   13300  1.995000000000e+02  2.100263055003e-01
   13350  2.002500000000e+02  2.033236855541e-01
   13400  2.010000000000e+02  1.959556964899e-01
   13450  2.017500000000e+02  1.879756058823e-01
   13500  2.025000000000e+02  1.794414479554e-01
   13550  2.032500000000e+02  1.704167843544e-01
   13600  2.040000000000e+02  1.609698666294e-01
   13650  2.047500000000e+02  1.511731469898e-01
   13700  2.055000000000e+02  1.411028176118e-01
   13750  2.062500000000e+02  1.308387004518e-01
   13800  2.070000000000e+02  1.204630418991e-01
   13850  2.077500000000e+02  1.100606625271e-01
   13900  2.085000000000e+02  9.971773160442e-02
   13950  2.092500000000e+02  8.952153959686e-02
   14000  2.100000000000e+02  7.955936125895e-02
   14050  2.107500000000e+02  6.991830917449e-02
   14100  2.115000000000e+02  6.068418382657e-02
   14150  2.122500000000e+02  5.194078403426e-02
   14200  2.130000000000e+02  4.376924672262e-02
   14250  2.137500000000e+02  3.624736383571e-02
   14300  2.145000000000e+02  2.944848536832e-02
   14350  2.152500000000e+02  2.344116784929e-02
   14400  2.160000000000e+02  1.828825553676e-02
   14450  2.167500000000e+02  1.404611328257e-02
   14500  2.175000000000e+02  1.076422459779e-02
   14550  2.182500000000e+02  8.484456722372e-03
   14600  2.190000000000e+02  7.240554768272e-03
   14650  2.197500000000e+02  7.057675881005e-03
   14700  2.205000000000e+02  7.952090796353e-03
   14750  2.212500000000e+02  9.930906606659e-03
   14800  2.220000000000e+02  1.299172969910e-02
   14850  2.227500000000e+02  1.712285833423e-02
   14900  2.235000000000e+02  2.230313532507e-02
   14950  2.242500000000e+02  2.850218495887e-02
   15000  2.250000000000e+02  3.568067684336e-02
   15050  2.257500000000e+02  4.379068344912e-02
   15100  2.265000000000e+02  5.277596450164e-02
   15150  2.272500000000e+02  6.257298543967e-02
   15200  2.280000000000e+02  7.311094008556e-02
   15250  2.287500000000e+02  8.431275118217e-02
   15300  2.295000000000e+02  9.609606465722e-02
   15350  2.302500000000e+02  1.083734924410e-01
   15400  2.310000000000e+02  1.210538542138e-01
   15450  2.317500000000e+02  1.340427433078e-01
   15500  2.325000000000e+02  1.472437464681e-01
   15550  2.332500000000e+02  1.605587927243e-01
   15600  2.340000000000e+02  1.738893265683e-01
   15650  2.347500000000e+02  1.871370861489e-01
   15700  2.355000000000e+02  2.002048835857e-01
   15750  2.362500000000e+02  2.129968789142e-01
   15800  2.370000000000e+02  2.254200439017e-01
   15850  2.377500000000e+02  2.373841427766e-01
   15900  2.385000000000e+02  2.488027038328e-01
   15950  2.392500000000e+02  2.595935658617e-01
   16000  2.400000000000e+02  2.696791455767e-01
   16050  2.407500000000e+02  2.789870162552e-01
   16100  2.415000000000e+02  2.874507797587e-01
   16150  2.422500000000e+02  2.950094759537e-01
   16200  2.430000000000e+02  3.016087885475e-01
   16250  2.437500000000e+02  3.072013449693e-01
   16300  2.445000000000e+02  3.117466443526e-01
   16350  2.452500000000e+02  3.152113333841e-01
   16400  2.460000000000e+02  3.175697776264e-01
   16450  2.467500000000e+02  3.188037774531e-01
   16500  2.475000000000e+02  3.189032518997e-01
   16550  2.482500000000e+02  3.178657481767e-01
   16600  2.490000000000e+02  3.156971796598e-01
   16650  2.497500000000e+02  3.124107700887e-01
   16700  2.505000000000e+02  3.080284716616e-01
   16750  2.512500000000e+02  3.025794452092e-01
   16800  2.520000000000e+02  2.961008325829e-01
   16850  2.527500000000e+02  2.886371322525e-01
   16900  2.535000000000e+02  2.802401060121e-01
   16950  2.542500000000e+02  2.709685200570e-01
   17000  2.550000000000e+02  2.608879695868e-01
   17050  2.557500000000e+02  2.500699197491e-01
   17100  2.565000000000e+02  2.385918754091e-01
   17150  2.572500000000e+02  2.265366114961e-01
   17200  2.580000000000e+02  2.139913565946e-01
   17250  2.587500000000e+02  2.010485829630e-01
   17300  2.595000000000e+02  1.878032840265e-01
   17350  2.602500000000e+02  1.743544073430e-01
   17400  2.610000000000e+02  1.608032593206e-01
   17450  2.617500000000e+02  1.472523666767e-01
   17500  2.625000000000e+02  1.338056026022e-01
   17550  2.632500000000e+02  1.205671096069e-01
   17600  2.640000000000e+02  1.076403572025e-01
   17650  2.647500000000e+02  9.512728901371e-02
   17700  2.655000000000e+02  8.312760776678e-02
   17750  2.662500000000e+02  7.173820017409e-02
   17800  2.670000000000e+02  6.105134495029e-02
   17850  2.677500000000e+02  5.115476167235e-02
   17900  2.685000000000e+02  4.213036426836e-02
   17950  2.692500000000e+02  3.405339090222e-02
   18000  2.700000000000e+02  2.699175440535e-02
   18050  2.707500000000e+02  2.100514531663e-02
   18100  2.715000000000e+02  1.614463605864e-02
   18150  2.722500000000e+02  1.245196928155e-02
   18200  2.730000000000e+02  9.959031072919e-03
   18250  2.737500000000e+02  8.687653158547e-03
   18300  2.745000000000e+02  8.649277648973e-03
   18350  2.752500000000e+02  9.844885732486e-03
   18400  2.760000000000e+02  1.226499150617e-02
   18450  2.767500000000e+02  1.588971531460e-02
   18500  2.775000000000e+02  2.068916420013e-02
   18550  2.782500000000e+02  2.662372597876e-02
   18600  2.790000000000e+02  3.364455085463e-02
   18650  2.797500000000e+02  4.169402200856e-02
   18700  2.805000000000e+02  5.070657941543e-02
   18750  2.812500000000e+02  6.060922042412e-02
   18800  2.820000000000e+02  7.132239183005e-02
   18850  2.827500000000e+02  8.276088443473e-02
   18900  2.835000000000e+02  9.483441736551e-02
   18950  2.842500000000e+02  1.074487244344e-01
   19000  2.850000000000e+02  1.205062387389e-01
   19050  2.857500000000e+02  1.339069374859e-01
   19100  2.865000000000e+02  1.475495455111e-01
   19150  2.872500000000e+02  1.613313148104e-01
   19200  2.880000000000e+02  1.751505766431e-01
   19250  2.887500000000e+02  1.889056188956e-01
   19300  2.895000000000e+02  2.024968478511e-01
   19350  2.902500000000e+02  2.158266526370e-01
   19400  2.910000000000e+02  2.288002295817e-01
   19450  2.917500000000e+02  2.413266001137e-01
   19500  2.925000000000e+02  2.533190397125e-01
   19550  2.932500000000e+02  2.646952166679e-01
   19600  2.940000000000e+02  2.753786316475e-01
   19650  2.947500000000e+02  2.852978311486e-01
   19700  2.955000000000e+02  2.943881665202e-01
   19750  2.962500000000e+02  3.025908388824e-01
   19800  2.970000000000e+02  3.098546428714e-01
   19850  2.977500000000e+02  3.161346820515e-01
   19900  2.985000000000e+02  3.213938498241e-01
   19950  2.992500000000e+02  3.256018692187e-01
   20000  3.000000000000e+02  3.287369587368e-01
   20050  3.007500000000e+02  3.307839771474e-01
   20100  3.015000000000e+02  3.317360438003e-01
   20150  3.022500000000e+02  3.315933695420e-01
   20200  3.030000000000e+02  3.303639569042e-01
   20250  3.037500000000e+02  3.280631603572e-01
   20300  3.045000000000e+02  3.247131877234e-01
   20350  3.052500000000e+02  3.203434199382e-01
   20400  3.060000000000e+02  3.149896069365e-01
   20450  3.067500000000e+02  3.086943496932e-01
   20500  3.075000000000e+02  3.015055979905e-01
   20550  3.082500000000e+02  2.934769001728e-01
   20600  3.090000000000e+02  2.846668901973e-01
   20650  3.097500000000e+02  2.751390873755e-01
   20700  3.105000000000e+02  2.649607526875e-01
   20750  3.112500000000e+02  2.542028357457e-01
   20800  3.120000000000e+02  2.429392087359e-01
   20850  3.127500000000e+02  2.312465995586e-01
   20900  3.135000000000e+02  2.192032145472e-01
   20950  3.142500000000e+02  2.068888392810e-01
   21000  3.150000000000e+02  1.943840136812e-01
   21050  3.157500000000e+02  1.817693635398e-01
   21100  3.165000000000e+02  1.691256007499e-01
   21150  3.172500000000e+02  1.565319737109e-01
   21200  3.180000000000e+02  1.440665607077e-01
   21250  3.187500000000e+02  1.318052147657e-01
   21300  3.195000000000e+02  1.198210741658e-01
   21350  3.202500000000e+02  1.081843403348e-01
   21400  3.210000000000e+02  9.696134622908e-02
   21450  3.217500000000e+02  8.621415566875e-02
   21500  3.225000000000e+02  7.599999325193e-02
   21550  3.232500000000e+02  6.637127260793e-02
   21600  3.240000000000e+02  5.737449072672e-02
   21650  3.247500000000e+02  4.905040076645e-02
   21700  3.255000000000e+02  4.143334398765e-02
   21750  3.262500000000e+02  3.455145435434e-02
   21800  3.270000000000e+02  2.842610359552e-02
   21850  3.277500000000e+02  2.307213006048e-02
   21900  3.285000000000e+02  1.849763493205e-02
   21950  3.292500000000e+02  1.470404653142e-02
   22000  3.300000000000e+02  1.168633642632e-02
   22050  3.307500000000e+02  9.433141365633e-03
   22100  3.315000000000e+02  7.927049270544e-03
   22150  3.322500000000e+02  7.144897587120e-03
   22200  3.330000000000e+02  7.058111312671e-03
   22250  3.337500000000e+02  7.633149451020e-03
   22300  3.345000000000e+02  8.831896721951e-03
   22350  3.352500000000e+02  1.061209597509e-02
   22400  3.360000000000e+02  1.292795565904e-02
   22450  3.367500000000e+02  1.573048733264e-02
   22500  3.375000000000e+02  1.896817144016e-02
   22550  3.382500000000e+02  2.258724895061e-02
   22600  3.390000000000e+02  2.653243479605e-02
   22650  3.397500000000e+02  3.074739529052e-02
   22700  3.405000000000e+02  3.517493578559e-02
   22750  3.412500000000e+02  3.975801023856e-02
   22800  3.420000000000e+02  4.443987866214e-02
   22850  3.427500000000e+02  4.916446145245e-02
   22900  3.435000000000e+02  5.387708199076e-02
   22950  3.442500000000e+02  5.852476413933e-02
   23000  3.450000000000e+02  6.305667991469e-02
   23050  3.457500000000e+02  6.742484119279e-02
   23100  3.465000000000e+02  7.158387932271e-02
   23150  3.472500000000e+02  7.549191010612e-02
   23200  3.480000000000e+02  7.911086625982e-02
   23250  3.487500000000e+02  8.240637606025e-02
   23300  3.495000000000e+02  8.534834109220e-02
   23350  3.502500000000e+02  8.791103181587e-02
   23400  3.510000000000e+02  9.007340341466e-02
   23450  3.517500000000e+02  9.181878453912e-02
   23500  3.525000000000e+02  9.313522100558e-02
   23550  3.532500000000e+02  9.401528547994e-02
   23600  3.540000000000e+02  9.445635347455e-02
   23650  3.547500000000e+02  9.445999124664e-02
   23700  3.555000000000e+02  9.403212075049e-02
   23750  3.562500000000e+02  9.318274814803e-02
   23800  3.570000000000e+02  9.192580705569e-02
   23850  3.577500000000e+02  9.027892834749e-02
   23900  3.585000000000e+02  8.826295985082e-02
   23950  3.592500000000e+02  8.590189829891e-02
   24000  3.600000000000e+02  8.322251377879e-02
   24050  3.607500000000e+02  8.025393657642e-02
   24100  3.615000000000e+02  7.702752407838e-02
   24150  3.622500000000e+02  7.357615988487e-02
   24200  3.630000000000e+02  6.993423513199e-02
   24250  3.637500000000e+02  6.613696412988e-02
   24300  3.645000000000e+02  6.222030103561e-02
   24350  3.652500000000e+02  5.822046226545e-02
   24400  3.660000000000e+02  5.417348224724e-02
   24450  3.667500000000e+02  5.011511477134e-02
   24500  3.675000000000e+02  4.608029724831e-02
   24550  3.682500000000e+02  4.210292138730e-02
   24600  3.690000000000e+02  3.821572067111e-02
   24650  3.697500000000e+02  3.444982190632e-02
   24700  3.705000000000e+02  3.083442858937e-02
   24750  3.712500000000e+02  2.739685356454e-02
   24800  3.720000000000e+02  2.416226751392e-02
   24850  3.727500000000e+02  2.115326343092e-02
   24900  3.735000000000e+02  1.839003133248e-02
   24950  3.742500000000e+02  1.589017427878e-02
   25000  3.750000000000e+02  1.366844891791e-02
   25050  3.757500000000e+02  1.173693976109e-02
   25100  3.765000000000e+02  1.010494824277e-02
   25150  3.772500000000e+02  8.778955438770e-03
   25200  3.780000000000e+02  7.762794603987e-03
   25250  3.787500000000e+02  7.057634450039e-03
   25300  3.795000000000e+02  6.662126853259e-03
   25350  3.802500000000e+02  6.572516537027e-03
   25400  3.810000000000e+02  6.782781185983e-03
   25450  3.817500000000e+02  7.284796147943e-03
   25500  3.825000000000e+02  8.068467128935e-03
   25550  3.832500000000e+02  9.121988253394e-03
   25600  3.840000000000e+02  1.043188272718e-02
   25650  3.847500000000e+02  1.198334982635e-02
   25700  3.855000000000e+02  1.376023611252e-02
   25750  3.862500000000e+02  1.574537480341e-02
   25800  3.870000000000e+02  1.792070903572e-02
   25850  3.877500000000e+02  2.026750595328e-02
   25900  3.885000000000e+02  2.276641857630e-02
   25950  3.892500000000e+02  2.539766747864e-02
   26000  3.900000000000e+02  2.814136519699e-02
   26050  3.907500000000e+02  3.097744878820e-02
   26100  3.915000000000e+02  3.388579918194e-02
   26150  3.922500000000e+02  3.684665272134e-02
   26200  3.930000000000e+02  3.984035750595e-02
   26250  3.937500000000e+02  4.284761013396e-02
   26300  3.945000000000e+02  4.584955025663e-02
   26350  3.952500000000e+02  4.882801874882e-02
   26400  3.960000000000e+02  5.176535653512e-02
   26450  3.967500000000e+02  5.464460775611e-02
   26500  3.975000000000e+02  5.744968174693e-02
   26550  3.982500000000e+02  6.016519169854e-02
   26600  3.990000000000e+02  6.277690191425e-02
   26650  3.997500000000e+02  6.527141102740e-02
   26700  4.005000000000e+02  6.763633671110e-02
   26750  4.012500000000e+02  6.986041442416e-02
   26800  4.020000000000e+02  7.193352397485e-02
   26850  4.027500000000e+02  7.384665815678e-02
   26900  4.035000000000e+02  7.559178668842e-02
   26950  4.042500000000e+02  7.716218584916e-02
   27000  4.050000000000e+02  7.855207760885e-02
   27050  4.057500000000e+02  7.975687500197e-02
   27100  4.065000000000e+02  8.077314569414e-02
   27150  4.072500000000e+02  8.159819314835e-02
   27200  4.080000000000e+02  8.223064383353e-02
   27250  4.087500000000e+02  8.266990288081e-02
   27300  4.095000000000e+02  8.291664771260e-02
   27350  4.102500000000e+02  8.297243028369e-02
   27400  4.110000000000e+02  8.283975010694e-02
   27450  4.117500000000e+02  8.252222859949e-02
   27500  4.125000000000e+02  8.202437742579e-02
   27550  4.132500000000e+02  8.135167352471e-02
   27600  4.140000000000e+02  8.051073087281e-02
   27650  4.147500000000e+02  7.950870612214e-02
   27700  4.155000000000e+02  7.835397380247e-02
   27750  4.162500000000e+02  7.705544739436e-02
   27800  4.170000000000e+02  7.562271326271e-02
   27850  4.177500000000e+02  7.406609992807e-02
   27900  4.185000000000e+02  7.239627194866e-02
   27950  4.192500000000e+02  7.062457321680e-02
   28000  4.200000000000e+02  6.876250224325e-02
   28050  4.207500000000e+02  6.682182423673e-02
   28100  4.215000000000e+02  6.481455591043e-02
   28150  4.222500000000e+02  6.275263194455e-02
   28200  4.230000000000e+02  6.064803050301e-02
   28250  4.237500000000e+02  5.851252286830e-02
   28300  4.245000000000e+02  5.635771181739e-02
   28350  4.252500000000e+02  5.419468630606e-02
   28400  4.260000000000e+02  5.203426263037e-02
   28450  4.267500000000e+02  4.988660346265e-02
   28500  4.275000000000e+02  4.776135949413e-02
   28550  4.282500000000e+02  4.566735556815e-02
   28600  4.290000000000e+02  4.361287846214e-02
   28650  4.297500000000e+02  4.160519522504e-02
   28700  4.305000000000e+02  3.965106810449e-02
   28750  4.312500000000e+02  3.775628518154e-02
   28800  4.320000000000e+02  3.592596443651e-02
   28850  4.327500000000e+02  3.416423090939e-02
   28900  4.335000000000e+02  3.247469857655e-02
   28950  4.342500000000e+02  3.085999630311e-02
   29000  4.350000000000e+02  2.932215062663e-02
   29050  4.357500000000e+02  2.786250104791e-02
   29100  4.365000000000e+02  2.648177517207e-02
   29150  4.372500000000e+02  2.517992781819e-02
   29200  4.380000000000e+02  2.395658961853e-02
   29250  4.387500000000e+02  2.281073844672e-02
   29300  4.395000000000e+02  2.174100267775e-02
   29350  4.402500000000e+02  2.074551047205e-02
   29400  4.410000000000e+02  1.982218911478e-02
   29450  4.417500000000e+02  1.896856426524e-02
   29500  4.425000000000e+02  1.818205200369e-02
   29550  4.432500000000e+02  1.745988184339e-02
   29600  4.440000000000e+02  1.679906792550e-02
   29650  4.447500000000e+02  1.619668986489e-02
   29700  4.455000000000e+02  1.564976146439e-02
   29750  4.462500000000e+02  1.515519500832e-02
   29800  4.470000000000e+02  1.470999380515e-02
   29850  4.477500000000e+02  1.431123555949e-02
   29900  4.485000000000e+02  1.395604690621e-02
   29950  4.492500000000e+02  1.364166114685e-02
   30000  4.500000000000e+02  1.336532313392e-02
   30050  4.507500000000e+02  1.312443259899e-02
   30100  4.515000000000e+02  1.291649122622e-02
   30150  4.522500000000e+02  1.273903389108e-02
   30200  4.530000000000e+02  1.258980726116e-02
   30250  4.537500000000e+02  1.246645301600e-02
   30300  4.545000000000e+02  1.236694873466e-02
   30350  4.552500000000e+02  1.228919121933e-02
   30400  4.560000000000e+02  1.223110758550e-02
   30450  4.567500000000e+02  1.219085564180e-02
   30500  4.575000000000e+02  1.216648598401e-02
   30550  4.582500000000e+02  1.215623699165e-02
   30600  4.590000000000e+02  1.215837813213e-02
   30650  4.597500000000e+02  1.217115861639e-02
   30700  4.605000000000e+02  1.219297448711e-02
   30750  4.612500000000e+02  1.222226100858e-02
   30800  4.620000000000e+02  1.225753634344e-02
   30850  4.627500000000e+02  1.229740419069e-02
   30900  4.635000000000e+02  1.234046674968e-02
   30950  4.642500000000e+02  1.238551984677e-02
   31000  4.650000000000e+02  1.243143147758e-02
   31050  4.657500000000e+02  1.247717866987e-02
   31100  4.665000000000e+02  1.252184412554e-02
   31150  4.672500000000e+02  1.256463210561e-02
   31200  4.680000000000e+02  1.260484876950e-02
   31250  4.687500000000e+02  1.264187610682e-02
   31300  4.695000000000e+02  1.267521547004e-02
   31350  4.702500000000e+02  1.270447953860e-02
   31400  4.710000000000e+02  1.272933090917e-02
   31450  4.717500000000e+02  1.274949136682e-02
   31500  4.725000000000e+02  1.276479449053e-02
   31550  4.732500000000e+02  1.277511623176e-02
   31600  4.740000000000e+02  1.278031405905e-02
   31650  4.747500000000e+02  1.278039125723e-02
   31700  4.755000000000e+02  1.277534189154e-02
   31750  4.762500000000e+02  1.276523284695e-02
   31800  4.770000000000e+02  1.275008001406e-02
   31850  4.777500000000e+02  1.273001333697e-02
   31900  4.785000000000e+02  1.270508639944e-02
   31950  4.792500000000e+02  1.267544818839e-02
   32000  4.800000000000e+02  1.264116729619e-02
   32050  4.807500000000e+02  1.260242382971e-02
   32100  4.815000000000e+02  1.255931857514e-02
   32150  4.822500000000e+02  1.251195819997e-02
   32200  4.830000000000e+02  1.246054735360e-02
   32250  4.837500000000e+02  1.240511971729e-02
   32300  4.845000000000e+02  1.234584530052e-02
   32350  4.852500000000e+02  1.228289909140e-02
   32400  4.860000000000e+02  1.221643186837e-02
   32450  4.867500000000e+02  1.214662873699e-02
   32500  4.875000000000e+02  1.207370764356e-02
   32550  4.882500000000e+02  1.199790842268e-02
   32600  4.890000000000e+02  1.191939329488e-02
   32650  4.897500000000e+02  1.183841667203e-02
   32700  4.905000000000e+02  1.175523586657e-02
   32750  4.912500000000e+02  1.167008808974e-02
   32800  4.920000000000e+02  1.158320081102e-02
   32850  4.927500000000e+02  1.149482432701e-02
   32900  4.935000000000e+02  1.140514000814e-02
   32950  4.942500000000e+02  1.131439187031e-02
   33000  4.950000000000e+02  1.122276119860e-02
   33050  4.957500000000e+02  1.113048490284e-02
   33100  4.965000000000e+02  1.103769010601e-02
   33150  4.972500000000e+02  1.094459725978e-02
   33200  4.980000000000e+02  1.085132114709e-02
   33250  4.987500000000e+02  1.075808248753e-02
   33300  4.995000000000e+02  1.066496083133e-02
   33350  5.002500000000e+02  1.057207987603e-02
   33400  5.010000000000e+02  1.047894320022e-02
   33450  5.017500000000e+02  1.038449727635e-02
   33500  5.025000000000e+02  1.028814102913e-02
   33550  5.032500000000e+02  1.018954309052e-02
   33600  5.040000000000e+02  1.008848250224e-02
   33650  5.047500000000e+02  9.984785662656e-03
   33700  5.055000000000e+02  9.878326526803e-03
   33750  5.062500000000e+02  9.769059246394e-03
   33800  5.070000000000e+02  9.656951052016e-03
   33850  5.077500000000e+02  9.541970127035e-03
   33900  5.085000000000e+02  9.424188396737e-03
   33950  5.092500000000e+02  9.303707786507e-03
   34000  5.100000000000e+02  9.180636800964e-03
   34050  5.107500000000e+02  9.055137985743e-03
   34100  5.115000000000e+02  8.927392892811e-03
   34150  5.122500000000e+02  8.797638405826e-03
   34200  5.130000000000e+02  8.666142015567e-03
   34250  5.137500000000e+02  8.533215876938e-03
   34300  5.145000000000e+02  8.399195295847e-03
   34350  5.152500000000e+02  8.264391874250e-03
   34400  5.160000000000e+02  8.129113635142e-03
   34450  5.167500000000e+02  7.993666836934e-03
   34500  5.175000000000e+02  7.858358654912e-03
   34550  5.182500000000e+02  7.723530105605e-03
   34600  5.190000000000e+02  7.589537791318e-03
   34650  5.197500000000e+02  7.456737934171e-03
   34700  5.205000000000e+02  7.325482428701e-03
   34750  5.212500000000e+02  7.196134969772e-03
   34800  5.220000000000e+02  7.069048885586e-03
   34850  5.227500000000e+02  6.944546837862e-03
   34900  5.235000000000e+02  6.822930518280e-03
   34950  5.242500000000e+02  6.704489094916e-03
   35000  5.250000000000e+02  6.589472530049e-03
   35050  5.257500000000e+02  6.478106778256e-03
   35100  5.265000000000e+02  6.370594706963e-03
   35150  5.272500000000e+02  6.267094159146e-03
   35200  5.280000000000e+02  6.167725411472e-03
   35250  5.287500000000e+02  6.072579735676e-03
   35300  5.295000000000e+02  5.981711448638e-03
   35350  5.302500000000e+02  5.895142398643e-03
   35400  5.310000000000e+02  5.812864872105e-03
   35450  5.317500000000e+02  5.734848836935e-03
   35500  5.325000000000e+02  5.661038864687e-03
   35550  5.332500000000e+02  5.591342851656e-03
   35600  5.340000000000e+02  5.525646737263e-03
   35650  5.347500000000e+02  5.463813033636e-03
   35700  5.355000000000e+02  5.405684778522e-03
   35750  5.362500000000e+02  5.351092918854e-03
   35800  5.370000000000e+02  5.299853308828e-03
   35850  5.377500000000e+02  5.251771133924e-03
   35900  5.385000000000e+02  5.206647417546e-03
   35950  5.392500000000e+02  5.164284702276e-03
   36000  5.400000000000e+02  5.124495743739e-03
   36050  5.407500000000e+02  5.087099286690e-03
   36100  5.415000000000e+02  5.051921667644e-03
   36150  5.422500000000e+02  5.018796453488e-03
   36200  5.430000000000e+02  4.987561669013e-03
   36250  5.437500000000e+02  4.958066471099e-03
   36300  5.445000000000e+02  4.930170840858e-03
   36350  5.452500000000e+02  4.903745730756e-03
   36400  5.460000000000e+02  4.878675420498e-03
   36450  5.467500000000e+02  4.854857197440e-03
   36500  5.475000000000e+02  4.832202421279e-03
   36550  5.482500000000e+02  4.810640054771e-03
   36600  5.490000000000e+02  4.790116893154e-03
   36650  5.497500000000e+02  4.770599159264e-03
   36700  5.505000000000e+02  4.752072411911e-03
   36750  5.512500000000e+02  4.734538570480e-03
   36800  5.520000000000e+02  4.718020874250e-03
   36850  5.527500000000e+02  4.702561960860e-03
   36900  5.535000000000e+02  4.688220696019e-03
   36950  5.542500000000e+02  4.675072204910e-03
   37000  5.550000000000e+02  4.663201742573e-03
   37050  5.557500000000e+02  4.652705437261e-03
   37100  5.565000000000e+02  4.643685827034e-03
   37150  5.572500000000e+02  4.636248398781e-03
   37200  5.580000000000e+02  4.630499652525e-03
   37250  5.587500000000e+02  4.626544855336e-03
   37300  5.595000000000e+02  4.624487333741e-03
   37350  5.602500000000e+02  4.624426972844e-03
   37400  5.610000000000e+02  4.626459059152e-03
   37450  5.617500000000e+02  4.630673889498e-03
   37500  5.625000000000e+02  4.637156795812e-03
   37550  5.632500000000e+02  4.645988926604e-03
   37600  5.640000000000e+02  4.657247855721e-03
   37650  5.647500000000e+02  4.671008896996e-03
   37700  5.655000000000e+02  4.687345518246e-03
   37750  5.662500000000e+02  4.706330302937e-03
   37800  5.670000000000e+02  4.728037314225e-03
   37850  5.677500000000e+02  4.752541437994e-03
   37900  5.685000000000e+02  4.779918169764e-03
   37950  5.692500000000e+02  4.810245347709e-03
   38000  5.700000000000e+02  4.843598252566e-03
   38050  5.707500000000e+02  4.880050794447e-03
   38100  5.715000000000e+02  4.919668999954e-03
   38150  5.722500000000e+02  4.962506330354e-03
   38200  5.730000000000e+02  5.008609017353e-03
   38250  5.737500000000e+02  5.057999105894e-03
   38300  5.745000000000e+02  5.110671773834e-03
   38350  5.752500000000e+02  5.166591305152e-03
   38400  5.760000000000e+02  5.225688287916e-03
   38450  5.767500000000e+02  5.287857381137e-03
   38500  5.775000000000e+02  5.352949247150e-03
   38550  5.782500000000e+02  5.420774198979e-03
   38600  5.790000000000e+02  5.491107961519e-03
   38650  5.797500000000e+02  5.563679394505e-03
   38700  5.805000000000e+02  5.638185311522e-03
   38750  5.812500000000e+02  5.714291192652e-03
   38800  5.820000000000e+02  5.791628999340e-03
   38850  5.827500000000e+02  5.869816208141e-03
   38900  5.835000000000e+02  5.948463052546e-03
   38950  5.842500000000e+02  6.027180234747e-03
   39000  5.850000000000e+02  6.105592881522e-03
   39050  5.857500000000e+02  6.183345706040e-03
   39100  5.865000000000e+02  6.260115103467e-03
   39150  5.872500000000e+02  6.335622202458e-03
   39200  5.880000000000e+02  6.409635635821e-03
   39250  5.887500000000e+02  6.481984832634e-03
   39300  5.895000000000e+02  6.552551323813e-03
   39350  5.902500000000e+02  6.621281250067e-03
   39400  5.910000000000e+02  6.688186074857e-03
   39450  5.917500000000e+02  6.753329492480e-03
   39500  5.925000000000e+02  6.816826244030e-03
   39550  5.932500000000e+02  6.878841946015e-03
   39600  5.940000000000e+02  6.939580953967e-03
   39650  5.947500000000e+02  6.999280432001e-03
   39700  5.955000000000e+02  7.058202171950e-03
   39750  5.962500000000e+02  7.116634475982e-03
   39800  5.970000000000e+02  7.174876662774e-03
   39850  5.977500000000e+02  7.233242405595e-03
   39900  5.985000000000e+02  7.292063785715e-03
   39950  5.992500000000e+02  7.351686399310e-03
   40000  6.000000000000e+02  7.412458200581e-03
