################################################################################
# HEADER
# nspin         1
#%
# nik       217
#  st         1      26
# ust         1      26
# Iter             t            #  iter t Nex(t)  
################################################################################
       0  0.000000000000e+00  2.922662112326e-14
      50  7.500000000000e-01  1.096999516920e-08
     100  1.500000000000e+00  2.211315355133e-08
     150  2.250000000000e+00  3.522266697059e-08
     200  3.000000000000e+00  5.727195415139e-08
     250  3.750000000000e+00  1.042809937360e-07
     300  4.500000000000e+00  2.051075889895e-07
     350  5.250000000000e+00  4.052098849933e-07
     400  6.000000000000e+00  7.673031955507e-07
     450  6.750000000000e+00  1.376645001862e-06
     500  7.500000000000e+00  2.341008209152e-06
     550  8.250000000000e+00  3.802121184018e-06
     600  9.000000000000e+00  5.928106582953e-06
     650  9.750000000000e+00  8.931069052545e-06
     700  1.050000000000e+01  1.306157970464e-05
     750  1.125000000000e+01  1.861260085667e-05
     800  1.200000000000e+01  2.592262665245e-05
     850  1.275000000000e+01  3.536118049707e-05
     900  1.350000000000e+01  4.734207419228e-05
     950  1.425000000000e+01  6.229240995679e-05
    1000  1.500000000000e+01  8.066877237672e-05
    1050  1.575000000000e+01  1.029343550484e-04
    1100  1.650000000000e+01  1.295736099740e-04
    1150  1.725000000000e+01  1.610647525984e-04
    1200  1.800000000000e+01  1.978966196420e-04
    1250  1.875000000000e+01  2.405369961019e-04
    1300  1.950000000000e+01  2.894270196270e-04
    1350  2.025000000000e+01  3.449511499113e-04
    1400  2.100000000000e+01  4.074633654797e-04
    1450  2.175000000000e+01  4.772320268840e-04
    1500  2.250000000000e+01  5.544293863368e-04
    1550  2.325000000000e+01  6.391591539775e-04
    1600  2.400000000000e+01  7.313493667494e-04
    1650  2.475000000000e+01  8.308456942493e-04
    1700  2.550000000000e+01  9.373302078485e-04
    1750  2.625000000000e+01  1.050340320080e-03
    1800  2.700000000000e+01  1.169212645944e-03
    1850  2.775000000000e+01  1.293197113267e-03
    1900  2.850000000000e+01  1.421343034521e-03
    1950  2.925000000000e+01  1.552569967052e-03
    2000  3.000000000000e+01  1.685625624205e-03
    2050  3.075000000000e+01  1.819128421246e-03
    2100  3.150000000000e+01  1.951555743298e-03
    2150  3.225000000000e+01  2.081281995597e-03
    2200  3.300000000000e+01  2.206527870235e-03
    2250  3.375000000000e+01  2.325481880997e-03
    2300  3.450000000000e+01  2.436253444208e-03
    2350  3.525000000000e+01  2.536948234593e-03
    2400  3.600000000000e+01  2.625660617688e-03
    2450  3.675000000000e+01  2.700519147913e-03
    2500  3.750000000000e+01  2.759750278628e-03
    2550  3.825000000000e+01  2.801717754236e-03
    2600  3.900000000000e+01  2.824940354436e-03
    2650  3.975000000000e+01  2.828158893905e-03
    2700  4.050000000000e+01  2.810316338577e-03
    2750  4.125000000000e+01  2.770698713346e-03
    2800  4.200000000000e+01  2.708909240968e-03
    2850  4.275000000000e+01  2.624957162945e-03
    2900  4.350000000000e+01  2.519293635505e-03
    2950  4.425000000000e+01  2.392820135622e-03
    3000  4.500000000000e+01  2.247016205169e-03
    3050  4.575000000000e+01  2.083858496317e-03
    3100  4.650000000000e+01  1.905921110286e-03
    3150  4.725000000000e+01  1.716423897845e-03
    3200  4.800000000000e+01  1.519158294849e-03
    3250  4.875000000000e+01  1.318575875600e-03
    3300  4.950000000000e+01  1.119792741803e-03
    3350  5.025000000000e+01  9.285154442607e-04
    3400  5.100000000000e+01  7.511109567901e-04
    3450  5.175000000000e+01  5.945207133314e-04
    3500  5.250000000000e+01  4.662589499920e-04
    3550  5.325000000000e+01  3.743444283853e-04
    3600  5.400000000000e+01  3.272651743851e-04
    3650  5.475000000000e+01  3.338959010768e-04
    3700  5.550000000000e+01  4.034320939552e-04
    3750  5.625000000000e+01  5.453161754829e-04
    3800  5.700000000000e+01  7.691224779966e-04
    3850  5.775000000000e+01  1.084492591606e-03
    3900  5.850000000000e+01  1.500958561380e-03
    3950  5.925000000000e+01  2.027926729357e-03
    4000  6.000000000000e+01  2.674456337072e-03
    4050  6.075000000000e+01  3.449203847943e-03
    4100  6.150000000000e+01  4.360240266334e-03
    4150  6.225000000000e+01  5.414919099285e-03
    4200  6.300000000000e+01  6.619817198669e-03
    4250  6.375000000000e+01  7.980479380472e-03
    4300  6.450000000000e+01  9.501340049110e-03
    4350  6.525000000000e+01  1.118553626338e-02
    4400  6.600000000000e+01  1.303493944464e-02
    4450  6.675000000000e+01  1.504989008210e-02
    4500  6.750000000000e+01  1.722917826766e-02
    4550  6.825000000000e+01  1.956987945237e-02
    4600  6.900000000000e+01  2.206730776527e-02
    4650  6.975000000000e+01  2.471505391717e-02
    4700  7.050000000000e+01  2.750460610472e-02
    4750  7.125000000000e+01  3.042580308302e-02
    4800  7.200000000000e+01  3.346651454387e-02
    4850  7.275000000000e+01  3.661257308712e-02
    4900  7.350000000000e+01  3.984803991434e-02
    4950  7.425000000000e+01  4.315523271742e-02
    5000  7.500000000000e+01  4.651471301668e-02
    5050  7.575000000000e+01  4.990531988584e-02
    5100  7.650000000000e+01  5.330453255455e-02
    5150  7.725000000000e+01  5.668844160454e-02
    5200  7.800000000000e+01  6.003212054730e-02
    5250  7.875000000000e+01  6.330952149410e-02
    5300  7.950000000000e+01  6.649391705184e-02
    5350  8.025000000000e+01  6.955814444688e-02
    5400  8.100000000000e+01  7.247475351877e-02
    5450  8.175000000000e+01  7.521624787286e-02
    5500  8.250000000000e+01  7.775563556533e-02
    5550  8.325000000000e+01  8.006650984195e-02
    5600  8.400000000000e+01  8.212337318834e-02
    5650  8.475000000000e+01  8.390187410542e-02
    5700  8.550000000000e+01  8.537934375173e-02
    5750  8.625000000000e+01  8.653481871212e-02
    5800  8.700000000000e+01  8.734973424019e-02
    5850  8.775000000000e+01  8.780784577155e-02
    5900  8.850000000000e+01  8.789551025140e-02
    5950  8.925000000000e+01  8.760237022647e-02
    6000  9.000000000000e+01  8.692115606531e-02
    6050  9.075000000000e+01  8.584840809737e-02
    6100  9.150000000000e+01  8.438416973172e-02
    6150  9.225000000000e+01  8.253260774555e-02
    6200  9.300000000000e+01  8.030192479846e-02
    6250  9.375000000000e+01  7.770472359447e-02
    6300  9.450000000000e+01  7.475806934496e-02
    6350  9.525000000000e+01  7.148311006145e-02
    6400  9.600000000000e+01  6.790589860291e-02
    6450  9.675000000000e+01  6.405675857831e-02
    6500  9.750000000000e+01  5.997051017032e-02
    6550  9.825000000000e+01  5.568607523473e-02
    6600  9.900000000000e+01  5.124683996913e-02
    6650  9.975000000000e+01  4.669966426012e-02
    6700  1.005000000000e+02  4.209542265814e-02
    6750  1.012500000000e+02  3.748817704166e-02
    6800  1.020000000000e+02  3.293514616040e-02
    6850  1.027500000000e+02  2.849605412618e-02
    6900  1.035000000000e+02  2.423281243221e-02
    6950  1.042500000000e+02  2.020895205756e-02
    7000  1.050000000000e+02  1.648917492482e-02
    7050  1.057500000000e+02  1.313856200133e-02
    7100  1.065000000000e+02  1.022218148232e-02
    7150  1.072500000000e+02  7.804272943211e-03
    7200  1.080000000000e+02  5.947652426058e-03
    7250  1.087500000000e+02  4.712987030152e-03
    7300  1.095000000000e+02  4.158054817727e-03
    7350  1.102500000000e+02  4.337033839502e-03
    7400  1.110000000000e+02  5.299788586929e-03
    7450  1.117500000000e+02  7.091167576682e-03
    7500  1.125000000000e+02  9.750199773859e-03
    7550  1.132500000000e+02  1.330963806952e-02
    7600  1.140000000000e+02  1.779511895684e-02
    7650  1.147500000000e+02  2.322480817893e-02
    7700  1.155000000000e+02  2.960878389928e-02
    7750  1.162500000000e+02  3.694864483143e-02
    7800  1.170000000000e+02  4.523719198959e-02
    7850  1.177500000000e+02  5.445831537982e-02
    7900  1.185000000000e+02  6.458670481649e-02
    7950  1.192500000000e+02  7.558762950669e-02
    8000  1.200000000000e+02  8.741761542736e-02
    8050  1.207500000000e+02  1.000239890715e-01
    8100  1.215000000000e+02  1.133453986707e-01
    8150  1.222500000000e+02  1.273120051413e-01
    8200  1.230000000000e+02  1.418463560538e-01
    8250  1.237500000000e+02  1.568637832216e-01
    8300  1.245000000000e+02  1.722724816262e-01
    8350  1.252500000000e+02  1.879753818782e-01
    8400  1.260000000000e+02  2.038699694908e-01
    8450  1.267500000000e+02  2.198499417231e-01
    8500  1.275000000000e+02  2.358051798119e-01
    8550  1.282500000000e+02  2.516238000392e-01
    8600  1.290000000000e+02  2.671919505109e-01
    8650  1.297500000000e+02  2.823956698111e-01
    8700  1.305000000000e+02  2.971214245598e-01
    8750  1.312500000000e+02  3.112567744618e-01
    8800  1.320000000000e+02  3.246922085403e-01
    8850  1.327500000000e+02  3.373212103059e-01
    8900  1.335000000000e+02  3.490411578869e-01
    8950  1.342500000000e+02  3.597548930368e-01
    9000  1.350000000000e+02  3.693708148917e-01
    9050  1.357500000000e+02  3.778038086521e-01
    9100  1.365000000000e+02  3.849762123299e-01
    9150  1.372500000000e+02  3.908183578519e-01
    9200  1.380000000000e+02  3.952692131620e-01
    9250  1.387500000000e+02  3.982770247921e-01
    9300  1.395000000000e+02  3.997994563472e-01
    9350  1.402500000000e+02  3.998052394803e-01
    9400  1.410000000000e+02  3.982740984030e-01
    9450  1.417500000000e+02  3.951965402773e-01
    9500  1.425000000000e+02  3.905753761775e-01
    9550  1.432500000000e+02  3.844251228699e-01
    9600  1.440000000000e+02  3.767733198534e-01
    9650  1.447500000000e+02  3.676595699236e-01
    9700  1.455000000000e+02  3.571368708551e-01
    9750  1.462500000000e+02  3.452712596053e-01
    9800  1.470000000000e+02  3.321411090625e-01
    9850  1.477500000000e+02  3.178382693351e-01
    9900  1.485000000000e+02  3.024670788196e-01
    9950  1.492500000000e+02  2.861442487687e-01
   10000  1.500000000000e+02  2.689984598473e-01
   10050  1.507500000000e+02  2.511705792910e-01
   10100  1.515000000000e+02  2.328116860364e-01
   10150  1.522500000000e+02  2.140833181148e-01
   10200  1.530000000000e+02  1.951563615167e-01
   10250  1.537500000000e+02  1.762096458011e-01
   10300  1.545000000000e+02  1.574294331717e-01
   10350  1.552500000000e+02  1.390073413727e-01
   10400  1.560000000000e+02  1.211394567112e-01
   10450  1.567500000000e+02  1.040241901023e-01
   10500  1.575000000000e+02  8.786086543820e-02
   10550  1.582500000000e+02  7.284729845711e-02
   10600  1.590000000000e+02  5.917831248445e-02
   10650  1.597500000000e+02  4.704311186620e-02
   10700  1.605000000000e+02  3.662313079968e-02
   10750  1.612500000000e+02  2.808976314168e-02
   10800  1.620000000000e+02  2.160206745349e-02
   10850  1.627500000000e+02  1.730434348379e-02
   10900  1.635000000000e+02  1.532400447684e-02
   10950  1.642500000000e+02  1.576947702279e-02
   11000  1.650000000000e+02  1.872837336578e-02
   11050  1.657500000000e+02  2.426582011148e-02
   11100  1.665000000000e+02  3.242307930547e-02
   11150  1.672500000000e+02  4.321676188826e-02
   11200  1.680000000000e+02  5.663775830667e-02
   11250  1.687500000000e+02  7.265154910624e-02
   11300  1.695000000000e+02  9.119794940530e-02
   11350  1.702500000000e+02  1.121916231640e-01
   11400  1.710000000000e+02  1.355231179096e-01
   11450  1.717500000000e+02  1.610601675060e-01
   11500  1.725000000000e+02  1.886488210083e-01
   11550  1.732500000000e+02  2.181157921400e-01
   11600  1.740000000000e+02  2.492696697652e-01
   11650  1.747500000000e+02  2.819031346404e-01
   11700  1.755000000000e+02  3.157952590067e-01
   11750  1.762500000000e+02  3.507134666182e-01
   11800  1.770000000000e+02  3.864156262284e-01
   11850  1.777500000000e+02  4.226510849600e-01
   11900  1.785000000000e+02  4.591643564929e-01
   11950  1.792500000000e+02  4.956958154437e-01
   12000  1.800000000000e+02  5.319829227797e-01
   12050  1.807500000000e+02  5.677634009332e-01
   12100  1.815000000000e+02  6.027753131348e-01
   12150  1.822500000000e+02  6.367606568425e-01
   12200  1.830000000000e+02  6.694656415980e-01
   12250  1.837500000000e+02  7.006434399270e-01
   12300  1.845000000000e+02  7.300554618907e-01
   12350  1.852500000000e+02  7.574741451267e-01
   12400  1.860000000000e+02  7.826841036503e-01
   12450  1.867500000000e+02  8.054840947505e-01
   12500  1.875000000000e+02  8.256889906464e-01
   12550  1.882500000000e+02  8.431318200013e-01
   12600  1.890000000000e+02  8.576639433237e-01
   12650  1.897500000000e+02  8.691577369544e-01
   12700  1.905000000000e+02  8.775073721967e-01
   12750  1.912500000000e+02  8.826297128786e-01
   12800  1.920000000000e+02  8.844649282207e-01
   12850  1.927500000000e+02  8.829764897979e-01
   12900  1.935000000000e+02  8.781529129314e-01
   12950  1.942500000000e+02  8.700065045980e-01
   13000  1.950000000000e+02  8.585742602295e-01
   13050  1.957500000000e+02  8.439168685589e-01
   13100  1.965000000000e+02  8.261199311984e-01
   13150  1.972500000000e+02  8.052921478832e-01
   13200  1.980000000000e+02  7.815674899348e-01
   13250  1.987500000000e+02  7.551030472581e-01
   13300  1.995000000000e+02  7.260797861331e-01
   13350  2.002500000000e+02  6.947017380585e-01
   13400  2.010000000000e+02  6.611960714298e-01
   13450  2.017500000000e+02  6.258128923546e-01
   13500  2.025000000000e+02  5.888237083725e-01
   13550  2.032500000000e+02  5.505208864373e-01
   13600  2.040000000000e+02  5.112167567292e-01
   13650  2.047500000000e+02  4.712414456037e-01
   13700  2.055000000000e+02  4.309414608284e-01
   13750  2.062500000000e+02  3.906775122232e-01
   13800  2.070000000000e+02  3.508218063388e-01
   13850  2.077500000000e+02  3.117550843490e-01
   13900  2.085000000000e+02  2.738631960752e-01
   13950  2.092500000000e+02  2.375336084718e-01
   14000  2.100000000000e+02  2.031515330246e-01
   14050  2.107500000000e+02  1.710948977187e-01
   14100  2.115000000000e+02  1.417298385787e-01
   14150  2.122500000000e+02  1.154057536786e-01
   14200  2.130000000000e+02  9.244937333674e-02
   14250  2.137500000000e+02  7.315996835010e-02
   14300  2.145000000000e+02  5.780352172341e-02
   14350  2.152500000000e+02  4.660766659870e-02
   14400  2.160000000000e+02  3.975724506445e-02
   14450  2.167500000000e+02  3.739022887067e-02
   14500  2.175000000000e+02  3.959481788794e-02
   14550  2.182500000000e+02  4.640748488710e-02
   14600  2.190000000000e+02  5.781215641791e-02
   14650  2.197500000000e+02  7.374049235765e-02
   14700  2.205000000000e+02  9.407347624976e-02
   14750  2.212500000000e+02  1.186439660069e-01
   14800  2.220000000000e+02  1.472398911490e-01
   14850  2.227500000000e+02  1.796082022420e-01
   14900  2.235000000000e+02  2.154594522951e-01
   14950  2.242500000000e+02  2.544723587507e-01
   15000  2.250000000000e+02  2.962984423493e-01
   15050  2.257500000000e+02  3.405670958849e-01
   15100  2.265000000000e+02  3.868902930624e-01
   15150  2.272500000000e+02  4.348666136777e-01
   15200  2.280000000000e+02  4.840855393800e-01
   15250  2.287500000000e+02  5.341310842767e-01
   15300  2.295000000000e+02  5.845835440695e-01
   15350  2.302500000000e+02  6.350227531873e-01
   15400  2.310000000000e+02  6.850312079055e-01
   15450  2.317500000000e+02  7.341931163083e-01
   15500  2.325000000000e+02  7.821003166906e-01
   15550  2.332500000000e+02  8.283529502076e-01
   15600  2.340000000000e+02  8.725645272278e-01
   15650  2.347500000000e+02  9.143646256577e-01
   15700  2.355000000000e+02  9.534042866901e-01
   15750  2.362500000000e+02  9.893608057160e-01
   15800  2.370000000000e+02  1.021939834610e+00
   15850  2.377500000000e+02  1.050879398887e+00
   15900  2.385000000000e+02  1.075952400204e+00
   15950  2.392500000000e+02  1.096965144284e+00
   16000  2.400000000000e+02  1.113758776172e+00
   16050  2.407500000000e+02  1.126210103779e+00
   16100  2.415000000000e+02  1.134228049820e+00
   16150  2.422500000000e+02  1.137753730029e+00
   16200  2.430000000000e+02  1.136758542828e+00
   16250  2.437500000000e+02  1.131242316098e+00
   16300  2.445000000000e+02  1.121234083139e+00
   16350  2.452500000000e+02  1.106789935082e+00
   16400  2.460000000000e+02  1.087994462742e+00
   16450  2.467500000000e+02  1.064961139936e+00
   16500  2.475000000000e+02  1.037833662242e+00
   16550  2.482500000000e+02  1.006785950701e+00
   16600  2.490000000000e+02  9.720239100487e-01
   16650  2.497500000000e+02  9.337870689491e-01
   16700  2.505000000000e+02  8.923467152736e-01
   16750  2.512500000000e+02  8.480079220562e-01
   16800  2.520000000000e+02  8.011091551614e-01
   16850  2.527500000000e+02  7.520226457160e-01
   16900  2.535000000000e+02  7.011539393825e-01
   16950  2.542500000000e+02  6.489427516515e-01
   17000  2.550000000000e+02  5.958604014909e-01
   17050  2.557500000000e+02  5.424108847575e-01
   17100  2.565000000000e+02  4.891261311354e-01
   17150  2.572500000000e+02  4.365631606612e-01
   17200  2.580000000000e+02  3.852993434338e-01
   17250  2.587500000000e+02  3.359263941326e-01
   17300  2.595000000000e+02  2.890449284818e-01
   17350  2.602500000000e+02  2.452568691734e-01
   17400  2.610000000000e+02  2.051579874088e-01
   17450  2.617500000000e+02  1.693298667232e-01
   17500  2.625000000000e+02  1.383311751893e-01
   17550  2.632500000000e+02  1.126884361659e-01
   17600  2.640000000000e+02  9.288636231871e-02
   17650  2.647500000000e+02  7.935775282013e-02
   17700  2.655000000000e+02  7.247391960310e-02
   17750  2.662500000000e+02  7.253598959415e-02
   17800  2.670000000000e+02  7.976819339591e-02
   17850  2.677500000000e+02  9.431328097194e-02
   17900  2.685000000000e+02  1.162311943014e-01
   17950  2.692500000000e+02  1.454996486532e-01
   18000  2.700000000000e+02  1.820167144049e-01
   18050  2.707500000000e+02  2.256055801220e-01
   18100  2.715000000000e+02  2.760175147011e-01
   18150  2.722500000000e+02  3.329372491931e-01
   18200  2.730000000000e+02  3.959873184090e-01
   18250  2.737500000000e+02  4.647327341701e-01
   18300  2.745000000000e+02  5.386863709976e-01
   18350  2.752500000000e+02  6.173153513788e-01
   18400  2.760000000000e+02  7.000474053630e-01
   18450  2.767500000000e+02  7.862785872032e-01
   18500  2.775000000000e+02  8.753796004688e-01
   18550  2.782500000000e+02  9.667071590285e-01
   18600  2.790000000000e+02  1.059614377918e+00
   18650  2.797500000000e+02  1.153459161341e+00
   18700  2.805000000000e+02  1.247612400924e+00
   18750  2.812500000000e+02  1.341457605058e+00
   18800  2.820000000000e+02  1.434389560627e+00
   18850  2.827500000000e+02  1.525812266950e+00
   18900  2.835000000000e+02  1.615141887519e+00
   18950  2.842500000000e+02  1.701819447924e+00
   19000  2.850000000000e+02  1.785331912538e+00
   19050  2.857500000000e+02  1.865232171299e+00
   19100  2.865000000000e+02  1.941156816551e+00
   19150  2.872500000000e+02  2.012823721938e+00
   19200  2.880000000000e+02  2.080015577428e+00
   19250  2.887500000000e+02  2.142547145595e+00
   19300  2.895000000000e+02  2.200223300953e+00
   19350  2.902500000000e+02  2.252818461542e+00
   19400  2.910000000000e+02  2.300065777202e+00
   19450  2.917500000000e+02  2.341679512328e+00
   19500  2.925000000000e+02  2.377385298945e+00
   19550  2.932500000000e+02  2.406950562517e+00
   19600  2.940000000000e+02  2.430190176625e+00
   19650  2.947500000000e+02  2.446970171430e+00
   19700  2.955000000000e+02  2.457192716315e+00
   19750  2.962500000000e+02  2.460800968627e+00
   19800  2.970000000000e+02  2.457776177528e+00
   19850  2.977500000000e+02  2.448147129999e+00
   19900  2.985000000000e+02  2.431991777831e+00
   19950  2.992500000000e+02  2.409438172427e+00
   20000  3.000000000000e+02  2.380657688039e+00
   20050  3.007500000000e+02  2.345847816824e+00
   20100  3.015000000000e+02  2.305211490803e+00
   20150  3.022500000000e+02  2.258938056973e+00
   20200  3.030000000000e+02  2.207208531790e+00
   20250  3.037500000000e+02  2.150216641737e+00
   20300  3.045000000000e+02  2.088195215569e+00
   20350  3.052500000000e+02  2.021438090819e+00
   20400  3.060000000000e+02  1.950305748723e+00
   20450  3.067500000000e+02  1.875215900636e+00
   20500  3.075000000000e+02  1.796625714185e+00
   20550  3.082500000000e+02  1.715004365450e+00
   20600  3.090000000000e+02  1.630811530143e+00
   20650  3.097500000000e+02  1.544485615886e+00
   20700  3.105000000000e+02  1.456449166574e+00
   20750  3.112500000000e+02  1.367130725639e+00
   20800  3.120000000000e+02  1.276989046077e+00
   20850  3.127500000000e+02  1.186531438939e+00
   20900  3.135000000000e+02  1.096316319205e+00
   20950  3.142500000000e+02  1.006938613217e+00
   21000  3.150000000000e+02  9.190137150763e-01
   21050  3.157500000000e+02  8.331556529263e-01
   21100  3.165000000000e+02  7.499625500367e-01
   21150  3.172500000000e+02  6.700070360733e-01
   21200  3.180000000000e+02  5.938319648959e-01
   21250  3.187500000000e+02  5.219471606979e-01
   21300  3.195000000000e+02  4.548264333612e-01
   21350  3.202500000000e+02  3.929044448677e-01
   21400  3.210000000000e+02  3.365739127263e-01
   21450  3.217500000000e+02  2.861791179059e-01
   21500  3.225000000000e+02  2.420059942168e-01
   21550  3.232500000000e+02  2.042702991351e-01
   21600  3.240000000000e+02  1.731057943410e-01
   21650  3.247500000000e+02  1.485562906246e-01
   21700  3.255000000000e+02  1.305747000801e-01
   21750  3.262500000000e+02  1.190282944165e-01
   21800  3.270000000000e+02  1.137096162969e-01
   21850  3.277500000000e+02  1.143500717189e-01
   21900  3.285000000000e+02  1.206337851524e-01
   21950  3.292500000000e+02  1.322077200586e-01
   22000  3.300000000000e+02  1.486852979655e-01
   22050  3.307500000000e+02  1.696459697403e-01
   22100  3.315000000000e+02  1.946333868347e-01
   22150  3.322500000000e+02  2.231594668124e-01
   22200  3.330000000000e+02  2.547143067949e-01
   22250  3.337500000000e+02  2.887763702785e-01
   22300  3.345000000000e+02  3.248198754579e-01
   22350  3.352500000000e+02  3.623124295077e-01
   22400  3.360000000000e+02  4.007094062707e-01
   22450  3.367500000000e+02  4.394571596311e-01
   22500  3.375000000000e+02  4.780023759098e-01
   22550  3.382500000000e+02  5.158150526804e-01
   22600  3.390000000000e+02  5.524058011235e-01
   22650  3.397500000000e+02  5.873378683390e-01
   22700  3.405000000000e+02  6.202324041740e-01
   22750  3.412500000000e+02  6.507725324250e-01
   22800  3.420000000000e+02  6.787057281781e-01
   22850  3.427500000000e+02  7.038433357681e-01
   22900  3.435000000000e+02  7.260465750133e-01
   22950  3.442500000000e+02  7.452045067432e-01
   23000  3.450000000000e+02  7.612157022363e-01
   23050  3.457500000000e+02  7.739851031719e-01
   23100  3.465000000000e+02  7.834339124562e-01
   23150  3.472500000000e+02  7.895041506498e-01
   23200  3.480000000000e+02  7.921525892542e-01
   23250  3.487500000000e+02  7.913437459562e-01
   23300  3.495000000000e+02  7.870490836749e-01
   23350  3.502500000000e+02  7.792710232239e-01
   23400  3.510000000000e+02  7.680643698282e-01
   23450  3.517500000000e+02  7.535435857487e-01
   23500  3.525000000000e+02  7.358714819881e-01
   23550  3.532500000000e+02  7.152437418701e-01
   23600  3.540000000000e+02  6.918817292474e-01
   23650  3.547500000000e+02  6.660305638997e-01
   23700  3.555000000000e+02  6.379531582356e-01
   23750  3.562500000000e+02  6.079189776119e-01
   23800  3.570000000000e+02  5.761933609612e-01
   23850  3.577500000000e+02  5.430351212780e-01
   23900  3.585000000000e+02  5.087112348010e-01
   23950  3.592500000000e+02  4.735201157803e-01
   24000  3.600000000000e+02  4.378081830949e-01
   24050  3.607500000000e+02  4.019719433896e-01
   24100  3.615000000000e+02  3.664444381532e-01
   24150  3.622500000000e+02  3.316779482288e-01
   24200  3.630000000000e+02  2.981320312234e-01
   24250  3.637500000000e+02  2.662678313188e-01
   24300  3.645000000000e+02  2.365418988879e-01
   24350  3.652500000000e+02  2.093986164347e-01
   24400  3.660000000000e+02  1.852623978764e-01
   24450  3.667500000000e+02  1.645309506884e-01
   24500  3.675000000000e+02  1.475733909721e-01
   24550  3.682500000000e+02  1.347303330798e-01
   24600  3.690000000000e+02  1.263141609365e-01
   24650  3.697500000000e+02  1.226086501744e-01
   24700  3.705000000000e+02  1.238654361355e-01
   24750  3.712500000000e+02  1.302959564173e-01
   24800  3.720000000000e+02  1.420596382766e-01
   24850  3.727500000000e+02  1.592537312014e-01
   24900  3.735000000000e+02  1.819064039746e-01
   24950  3.742500000000e+02  2.099776754604e-01
   25000  3.750000000000e+02  2.433641013028e-01
   25050  3.757500000000e+02  2.819073012858e-01
   25100  3.765000000000e+02  3.253991173689e-01
   25150  3.772500000000e+02  3.735787372806e-01
   25200  3.780000000000e+02  4.261245612059e-01
   25250  3.787500000000e+02  4.826450852680e-01
   25300  3.795000000000e+02  5.426803429613e-01
   25350  3.802500000000e+02  6.057217530494e-01
   25400  3.810000000000e+02  6.712421839241e-01
   25450  3.817500000000e+02  7.387152335802e-01
   25500  3.825000000000e+02  8.076284501310e-01
   25550  3.832500000000e+02  8.774803161739e-01
   25600  3.840000000000e+02  9.477846093728e-01
   25650  3.847500000000e+02  1.018074528079e+00
   25700  3.855000000000e+02  1.087913706546e+00
   25750  3.862500000000e+02  1.156894428812e+00
   25800  3.870000000000e+02  1.224632681985e+00
   25850  3.877500000000e+02  1.290753261956e+00
   25900  3.885000000000e+02  1.354871205697e+00
   25950  3.892500000000e+02  1.416584426198e+00
   26000  3.900000000000e+02  1.475483968398e+00
   26050  3.907500000000e+02  1.531179165355e+00
   26100  3.915000000000e+02  1.583321525594e+00
   26150  3.922500000000e+02  1.631636795934e+00
   26200  3.930000000000e+02  1.675970078003e+00
   26250  3.937500000000e+02  1.716308793806e+00
   26300  3.945000000000e+02  1.752767700348e+00
   26350  3.952500000000e+02  1.785504786774e+00
   26400  3.960000000000e+02  1.814628383032e+00
   26450  3.967500000000e+02  1.840133155953e+00
   26500  3.975000000000e+02  1.861895930604e+00
   26550  3.982500000000e+02  1.879739625707e+00
   26600  3.990000000000e+02  1.893526346546e+00
   26650  3.997500000000e+02  1.903214346523e+00
   26700  4.005000000000e+02  1.908846042355e+00
   26750  4.012500000000e+02  1.910490020189e+00
   26800  4.020000000000e+02  1.908188749473e+00
   26850  4.027500000000e+02  1.901941210332e+00
   26900  4.035000000000e+02  1.891710532401e+00
   26950  4.042500000000e+02  1.877449276255e+00
   27000  4.050000000000e+02  1.859135309815e+00
   27050  4.057500000000e+02  1.836813339960e+00
   27100  4.065000000000e+02  1.810621311008e+00
   27150  4.072500000000e+02  1.780777613116e+00
   27200  4.080000000000e+02  1.747522377046e+00
   27250  4.087500000000e+02  1.711055907688e+00
   27300  4.095000000000e+02  1.671501258782e+00
   27350  4.102500000000e+02  1.628919920012e+00
   27400  4.110000000000e+02  1.583361266406e+00
   27450  4.117500000000e+02  1.534911271438e+00
   27500  4.125000000000e+02  1.483715287816e+00
   27550  4.132500000000e+02  1.429976314408e+00
   27600  4.140000000000e+02  1.373928041127e+00
   27650  4.147500000000e+02  1.315816463710e+00
   27700  4.155000000000e+02  1.255892649509e+00
   27750  4.162500000000e+02  1.194429398798e+00
   27800  4.170000000000e+02  1.131723238600e+00
   27850  4.177500000000e+02  1.068092126674e+00
   27900  4.185000000000e+02  1.003870124214e+00
   27950  4.192500000000e+02  9.394110350771e-01
   28000  4.200000000000e+02  8.750991406658e-01
   28050  4.207500000000e+02  8.113537031640e-01
   28100  4.215000000000e+02  7.486168399616e-01
   28150  4.222500000000e+02  6.873290326284e-01
   28200  4.230000000000e+02  6.278965786732e-01
   28250  4.237500000000e+02  5.706683009952e-01
   28300  4.245000000000e+02  5.159429666272e-01
   28350  4.252500000000e+02  4.639955855406e-01
   28400  4.260000000000e+02  4.151035819503e-01
   28450  4.267500000000e+02  3.695442447509e-01
   28500  4.275000000000e+02  3.275812504582e-01
   28550  4.282500000000e+02  2.894434602570e-01
   28600  4.290000000000e+02  2.553066749393e-01
   28650  4.297500000000e+02  2.252838153782e-01
   28700  4.305000000000e+02  1.994254762678e-01
   28750  4.312500000000e+02  1.777274624435e-01
   28800  4.320000000000e+02  1.601434636948e-01
   28850  4.327500000000e+02  1.465963765936e-01
   28900  4.335000000000e+02  1.369830788819e-01
   28950  4.342500000000e+02  1.311737414730e-01
   29000  4.350000000000e+02  1.290104194202e-01
   29050  4.357500000000e+02  1.303069374345e-01
   29100  4.365000000000e+02  1.348496028811e-01
   29150  4.372500000000e+02  1.424017842961e-01
   29200  4.380000000000e+02  1.527127539948e-01
   29250  4.387500000000e+02  1.655269548913e-01
   29300  4.395000000000e+02  1.805909524952e-01
   29350  4.402500000000e+02  1.976590759803e-01
   29400  4.410000000000e+02  2.164969252488e-01
   29450  4.417500000000e+02  2.368786335807e-01
   29500  4.425000000000e+02  2.585713163375e-01
   29550  4.432500000000e+02  2.813197820355e-01
   29600  4.440000000000e+02  3.048462865233e-01
   29650  4.447500000000e+02  3.288664675376e-01
   29700  4.455000000000e+02  3.530999346721e-01
   29750  4.462500000000e+02  3.772804302150e-01
   29800  4.470000000000e+02  4.011656423163e-01
   29850  4.477500000000e+02  4.245434797497e-01
   29900  4.485000000000e+02  4.472281381075e-01
   29950  4.492500000000e+02  4.690460678675e-01
   30000  4.500000000000e+02  4.898261193151e-01
   30050  4.507500000000e+02  5.094069915745e-01
   30100  4.515000000000e+02  5.276546165076e-01
   30150  4.522500000000e+02  5.444615927733e-01
   30200  4.530000000000e+02  5.597303809364e-01
   30250  4.537500000000e+02  5.733671124426e-01
   30300  4.545000000000e+02  5.852940092628e-01
   30350  4.552500000000e+02  5.954487346291e-01
   30400  4.560000000000e+02  6.037736875331e-01
   30450  4.567500000000e+02  6.102297040590e-01
   30500  4.575000000000e+02  6.148268775903e-01
   30550  4.582500000000e+02  6.176331176002e-01
   30600  4.590000000000e+02  6.187436352781e-01
   30650  4.597500000000e+02  6.182400240801e-01
   30700  4.605000000000e+02  6.161629721315e-01
   30750  4.612500000000e+02  6.125170161431e-01
   30800  4.620000000000e+02  6.072967120487e-01
   30850  4.627500000000e+02  6.005041519443e-01
   30900  4.635000000000e+02  5.921474083138e-01
   30950  4.642500000000e+02  5.822398250166e-01
   31000  4.650000000000e+02  5.708086599378e-01
   31050  4.657500000000e+02  5.578999425833e-01
   31100  4.665000000000e+02  5.435780828331e-01
   31150  4.672500000000e+02  5.279379326482e-01
   31200  4.680000000000e+02  5.111119361492e-01
   31250  4.687500000000e+02  4.932632609104e-01
   31300  4.695000000000e+02  4.745608380732e-01
   31350  4.702500000000e+02  4.551531330969e-01
   31400  4.710000000000e+02  4.351685190875e-01
   31450  4.717500000000e+02  4.147357204358e-01
   31500  4.725000000000e+02  3.939955254641e-01
   31550  4.732500000000e+02  3.730987238599e-01
   31600  4.740000000000e+02  3.522030726717e-01
   31650  4.747500000000e+02  3.314711480531e-01
   31700  4.755000000000e+02  3.110633101947e-01
   31750  4.762500000000e+02  2.911269696420e-01
   31800  4.770000000000e+02  2.717917154516e-01
   31850  4.777500000000e+02  2.531691464081e-01
   31900  4.785000000000e+02  2.353649477415e-01
   31950  4.792500000000e+02  2.184935484463e-01
   32000  4.800000000000e+02  2.026810544768e-01
   32050  4.807500000000e+02  1.880555510273e-01
   32100  4.815000000000e+02  1.747385580080e-01
   32150  4.822500000000e+02  1.628473733872e-01
   32200  4.830000000000e+02  1.524943988645e-01
   32250  4.837500000000e+02  1.437823266500e-01
   32300  4.845000000000e+02  1.368015527679e-01
   32350  4.852500000000e+02  1.316313741318e-01
   32400  4.860000000000e+02  1.283411458965e-01
   32450  4.867500000000e+02  1.269906866621e-01
   32500  4.875000000000e+02  1.276303491707e-01
   32550  4.882500000000e+02  1.303012557259e-01
   32600  4.890000000000e+02  1.350345742685e-01
   32650  4.897500000000e+02  1.418498812912e-01
   32700  4.905000000000e+02  1.507529012997e-01
   32750  4.912500000000e+02  1.617318107324e-01
   32800  4.920000000000e+02  1.747515989953e-01
   32850  4.927500000000e+02  1.897492999857e-01
   32900  4.935000000000e+02  2.066341925662e-01
   32950  4.942500000000e+02  2.252934926089e-01
   33000  4.950000000000e+02  2.455975683794e-01
   33050  4.957500000000e+02  2.674125626574e-01
   33100  4.965000000000e+02  2.906142010749e-01
   33150  4.972500000000e+02  3.150951308919e-01
   33200  4.980000000000e+02  3.407652106901e-01
   33250  4.987500000000e+02  3.675507745234e-01
   33300  4.995000000000e+02  3.953832824055e-01
   33350  5.002500000000e+02  4.241702234160e-01
   33400  5.010000000000e+02  4.537687433499e-01
   33450  5.017500000000e+02  4.840010495957e-01
   33500  5.025000000000e+02  5.147026099973e-01
   33550  5.032500000000e+02  5.457406786184e-01
   33600  5.040000000000e+02  5.770091558313e-01
   33650  5.047500000000e+02  6.084140248096e-01
   33700  5.055000000000e+02  6.398671144826e-01
   33750  5.062500000000e+02  6.712810298488e-01
   33800  5.070000000000e+02  7.025489890703e-01
   33850  5.077500000000e+02  7.335370328128e-01
   33900  5.085000000000e+02  7.641207782188e-01
   33950  5.092500000000e+02  7.942189487967e-01
   34000  5.100000000000e+02  8.237760816370e-01
   34050  5.107500000000e+02  8.527299569718e-01
   34100  5.115000000000e+02  8.810050264169e-01
   34150  5.122500000000e+02  9.085137528480e-01
   34200  5.130000000000e+02  9.351525106611e-01
   34250  5.137500000000e+02  9.608125270627e-01
   34300  5.145000000000e+02  9.853962678826e-01
   34350  5.152500000000e+02  1.008816560092e+00
   34400  5.160000000000e+02  1.030975610750e+00
   34450  5.167500000000e+02  1.051750382293e+00
   34500  5.175000000000e+02  1.071003396685e+00
   34550  5.182500000000e+02  1.088609280321e+00
   34600  5.190000000000e+02  1.104473587885e+00
   34650  5.197500000000e+02  1.118536612487e+00
   34700  5.205000000000e+02  1.130770549488e+00
   34750  5.212500000000e+02  1.141164740630e+00
   34800  5.220000000000e+02  1.149695385668e+00
   34850  5.227500000000e+02  1.156324016739e+00
   34900  5.235000000000e+02  1.161020169640e+00
   34950  5.242500000000e+02  1.163754179185e+00
   35000  5.250000000000e+02  1.164466025839e+00
   35050  5.257500000000e+02  1.163064847636e+00
   35100  5.265000000000e+02  1.159462612590e+00
   35150  5.272500000000e+02  1.153607989907e+00
   35200  5.280000000000e+02  1.145502840495e+00
   35250  5.287500000000e+02  1.135184717001e+00
   35300  5.295000000000e+02  1.122693803352e+00
   35350  5.302500000000e+02  1.108065938196e+00
   35400  5.310000000000e+02  1.091347246531e+00
   35450  5.317500000000e+02  1.072618638919e+00
   35500  5.325000000000e+02  1.052015269665e+00
   35550  5.332500000000e+02  1.029711831266e+00
   35600  5.340000000000e+02  1.005881965289e+00
   35650  5.347500000000e+02  9.806775895417e-01
   35700  5.355000000000e+02  9.542356993605e-01
   35750  5.362500000000e+02  9.266906649338e-01
   35800  5.370000000000e+02  8.981736369529e-01
   35850  5.377500000000e+02  8.687818307088e-01
   35900  5.385000000000e+02  8.385528982964e-01
   35950  5.392500000000e+02  8.075015009306e-01
   36000  5.400000000000e+02  7.756912868685e-01
   36050  5.407500000000e+02  7.432676846648e-01
   36100  5.415000000000e+02  7.104322484589e-01
   36150  5.422500000000e+02  6.774019923237e-01
   36200  5.430000000000e+02  6.443868540647e-01
   36250  5.437500000000e+02  6.115801513369e-01
   36300  5.445000000000e+02  5.791512280452e-01
   36350  5.452500000000e+02  5.472409252034e-01
   36400  5.460000000000e+02  5.159649592121e-01
   36450  5.467500000000e+02  4.854130433166e-01
   36500  5.475000000000e+02  4.556466004607e-01
   36550  5.482500000000e+02  4.267202640483e-01
   36600  5.490000000000e+02  3.987116531038e-01
   36650  5.497500000000e+02  3.717200678915e-01
   36700  5.505000000000e+02  3.458420370961e-01
   36750  5.512500000000e+02  3.211607249468e-01
   36800  5.520000000000e+02  2.977520927469e-01
   36850  5.527500000000e+02  2.756903309017e-01
   36900  5.535000000000e+02  2.550476856601e-01
   36950  5.542500000000e+02  2.358882661365e-01
   37000  5.550000000000e+02  2.182606286415e-01
   37050  5.557500000000e+02  2.022006467942e-01
   37100  5.565000000000e+02  1.877370831206e-01
   37150  5.572500000000e+02  1.748903251701e-01
   37200  5.580000000000e+02  1.636723968835e-01
   37250  5.587500000000e+02  1.540922550930e-01
   37300  5.595000000000e+02  1.461568987892e-01
   37350  5.602500000000e+02  1.398603530102e-01
   37400  5.610000000000e+02  1.351752910165e-01
   37450  5.617500000000e+02  1.320601033061e-01
   37500  5.625000000000e+02  1.304662195443e-01
   37550  5.632500000000e+02  1.303356842936e-01
   37600  5.640000000000e+02  1.316003593783e-01
   37650  5.647500000000e+02  1.341869943749e-01
   37700  5.655000000000e+02  1.380224984985e-01
   37750  5.662500000000e+02  1.430392776281e-01
   37800  5.670000000000e+02  1.491765047139e-01
   37850  5.677500000000e+02  1.563734870549e-01
   37900  5.685000000000e+02  1.645666865808e-01
   37950  5.692500000000e+02  1.736922639879e-01
   38000  5.700000000000e+02  1.836819715378e-01
   38050  5.707500000000e+02  1.944569565926e-01
   38100  5.715000000000e+02  2.059294397304e-01
   38150  5.722500000000e+02  2.180077104054e-01
   38200  5.730000000000e+02  2.306025304697e-01
   38250  5.737500000000e+02  2.436344022042e-01
   38300  5.745000000000e+02  2.570327089384e-01
   38350  5.752500000000e+02  2.707280965764e-01
   38400  5.760000000000e+02  2.846499204713e-01
   38450  5.767500000000e+02  2.987198845859e-01
   38500  5.775000000000e+02  3.128381873286e-01
   38550  5.782500000000e+02  3.268813489393e-01
   38600  5.790000000000e+02  3.407144492326e-01
   38650  5.797500000000e+02  3.542004596774e-01
   38700  5.805000000000e+02  3.672034098324e-01
   38750  5.812500000000e+02  3.795949556529e-01
   38800  5.820000000000e+02  3.912739226293e-01
   38850  5.827500000000e+02  4.021921590762e-01
   38900  5.835000000000e+02  4.123557877497e-01
   38950  5.842500000000e+02  4.217862055059e-01
   39000  5.850000000000e+02  4.304831197161e-01
   39050  5.857500000000e+02  4.384277455271e-01
   39100  5.865000000000e+02  4.455973427156e-01
   39150  5.872500000000e+02  4.519581517544e-01
   39200  5.880000000000e+02  4.574569583240e-01
   39250  5.887500000000e+02  4.620356974171e-01
   39300  5.895000000000e+02  4.656458099829e-01
   39350  5.902500000000e+02  4.682430046980e-01
   39400  5.910000000000e+02  4.697833003088e-01
   39450  5.917500000000e+02  4.702192630228e-01
   39500  5.925000000000e+02  4.694968564048e-01
   39550  5.932500000000e+02  4.675785583257e-01
   39600  5.940000000000e+02  4.644725224509e-01
   39650  5.947500000000e+02  4.602313475995e-01
   39700  5.955000000000e+02  4.549299655182e-01
   39750  5.962500000000e+02  4.486308025746e-01
   39800  5.970000000000e+02  4.413582912052e-01
   39850  5.977500000000e+02  4.331134460819e-01
   39900  5.985000000000e+02  4.239062216681e-01
   39950  5.992500000000e+02  4.137718275727e-01
   40000  6.000000000000e+02  4.027771564097e-01
