################################################################################
# HEADER
# nspin         1
#%
# nik       217
#  st         1      26
# ust         1      26
# Iter             t            #  iter t Nex(t)  
################################################################################
       0  0.000000000000e+00  2.922662112326e-14
      50  7.500000000000e-01  1.096798791372e-08
     100  1.500000000000e+00  2.194941977479e-08
     150  2.250000000000e+00  3.311837338399e-08
     200  3.000000000000e+00  4.533560155062e-08
     250  3.750000000000e+00  6.118570709118e-08
     300  4.500000000000e+00  8.679726723471e-08
     350  5.250000000000e+00  1.341262532081e-07
     400  6.000000000000e+00  2.245592575223e-07
     450  6.750000000000e+00  3.904586182921e-07
     500  7.500000000000e+00  6.822832421052e-07
     550  8.250000000000e+00  1.169377284969e-06
     600  9.000000000000e+00  1.945102899852e-06
     650  9.750000000000e+00  3.126859671382e-06
     700  1.050000000000e+01  4.863409551033e-06
     750  1.125000000000e+01  7.328659520404e-06
     800  1.200000000000e+01  1.073006255619e-05
     850  1.275000000000e+01  1.530342412694e-05
     900  1.350000000000e+01  2.131881571718e-05
     950  1.425000000000e+01  2.907656887505e-05
    1000  1.500000000000e+01  3.889384185741e-05
    1050  1.575000000000e+01  5.112629552579e-05
    1100  1.650000000000e+01  6.614779226471e-05
    1150  1.725000000000e+01  8.434959530951e-05
    1200  1.800000000000e+01  1.061383475565e-04
    1250  1.875000000000e+01  1.319127272290e-04
    1300  1.950000000000e+01  1.620764861049e-04
    1350  2.025000000000e+01  1.970112674007e-04
    1400  2.100000000000e+01  2.370538535265e-04
    1450  2.175000000000e+01  2.824973072911e-04
    1500  2.250000000000e+01  3.335907765392e-04
    1550  2.325000000000e+01  3.905035837772e-04
    1600  2.400000000000e+01  4.533272458566e-04
    1650  2.475000000000e+01  5.220600191822e-04
    1700  2.550000000000e+01  5.966247706691e-04
    1750  2.625000000000e+01  6.768122786824e-04
    1800  2.700000000000e+01  7.623208245559e-04
    1850  2.775000000000e+01  8.527252016714e-04
    1900  2.850000000000e+01  9.474916502474e-04
    1950  2.925000000000e+01  1.045932241363e-03
    2000  3.000000000000e+01  1.147294249041e-03
    2050  3.075000000000e+01  1.250647279562e-03
    2100  3.150000000000e+01  1.354967104383e-03
    2150  3.225000000000e+01  1.459118615845e-03
    2200  3.300000000000e+01  1.561827705320e-03
    2250  3.375000000000e+01  1.661739659860e-03
    2300  3.450000000000e+01  1.757421721989e-03
    2350  3.525000000000e+01  1.847358327216e-03
    2400  3.600000000000e+01  1.929997853042e-03
    2450  3.675000000000e+01  2.003790679430e-03
    2500  3.750000000000e+01  2.067199330135e-03
    2550  3.825000000000e+01  2.118709857736e-03
    2600  3.900000000000e+01  2.156956260161e-03
    2650  3.975000000000e+01  2.180661525606e-03
    2700  4.050000000000e+01  2.188753360853e-03
    2750  4.125000000000e+01  2.180320715046e-03
    2800  4.200000000000e+01  2.154699970640e-03
    2850  4.275000000000e+01  2.111523755040e-03
    2900  4.350000000000e+01  2.050722832718e-03
    2950  4.425000000000e+01  1.972568884819e-03
    3000  4.500000000000e+01  1.877736605032e-03
    3050  4.575000000000e+01  1.767293138634e-03
    3100  4.650000000000e+01  1.642746814390e-03
    3150  4.725000000000e+01  1.506090325691e-03
    3200  4.800000000000e+01  1.359765710807e-03
    3250  4.875000000000e+01  1.206741436482e-03
    3300  4.950000000000e+01  1.050490010911e-03
    3350  5.025000000000e+01  8.949592786267e-04
    3400  5.100000000000e+01  7.446571787418e-04
    3450  5.175000000000e+01  6.045296536241e-04
    3500  5.250000000000e+01  4.800180545012e-04
    3550  5.325000000000e+01  3.769924987290e-04
    3600  5.400000000000e+01  3.017315957912e-04
    3650  5.475000000000e+01  2.608708585723e-04
    3700  5.550000000000e+01  2.613523224299e-04
    3750  5.625000000000e+01  3.103624048545e-04
    3800  5.700000000000e+01  4.152754344929e-04
    3850  5.775000000000e+01  5.835667559372e-04
    3900  5.850000000000e+01  8.227469700475e-04
    3950  5.925000000000e+01  1.140258493126e-03
    4000  6.000000000000e+01  1.543392690750e-03
    4050  6.075000000000e+01  2.039167569228e-03
    4100  6.150000000000e+01  2.634259923501e-03
    4150  6.225000000000e+01  3.334875714332e-03
    4200  6.300000000000e+01  4.146619010755e-03
    4250  6.375000000000e+01  5.074475619241e-03
    4300  6.450000000000e+01  6.122556724271e-03
    4350  6.525000000000e+01  7.294178935759e-03
    4400  6.600000000000e+01  8.591547216489e-03
    4450  6.675000000000e+01  1.001585480454e-02
    4500  6.750000000000e+01  1.156713794112e-02
    4550  6.825000000000e+01  1.324408345990e-02
    4600  6.900000000000e+01  1.504432628886e-02
    4650  6.975000000000e+01  1.696382179863e-02
    4700  7.050000000000e+01  1.899729821658e-02
    4750  7.125000000000e+01  2.113794819084e-02
    4800  7.200000000000e+01  2.337761230021e-02
    4850  7.275000000000e+01  2.570651252656e-02
    4900  7.350000000000e+01  2.811357990881e-02
    4950  7.425000000000e+01  3.058616743978e-02
    5000  7.500000000000e+01  3.311035337569e-02
    5050  7.575000000000e+01  3.567095069212e-02
    5100  7.650000000000e+01  3.825146025141e-02
    5150  7.725000000000e+01  4.083432700922e-02
    5200  7.800000000000e+01  4.340112804462e-02
    5250  7.875000000000e+01  4.593252771659e-02
    5300  7.950000000000e+01  4.840858684732e-02
    5350  8.025000000000e+01  5.080879222840e-02
    5400  8.100000000000e+01  5.311240098979e-02
    5450  8.175000000000e+01  5.529847073336e-02
    5500  8.250000000000e+01  5.734627450355e-02
    5550  8.325000000000e+01  5.923525293062e-02
    5600  8.400000000000e+01  6.094570645297e-02
    5650  8.475000000000e+01  6.245828044207e-02
    5700  8.550000000000e+01  6.375478385684e-02
    5750  8.625000000000e+01  6.481828619530e-02
    5800  8.700000000000e+01  6.563334443657e-02
    5850  8.775000000000e+01  6.618608078837e-02
    5900  8.850000000000e+01  6.646465442992e-02
    5950  8.925000000000e+01  6.645947924587e-02
    6000  9.000000000000e+01  6.616312213766e-02
    6050  9.075000000000e+01  6.557105035356e-02
    6100  9.150000000000e+01  6.468123565322e-02
    6150  9.225000000000e+01  6.349468784904e-02
    6200  9.300000000000e+01  6.201555708733e-02
    6250  9.375000000000e+01  6.025108569154e-02
    6300  9.450000000000e+01  5.821197436628e-02
    6350  9.525000000000e+01  5.591206345236e-02
    6400  9.600000000000e+01  5.336866917227e-02
    6450  9.675000000000e+01  5.060246671201e-02
    6500  9.750000000000e+01  4.763750879895e-02
    6550  9.825000000000e+01  4.450103880083e-02
    6600  9.900000000000e+01  4.122344901935e-02
    6650  9.975000000000e+01  3.783836892948e-02
    6700  1.005000000000e+02  3.438219345394e-02
    6750  1.012500000000e+02  3.089395670479e-02
    6800  1.020000000000e+02  2.741514676938e-02
    6850  1.027500000000e+02  2.398957526426e-02
    6900  1.035000000000e+02  2.066274540567e-02
    6950  1.042500000000e+02  1.748180903290e-02
    7000  1.050000000000e+02  1.449496257740e-02
    7050  1.057500000000e+02  1.175128311754e-02
    7100  1.065000000000e+02  9.299968566624e-03
    7150  1.072500000000e+02  7.190148107994e-03
    7200  1.080000000000e+02  5.470290348605e-03
    7250  1.087500000000e+02  4.187737795320e-03
    7300  1.095000000000e+02  3.388185317770e-03
    7350  1.102500000000e+02  3.115153542085e-03
    7400  1.110000000000e+02  3.409490658575e-03
    7450  1.117500000000e+02  4.308875874438e-03
    7500  1.125000000000e+02  5.847330559207e-03
    7550  1.132500000000e+02  8.054617758667e-03
    7600  1.140000000000e+02  1.095598702064e-02
    7650  1.147500000000e+02  1.457162210319e-02
    7700  1.155000000000e+02  1.891627512457e-02
    7750  1.162500000000e+02  2.399883321870e-02
    7800  1.170000000000e+02  2.982220975855e-02
    7850  1.177500000000e+02  3.638286280169e-02
    7900  1.185000000000e+02  4.367076275450e-02
    7950  1.192500000000e+02  5.166911069467e-02
    8000  1.200000000000e+02  6.035441201925e-02
    8050  1.207500000000e+02  6.969630570626e-02
    8100  1.215000000000e+02  7.965762371929e-02
    8150  1.222500000000e+02  9.019479144747e-02
    8200  1.230000000000e+02  1.012576749155e-01
    8250  1.237500000000e+02  1.127901634725e-01
    8300  1.245000000000e+02  1.247300832309e-01
    8350  1.252500000000e+02  1.370101237071e-01
    8400  1.260000000000e+02  1.495579657443e-01
    8450  1.267500000000e+02  1.622967698948e-01
    8500  1.275000000000e+02  1.751459228402e-01
    8550  1.282500000000e+02  1.880214855068e-01
    8600  1.290000000000e+02  2.008370679931e-01
    8650  1.297500000000e+02  2.135040657688e-01
    8700  1.305000000000e+02  2.259323883834e-01
    8750  1.312500000000e+02  2.380320493698e-01
    8800  1.320000000000e+02  2.497126304613e-01
    8850  1.327500000000e+02  2.608852185795e-01
    8900  1.335000000000e+02  2.714618837143e-01
    8950  1.342500000000e+02  2.813579353607e-01
    9000  1.350000000000e+02  2.904912681351e-01
    9050  1.357500000000e+02  2.987844297622e-01
    9100  1.365000000000e+02  3.061640850190e-01
    9150  1.372500000000e+02  3.125627124059e-01
    9200  1.380000000000e+02  3.179186180293e-01
    9250  1.387500000000e+02  3.221770963907e-01
    9300  1.395000000000e+02  3.252907100957e-01
    9350  1.402500000000e+02  3.272196920058e-01
    9400  1.410000000000e+02  3.279328805045e-01
    9450  1.417500000000e+02  3.274084253198e-01
    9500  1.425000000000e+02  3.256331682800e-01
    9550  1.432500000000e+02  3.226040975872e-01
    9600  1.440000000000e+02  3.183281314325e-01
    9650  1.447500000000e+02  3.128221481461e-01
    9700  1.455000000000e+02  3.061138044174e-01
    9750  1.462500000000e+02  2.982411306626e-01
    9800  1.470000000000e+02  2.892527652718e-01
    9850  1.477500000000e+02  2.792078725192e-01
    9900  1.485000000000e+02  2.681756739953e-01
    9950  1.492500000000e+02  2.562360590754e-01
   10000  1.500000000000e+02  2.434780442786e-01
   10050  1.507500000000e+02  2.300007159485e-01
   10100  1.515000000000e+02  2.159114310600e-01
   10150  1.522500000000e+02  2.013268416138e-01
   10200  1.530000000000e+02  1.863700980919e-01
   10250  1.537500000000e+02  1.711721270692e-01
   10300  1.545000000000e+02  1.558692461323e-01
   10350  1.552500000000e+02  1.406033616687e-01
   10400  1.560000000000e+02  1.255198874191e-01
   10450  1.567500000000e+02  1.107673129212e-01
   10500  1.575000000000e+02  9.649585012375e-02
   10550  1.582500000000e+02  8.285593302218e-02
   10600  1.590000000000e+02  6.999685111715e-02
   10650  1.597500000000e+02  5.806567452587e-02
   10700  1.605000000000e+02  4.720549836270e-02
   10750  1.612500000000e+02  3.755421317722e-02
   10800  1.620000000000e+02  2.924301573707e-02
   10850  1.627500000000e+02  2.239488541939e-02
   10900  1.635000000000e+02  1.712339909493e-02
   10950  1.642500000000e+02  1.353124248612e-02
   11000  1.650000000000e+02  1.170909385095e-02
   11050  1.657500000000e+02  1.173445036838e-02
   11100  1.665000000000e+02  1.367056608890e-02
   11150  1.672500000000e+02  1.756563664922e-02
   11200  1.680000000000e+02  2.345196213257e-02
   11250  1.687500000000e+02  3.134544293329e-02
   11300  1.695000000000e+02  4.124503016161e-02
   11350  1.702500000000e+02  5.313252385104e-02
   11400  1.710000000000e+02  6.697252952295e-02
   11450  1.717500000000e+02  8.271242807553e-02
   11500  1.725000000000e+02  1.002827898913e-01
   11550  1.732500000000e+02  1.195978853804e-01
   11600  1.740000000000e+02  1.405556518752e-01
   11650  1.747500000000e+02  1.630392199654e-01
   11700  1.755000000000e+02  1.869174632302e-01
   11750  1.762500000000e+02  2.120456245073e-01
   11800  1.770000000000e+02  2.382669762538e-01
   11850  1.777500000000e+02  2.654135178859e-01
   11900  1.785000000000e+02  2.933080572924e-01
   11950  1.792500000000e+02  3.217642781272e-01
   12000  1.800000000000e+02  3.505892490236e-01
   12050  1.807500000000e+02  3.795851278989e-01
   12100  1.815000000000e+02  4.085496071166e-01
   12150  1.822500000000e+02  4.372786457422e-01
   12200  1.830000000000e+02  4.655674601841e-01
   12250  1.837500000000e+02  4.932129470569e-01
   12300  1.845000000000e+02  5.200138570336e-01
   12350  1.852500000000e+02  5.457742458536e-01
   12400  1.860000000000e+02  5.703042698909e-01
   12450  1.867500000000e+02  5.934212794246e-01
   12500  1.875000000000e+02  6.149520962759e-01
   12550  1.882500000000e+02  6.347345286733e-01
   12600  1.890000000000e+02  6.526174683257e-01
   12650  1.897500000000e+02  6.684633179528e-01
   12700  1.905000000000e+02  6.821489863401e-01
   12750  1.912500000000e+02  6.935657313434e-01
   12800  1.920000000000e+02  7.026212870804e-01
   12850  1.927500000000e+02  7.092406589057e-01
   12900  1.935000000000e+02  7.133650683867e-01
   12950  1.942500000000e+02  7.149544806302e-01
   13000  1.950000000000e+02  7.139866996236e-01
   13050  1.957500000000e+02  7.104579086061e-01
   13100  1.965000000000e+02  7.043819731043e-01
   13150  1.972500000000e+02  6.957921611723e-01
   13200  1.980000000000e+02  6.847391172486e-01
   13250  1.987500000000e+02  6.712917997522e-01
   13300  1.995000000000e+02  6.555366125715e-01
   13350  2.002500000000e+02  6.375773373472e-01
   13400  2.010000000000e+02  6.175347915877e-01
   13450  2.017500000000e+02  5.955462616574e-01
   13500  2.025000000000e+02  5.717638949240e-01
   13550  2.032500000000e+02  5.463561459485e-01
   13600  2.040000000000e+02  5.195046825299e-01
   13650  2.047500000000e+02  4.914054112035e-01
   13700  2.055000000000e+02  4.622656807736e-01
   13750  2.062500000000e+02  4.323042390120e-01
   13800  2.070000000000e+02  4.017498005667e-01
   13850  2.077500000000e+02  3.708399288886e-01
   13900  2.085000000000e+02  3.398185195399e-01
   13950  2.092500000000e+02  3.089353418114e-01
   14000  2.100000000000e+02  2.784434168727e-01
   14050  2.107500000000e+02  2.485974988142e-01
   14100  2.115000000000e+02  2.196521915850e-01
   14150  2.122500000000e+02  1.918591550373e-01
   14200  2.130000000000e+02  1.654654573378e-01
   14250  2.137500000000e+02  1.407109357684e-01
   14300  2.145000000000e+02  1.178258098269e-01
   14350  2.152500000000e+02  9.702833278977e-02
   14400  2.160000000000e+02  7.852280382302e-02
   14450  2.167500000000e+02  6.249679193521e-02
   14500  2.175000000000e+02  4.911949708718e-02
   14550  2.182500000000e+02  3.853968737589e-02
   14600  2.190000000000e+02  3.088411339591e-02
   14650  2.197500000000e+02  2.625596576875e-02
   14700  2.205000000000e+02  2.473363610467e-02
   14750  2.212500000000e+02  2.636968652084e-02
   14800  2.220000000000e+02  3.119014396984e-02
   14850  2.227500000000e+02  3.919379540774e-02
   14900  2.235000000000e+02  5.035208697770e-02
   14950  2.242500000000e+02  6.460884091096e-02
   15000  2.250000000000e+02  8.188085596061e-02
   15050  2.257500000000e+02  1.020582699141e-01
   15100  2.265000000000e+02  1.250054058347e-01
   15150  2.272500000000e+02  1.505620602728e-01
   15200  2.280000000000e+02  1.785448346260e-01
   15250  2.287500000000e+02  2.087492239299e-01
   15300  2.295000000000e+02  2.409506384262e-01
   15350  2.302500000000e+02  2.749075999411e-01
   15400  2.310000000000e+02  3.103627141916e-01
   15450  2.317500000000e+02  3.470456235734e-01
   15500  2.325000000000e+02  3.846756097434e-01
   15550  2.332500000000e+02  4.229634500065e-01
   15600  2.340000000000e+02  4.616143250284e-01
   15650  2.347500000000e+02  5.003315803874e-01
   15700  2.355000000000e+02  5.388186339941e-01
   15750  2.362500000000e+02  5.767822652955e-01
   15800  2.370000000000e+02  6.139367445091e-01
   15850  2.377500000000e+02  6.500047645982e-01
   15900  2.385000000000e+02  6.847211424009e-01
   15950  2.392500000000e+02  7.178346066402e-01
   16000  2.400000000000e+02  7.491092270320e-01
   16050  2.407500000000e+02  7.783257903528e-01
   16100  2.415000000000e+02  8.052817247668e-01
   16150  2.422500000000e+02  8.297934278544e-01
   16200  2.430000000000e+02  8.516962297195e-01
   16250  2.437500000000e+02  8.708442439449e-01
   16300  2.445000000000e+02  8.871114726836e-01
   16350  2.452500000000e+02  9.003929959582e-01
   16400  2.460000000000e+02  9.106041698696e-01
   16450  2.467500000000e+02  9.176834755534e-01
   16500  2.475000000000e+02  9.215911075865e-01
   16550  2.482500000000e+02  9.223094148771e-01
   16600  2.490000000000e+02  9.198444565092e-01
   16650  2.497500000000e+02  9.142237386688e-01
   16700  2.505000000000e+02  9.054959176541e-01
   16750  2.512500000000e+02  8.937298762699e-01
   16800  2.520000000000e+02  8.790132845236e-01
   16850  2.527500000000e+02  8.614522859229e-01
   16900  2.535000000000e+02  8.411697506824e-01
   16950  2.542500000000e+02  8.183047573364e-01
   17000  2.550000000000e+02  7.930121967534e-01
   17050  2.557500000000e+02  7.654631432896e-01
   17100  2.565000000000e+02  7.358437733405e-01
   17150  2.572500000000e+02  7.043559385821e-01
   17200  2.580000000000e+02  6.712148682636e-01
   17250  2.587500000000e+02  6.366499997573e-01
   17300  2.595000000000e+02  6.009034028399e-01
   17350  2.602500000000e+02  5.642281447688e-01
   17400  2.610000000000e+02  5.268876080945e-01
   17450  2.617500000000e+02  4.891530613246e-01
   17500  2.625000000000e+02  4.513022958120e-01
   17550  2.632500000000e+02  4.136169119112e-01
   17600  2.640000000000e+02  3.763808037703e-01
   17650  2.647500000000e+02  3.398769363012e-01
   17700  2.655000000000e+02  3.043849944795e-01
   17750  2.662500000000e+02  2.701781665210e-01
   17800  2.670000000000e+02  2.375211605991e-01
   17850  2.677500000000e+02  2.066662577233e-01
   17900  2.685000000000e+02  1.778519495957e-01
   17950  2.692500000000e+02  1.512994254343e-01
   18000  2.700000000000e+02  1.272112213062e-01
   18050  2.707500000000e+02  1.057680411375e-01
   18100  2.715000000000e+02  8.712780953794e-02
   18150  2.722500000000e+02  7.142399837665e-02
   18200  2.730000000000e+02  5.876429451746e-02
   18250  2.737500000000e+02  4.923025287174e-02
   18300  2.745000000000e+02  4.287656361162e-02
   18350  2.752500000000e+02  3.973093509270e-02
   18400  2.760000000000e+02  3.979400998075e-02
   18450  2.767500000000e+02  4.303947242136e-02
   18500  2.775000000000e+02  4.941422155915e-02
   18550  2.782500000000e+02  5.883872860582e-02
   18600  2.790000000000e+02  7.120794362321e-02
   18650  2.797500000000e+02  8.639162724907e-02
   18700  2.805000000000e+02  1.042358926696e-01
   18750  2.812500000000e+02  1.245651134861e-01
   18800  2.820000000000e+02  1.471833442510e-01
   18850  2.827500000000e+02  1.718771225917e-01
   18900  2.835000000000e+02  1.984178849881e-01
   18950  2.842500000000e+02  2.265650423293e-01
   19000  2.850000000000e+02  2.560675037315e-01
   19050  2.857500000000e+02  2.866673444792e-01
   19100  2.865000000000e+02  3.181004995217e-01
   19150  2.872500000000e+02  3.500989624431e-01
   19200  2.880000000000e+02  3.823922862658e-01
   19250  2.887500000000e+02  4.147099177407e-01
   19300  2.895000000000e+02  4.467829726065e-01
   19350  2.902500000000e+02  4.783486832473e-01
   19400  2.910000000000e+02  5.091530953322e-01
   19450  2.917500000000e+02  5.389561016111e-01
   19500  2.925000000000e+02  5.675356635263e-01
   19550  2.932500000000e+02  5.946885823537e-01
   19600  2.940000000000e+02  6.202323328044e-01
   19650  2.947500000000e+02  6.440029666050e-01
   19700  2.955000000000e+02  6.658516815759e-01
   19750  2.962500000000e+02  6.856426401626e-01
   19800  2.970000000000e+02  7.032494935793e-01
   19850  2.977500000000e+02  7.185535525588e-01
   19900  2.985000000000e+02  7.314483098808e-01
   19950  2.992500000000e+02  7.418402557052e-01
   20000  3.000000000000e+02  7.496551924535e-01
   20050  3.007500000000e+02  7.548419136987e-01
   20100  3.015000000000e+02  7.573746986610e-01
   20150  3.022500000000e+02  7.572548250281e-01
   20200  3.030000000000e+02  7.545081761271e-01
   20250  3.037500000000e+02  7.491835974968e-01
   20300  3.045000000000e+02  7.413491495590e-01
   20350  3.052500000000e+02  7.310904681992e-01
   20400  3.060000000000e+02  7.185085984440e-01
   20450  3.067500000000e+02  7.037171118731e-01
   20500  3.075000000000e+02  6.868397106481e-01
   20550  3.082500000000e+02  6.680104761617e-01
   20600  3.090000000000e+02  6.473685853970e-01
   20650  3.097500000000e+02  6.250608264806e-01
   20700  3.105000000000e+02  6.012388003187e-01
   20750  3.112500000000e+02  5.760611131008e-01
   20800  3.120000000000e+02  5.496942837886e-01
   20850  3.127500000000e+02  5.223152078411e-01
   20900  3.135000000000e+02  4.941115607785e-01
   20950  3.142500000000e+02  4.652826631998e-01
   21000  3.150000000000e+02  4.360374530357e-01
   21050  3.157500000000e+02  4.065910368037e-01
   21100  3.165000000000e+02  3.771613155408e-01
   21150  3.172500000000e+02  3.479643339378e-01
   21200  3.180000000000e+02  3.192095019887e-01
   21250  3.187500000000e+02  2.910980917381e-01
   21300  3.195000000000e+02  2.638199226489e-01
   21350  3.202500000000e+02  2.375525769849e-01
   21400  3.210000000000e+02  2.124608918532e-01
   21450  3.217500000000e+02  1.886976580364e-01
   21500  3.225000000000e+02  1.664038873610e-01
   21550  3.232500000000e+02  1.457081987177e-01
   21600  3.240000000000e+02  1.267270689392e-01
   21650  3.247500000000e+02  1.095630065757e-01
   21700  3.255000000000e+02  9.430339372537e-02
   21750  3.262500000000e+02  8.101964276910e-02
   21800  3.270000000000e+02  6.976574896535e-02
   21850  3.277500000000e+02  6.057762320009e-02
   21900  3.285000000000e+02  5.347241905838e-02
   21950  3.292500000000e+02  4.844822212236e-02
   22000  3.300000000000e+02  4.548401988217e-02
   22050  3.307500000000e+02  4.454016088615e-02
   22100  3.315000000000e+02  4.555907822719e-02
   22150  3.322500000000e+02  4.846685116917e-02
   22200  3.330000000000e+02  5.317500825476e-02
   22250  3.337500000000e+02  5.958298978450e-02
   22300  3.345000000000e+02  6.758022894276e-02
   22350  3.352500000000e+02  7.704802921466e-02
   22400  3.360000000000e+02  8.786055164474e-02
   22450  3.367500000000e+02  9.988549773641e-02
   22500  3.375000000000e+02  1.129837605139e-01
   22550  3.382500000000e+02  1.270100109892e-01
   22600  3.390000000000e+02  1.418126608934e-01
   22650  3.397500000000e+02  1.572347346179e-01
   22700  3.405000000000e+02  1.731164735219e-01
   22750  3.412500000000e+02  1.892961692123e-01
   22800  3.420000000000e+02  2.056143438892e-01
   22850  3.427500000000e+02  2.219151808747e-01
   22900  3.435000000000e+02  2.380502141438e-01
   22950  3.442500000000e+02  2.538794204295e-01
   23000  3.450000000000e+02  2.692729784602e-01
   23050  3.457500000000e+02  2.841116345775e-01
   23100  3.465000000000e+02  2.982877014735e-01
   23150  3.472500000000e+02  3.117030936168e-01
   23200  3.480000000000e+02  3.242690047889e-01
   23250  3.487500000000e+02  3.359036824354e-01
   23300  3.495000000000e+02  3.465312108307e-01
   23350  3.502500000000e+02  3.560799561606e-01
   23400  3.510000000000e+02  3.644833101895e-01
   23450  3.517500000000e+02  3.716787609793e-01
   23500  3.525000000000e+02  3.776108222706e-01
   23550  3.532500000000e+02  3.822306290340e-01
   23600  3.540000000000e+02  3.854987073747e-01
   23650  3.547500000000e+02  3.873865146179e-01
   23700  3.555000000000e+02  3.878786689786e-01
   23750  3.562500000000e+02  3.869759320861e-01
   23800  3.570000000000e+02  3.846963645431e-01
   23850  3.577500000000e+02  3.810763893673e-01
   23900  3.585000000000e+02  3.761699073183e-01
   23950  3.592500000000e+02  3.700459213556e-01
   24000  3.600000000000e+02  3.627842395151e-01
   24050  3.607500000000e+02  3.544707988302e-01
   24100  3.615000000000e+02  3.451942898678e-01
   24150  3.622500000000e+02  3.350428535351e-01
   24200  3.630000000000e+02  3.241022892328e-01
   24250  3.637500000000e+02  3.124565827318e-01
   24300  3.645000000000e+02  3.001889729158e-01
   24350  3.652500000000e+02  2.873839531972e-01
   24400  3.660000000000e+02  2.741295292694e-01
   24450  3.667500000000e+02  2.605185171068e-01
   24500  3.675000000000e+02  2.466485516870e-01
   24550  3.682500000000e+02  2.326216067834e-01
   24600  3.690000000000e+02  2.185426843820e-01
   24650  3.697500000000e+02  2.045169128631e-01
   24700  3.705000000000e+02  1.906487816100e-01
   24750  3.712500000000e+02  1.770379229404e-01
   24800  3.720000000000e+02  1.637779998518e-01
   24850  3.727500000000e+02  1.509536767356e-01
   24900  3.735000000000e+02  1.386399325836e-01
   24950  3.742500000000e+02  1.269004070997e-01
   25000  3.750000000000e+02  1.157879592526e-01
   25050  3.757500000000e+02  1.053457491597e-01
   25100  3.765000000000e+02  9.560872371118e-02
   25150  3.772500000000e+02  8.660525087105e-02
   25200  3.780000000000e+02  7.835841837589e-02
   25250  3.787500000000e+02  7.088728801006e-02
   25300  3.795000000000e+02  6.420656760199e-02
   25350  3.802500000000e+02  5.832604604944e-02
   25400  3.810000000000e+02  5.324915266921e-02
   25450  3.817500000000e+02  4.897193996719e-02
   25500  3.825000000000e+02  4.548226473730e-02
   25550  3.832500000000e+02  4.275981329842e-02
   25600  3.840000000000e+02  4.077682134800e-02
   25650  3.847500000000e+02  3.949939914245e-02
   25700  3.855000000000e+02  3.888889833093e-02
   25750  3.862500000000e+02  3.890335194373e-02
   25800  3.870000000000e+02  3.949868809662e-02
   25850  3.877500000000e+02  4.062948258750e-02
   25900  3.885000000000e+02  4.224936463168e-02
   25950  3.892500000000e+02  4.431123376916e-02
   26000  3.900000000000e+02  4.676712908726e-02
   26050  3.907500000000e+02  4.956832281108e-02
   26100  3.915000000000e+02  5.266523290993e-02
   26150  3.922500000000e+02  5.600778443504e-02
   26200  3.930000000000e+02  5.954545035022e-02
   26250  3.937500000000e+02  6.322762523557e-02
   26300  3.945000000000e+02  6.700396682753e-02
   26350  3.952500000000e+02  7.082503616284e-02
   26400  3.960000000000e+02  7.464318816305e-02
   26450  3.967500000000e+02  7.841340670882e-02
   26500  3.975000000000e+02  8.209473642600e-02
   26550  3.982500000000e+02  8.565091670858e-02
   26600  3.990000000000e+02  8.905137261092e-02
   26650  3.997500000000e+02  9.227100019532e-02
   26700  4.005000000000e+02  9.529000632601e-02
   26750  4.012500000000e+02  9.809275171649e-02
   26800  4.020000000000e+02  1.006664845673e-01
   26850  4.027500000000e+02  1.029999633303e-01
   26900  4.035000000000e+02  1.050825150615e-01
   26950  4.042500000000e+02  1.069025524059e-01
   27000  4.050000000000e+02  1.084478053123e-01
   27050  4.057500000000e+02  1.097057086145e-01
   27100  4.065000000000e+02  1.106644494779e-01
   27150  4.072500000000e+02  1.113135305226e-01
   27200  4.080000000000e+02  1.116456694547e-01
   27250  4.087500000000e+02  1.116577086677e-01
   27300  4.095000000000e+02  1.113517780490e-01
   27350  4.102500000000e+02  1.107358292073e-01
   27400  4.110000000000e+02  1.098235403647e-01
   27450  4.117500000000e+02  1.086340407190e-01
   27500  4.125000000000e+02  1.071899196181e-01
   27550  4.132500000000e+02  1.055163177664e-01
   27600  4.140000000000e+02  1.036379345334e-01
   27650  4.147500000000e+02  1.015786429737e-01
   27700  4.155000000000e+02  9.935964425217e-02
   27750  4.162500000000e+02  9.699987164107e-02
   27800  4.170000000000e+02  9.451595535216e-02
   27850  4.177500000000e+02  9.192374942632e-02
   27900  4.185000000000e+02  8.923893194844e-02
   27950  4.192500000000e+02  8.647866217434e-02
   28000  4.200000000000e+02  8.366206537036e-02
   28050  4.207500000000e+02  8.081033240977e-02
   28100  4.215000000000e+02  7.794667029124e-02
   28150  4.222500000000e+02  7.509502176954e-02
   28200  4.230000000000e+02  7.227891200902e-02
   28250  4.237500000000e+02  6.952025003640e-02
   28300  4.245000000000e+02  6.683806336584e-02
   28350  4.252500000000e+02  6.424815042501e-02
   28400  4.260000000000e+02  6.176310051265e-02
   28450  4.267500000000e+02  5.939245304395e-02
   28500  4.275000000000e+02  5.714357920543e-02
   28550  4.282500000000e+02  5.502203123279e-02
   28600  4.290000000000e+02  5.303209904202e-02
   28650  4.297500000000e+02  5.117689940351e-02
   28700  4.305000000000e+02  4.945885500567e-02
   28750  4.312500000000e+02  4.787961890786e-02
   28800  4.320000000000e+02  4.644028754554e-02
   28850  4.327500000000e+02  4.514143273418e-02
   28900  4.335000000000e+02  4.398316008444e-02
   28950  4.342500000000e+02  4.296467795230e-02
   29000  4.350000000000e+02  4.208411633692e-02
   29050  4.357500000000e+02  4.133807827800e-02
   29100  4.365000000000e+02  4.072138598914e-02
   29150  4.372500000000e+02  4.022702314208e-02
   29200  4.380000000000e+02  3.984632400702e-02
   29250  4.387500000000e+02  3.956938233867e-02
   29300  4.395000000000e+02  3.938553729812e-02
   29350  4.402500000000e+02  3.928384409109e-02
   29400  4.410000000000e+02  3.925347339763e-02
   29450  4.417500000000e+02  3.928394180757e-02
   29500  4.425000000000e+02  3.936522460304e-02
   29550  4.432500000000e+02  3.948772629060e-02
   29600  4.440000000000e+02  3.964220758947e-02
   29650  4.447500000000e+02  3.981976624883e-02
   29700  4.455000000000e+02  4.001182372207e-02
   29750  4.462500000000e+02  4.021026338929e-02
   29800  4.470000000000e+02  4.040765603766e-02
   29850  4.477500000000e+02  4.059744815748e-02
   29900  4.485000000000e+02  4.077419423357e-02
   29950  4.492500000000e+02  4.093354410084e-02
   30000  4.500000000000e+02  4.107236610084e-02
   30050  4.507500000000e+02  4.118858943035e-02
   30100  4.515000000000e+02  4.128114707472e-02
   30150  4.522500000000e+02  4.134975624274e-02
   30200  4.530000000000e+02  4.139486190718e-02
   30250  4.537500000000e+02  4.141740568350e-02
   30300  4.545000000000e+02  4.141862039612e-02
   30350  4.552500000000e+02  4.139980939840e-02
   30400  4.560000000000e+02  4.136210179196e-02
   30450  4.567500000000e+02  4.130632925222e-02
   30500  4.575000000000e+02  4.123301713548e-02
   30550  4.582500000000e+02  4.114252559136e-02
   30600  4.590000000000e+02  4.103530721845e-02
   30650  4.597500000000e+02  4.091199611531e-02
   30700  4.605000000000e+02  4.077373801577e-02
   30750  4.612500000000e+02  4.062223742696e-02
   30800  4.620000000000e+02  4.045971139510e-02
   30850  4.627500000000e+02  4.028875850508e-02
   30900  4.635000000000e+02  4.011226067085e-02
   30950  4.642500000000e+02  3.993322023329e-02
   31000  4.650000000000e+02  3.975462617696e-02
   31050  4.657500000000e+02  3.957928691708e-02
   31100  4.665000000000e+02  3.940970119385e-02
   31150  4.672500000000e+02  3.924801278347e-02
   31200  4.680000000000e+02  3.909581988625e-02
   31250  4.687500000000e+02  3.895423002404e-02
   31300  4.695000000000e+02  3.882383166763e-02
   31350  4.702500000000e+02  3.870475853744e-02
   31400  4.710000000000e+02  3.859680943207e-02
   31450  4.717500000000e+02  3.849950711743e-02
   31500  4.725000000000e+02  3.841223440543e-02
   31550  4.732500000000e+02  3.833432363624e-02
   31600  4.740000000000e+02  3.826517383136e-02
   31650  4.747500000000e+02  3.820427384825e-02
   31700  4.755000000000e+02  3.815124936293e-02
   31750  4.762500000000e+02  3.810580055147e-02
   31800  4.770000000000e+02  3.806768778117e-02
   31850  4.777500000000e+02  3.803657560905e-02
   31900  4.785000000000e+02  3.801201702949e-02
   31950  4.792500000000e+02  3.799342183756e-02
   32000  4.800000000000e+02  3.798002092510e-02
   32050  4.807500000000e+02  3.797094949805e-02
   32100  4.815000000000e+02  3.796531799565e-02
   32150  4.822500000000e+02  3.796229590946e-02
   32200  4.830000000000e+02  3.796116918373e-02
   32250  4.837500000000e+02  3.796136838492e-02
   32300  4.845000000000e+02  3.796246687547e-02
   32350  4.852500000000e+02  3.796414629196e-02
   32400  4.860000000000e+02  3.796617956505e-02
   32450  4.867500000000e+02  3.796838641318e-02
   32500  4.875000000000e+02  3.797061984615e-02
   32550  4.882500000000e+02  3.797273644349e-02
   32600  4.890000000000e+02  3.797459744221e-02
   32650  4.897500000000e+02  3.797606774328e-02
   32700  4.905000000000e+02  3.797703614867e-02
   32750  4.912500000000e+02  3.797743611886e-02
   32800  4.920000000000e+02  3.797725518107e-02
   32850  4.927500000000e+02  3.797653557394e-02
   32900  4.935000000000e+02  3.797535967650e-02
   32950  4.942500000000e+02  3.797383329657e-02
   33000  4.950000000000e+02  3.797207080090e-02
   33050  4.957500000000e+02  3.797018468190e-02
   33100  4.965000000000e+02  3.796827884766e-02
   33150  4.972500000000e+02  3.796644637252e-02
   33200  4.980000000000e+02  3.796476712382e-02
   33250  4.987500000000e+02  3.796330738475e-02
   33300  4.995000000000e+02  3.796211851255e-02
   33350  5.002500000000e+02  3.796123140410e-02
   33400  5.010000000000e+02  3.796064736066e-02
   33450  5.017500000000e+02  3.796032324192e-02
   33500  5.025000000000e+02  3.796018151987e-02
   33550  5.032500000000e+02  3.796012238431e-02
   33600  5.040000000000e+02  3.796004666652e-02
   33650  5.047500000000e+02  3.795988603904e-02
   33700  5.055000000000e+02  3.795962933337e-02
   33750  5.062500000000e+02  3.795933155596e-02
   33800  5.070000000000e+02  3.795909759807e-02
   33850  5.077500000000e+02  3.795904434908e-02
   33900  5.085000000000e+02  3.795925715878e-02
   33950  5.092500000000e+02  3.795976215485e-02
   34000  5.100000000000e+02  3.796052596495e-02
   34050  5.107500000000e+02  3.796147807090e-02
   34100  5.115000000000e+02  3.796253929870e-02
   34150  5.122500000000e+02  3.796364175581e-02
   34200  5.130000000000e+02  3.796473514433e-02
   34250  5.137500000000e+02  3.796578405237e-02
   34300  5.145000000000e+02  3.796676158184e-02
   34350  5.152500000000e+02  3.796764395802e-02
   34400  5.160000000000e+02  3.796840748205e-02
   34450  5.167500000000e+02  3.796902722149e-02
   34500  5.175000000000e+02  3.796947598721e-02
   34550  5.182500000000e+02  3.796972468403e-02
   34600  5.190000000000e+02  3.796974526334e-02
   34650  5.197500000000e+02  3.796951614643e-02
   34700  5.205000000000e+02  3.796902901441e-02
   34750  5.212500000000e+02  3.796829546731e-02
   34800  5.220000000000e+02  3.796735073859e-02
   34850  5.227500000000e+02  3.796625210676e-02
   34900  5.235000000000e+02  3.796507217164e-02
   34950  5.242500000000e+02  3.796388881001e-02
   35000  5.250000000000e+02  3.796277531172e-02
   35050  5.257500000000e+02  3.796179244360e-02
   35100  5.265000000000e+02  3.796098389153e-02
   35150  5.272500000000e+02  3.796037461169e-02
   35200  5.280000000000e+02  3.795997138407e-02
   35250  5.287500000000e+02  3.795976498614e-02
   35300  5.295000000000e+02  3.795973327337e-02
   35350  5.302500000000e+02  3.795984549301e-02
   35400  5.310000000000e+02  3.796006704112e-02
   35450  5.317500000000e+02  3.796036417240e-02
   35500  5.325000000000e+02  3.796070778447e-02
   35550  5.332500000000e+02  3.796107541192e-02
   35600  5.340000000000e+02  3.796145142375e-02
   35650  5.347500000000e+02  3.796182550637e-02
   35700  5.355000000000e+02  3.796219019630e-02
   35750  5.362500000000e+02  3.796253891855e-02
   35800  5.370000000000e+02  3.796286704053e-02
   35850  5.377500000000e+02  3.796317534819e-02
   35900  5.385000000000e+02  3.796347287698e-02
   35950  5.392500000000e+02  3.796377451165e-02
   36000  5.400000000000e+02  3.796409336487e-02
   36050  5.407500000000e+02  3.796443214474e-02
   36100  5.415000000000e+02  3.796477973004e-02
   36150  5.422500000000e+02  3.796511484995e-02
   36200  5.430000000000e+02  3.796541386343e-02
   36250  5.437500000000e+02  3.796565766296e-02
   36300  5.445000000000e+02  3.796583534756e-02
   36350  5.452500000000e+02  3.796594503162e-02
   36400  5.460000000000e+02  3.796599271031e-02
   36450  5.467500000000e+02  3.796598980326e-02
   36500  5.475000000000e+02  3.796594984094e-02
   36550  5.482500000000e+02  3.796588528299e-02
   36600  5.490000000000e+02  3.796580554822e-02
   36650  5.497500000000e+02  3.796571704509e-02
   36700  5.505000000000e+02  3.796562474532e-02
   36750  5.512500000000e+02  3.796553364195e-02
   36800  5.520000000000e+02  3.796544887163e-02
   36850  5.527500000000e+02  3.796537474234e-02
   36900  5.535000000000e+02  3.796531414872e-02
   36950  5.542500000000e+02  3.796526913635e-02
   37000  5.550000000000e+02  3.796524124220e-02
   37050  5.557500000000e+02  3.796523096752e-02
   37100  5.565000000000e+02  3.796523686621e-02
   37150  5.572500000000e+02  3.796525465436e-02
   37200  5.580000000000e+02  3.796527703150e-02
   37250  5.587500000000e+02  3.796529367888e-02
   37300  5.595000000000e+02  3.796529091779e-02
   37350  5.602500000000e+02  3.796525162126e-02
   37400  5.610000000000e+02  3.796515593986e-02
   37450  5.617500000000e+02  3.796498358838e-02
   37500  5.625000000000e+02  3.796471770564e-02
   37550  5.632500000000e+02  3.796434882060e-02
   37600  5.640000000000e+02  3.796387757698e-02
   37650  5.647500000000e+02  3.796331607901e-02
   37700  5.655000000000e+02  3.796268819883e-02
   37750  5.662500000000e+02  3.796202995517e-02
   37800  5.670000000000e+02  3.796138942870e-02
   37850  5.677500000000e+02  3.796082400906e-02
   37900  5.685000000000e+02  3.796039351758e-02
   37950  5.692500000000e+02  3.796015038470e-02
   38000  5.700000000000e+02  3.796013007543e-02
   38050  5.707500000000e+02  3.796034425027e-02
   38100  5.715000000000e+02  3.796077909259e-02
   38150  5.722500000000e+02  3.796139866971e-02
   38200  5.730000000000e+02  3.796215187730e-02
   38250  5.737500000000e+02  3.796298030930e-02
   38300  5.745000000000e+02  3.796382515384e-02
   38350  5.752500000000e+02  3.796463195562e-02
   38400  5.760000000000e+02  3.796535288219e-02
   38450  5.767500000000e+02  3.796594896735e-02
   38500  5.775000000000e+02  3.796639336171e-02
   38550  5.782500000000e+02  3.796667623700e-02
   38600  5.790000000000e+02  3.796680902917e-02
   38650  5.797500000000e+02  3.796682389439e-02
   38700  5.805000000000e+02  3.796676626835e-02
   38750  5.812500000000e+02  3.796668298087e-02
   38800  5.820000000000e+02  3.796661114074e-02
   38850  5.827500000000e+02  3.796657194349e-02
   38900  5.835000000000e+02  3.796657072968e-02
   38950  5.842500000000e+02  3.796660063236e-02
   39000  5.850000000000e+02  3.796664712815e-02
   39050  5.857500000000e+02  3.796669133443e-02
