################################################################################
# HEADER
# nspin         1
#%
# nik       217
#  st         1      26
# ust         1      26
# Iter             t            #  iter t Nex(t)  
################################################################################
       0  0.000000000000e+00  2.922662112326e-14
      50  7.500000000000e-01  1.096798844108e-08
     100  1.500000000000e+00  2.195394605692e-08
     150  2.250000000000e+00  3.319564904902e-08
     200  3.000000000000e+00  4.585216884651e-08
     250  3.750000000000e+00  6.348415259455e-08
     300  4.500000000000e+00  9.438614179819e-08
     350  5.250000000000e+00  1.549499079878e-07
     400  6.000000000000e+00  2.734910952637e-07
     450  6.750000000000e+00  4.955583221208e-07
     500  7.500000000000e+00  8.888763477141e-07
     550  8.250000000000e+00  1.547769800776e-06
     600  9.000000000000e+00  2.599457034215e-06
     650  9.750000000000e+00  4.205458569384e-06
     700  1.050000000000e+01  6.563406981373e-06
     750  1.125000000000e+01  9.915079623862e-06
     800  1.200000000000e+01  1.453942196986e-05
     850  1.275000000000e+01  2.076282799698e-05
     900  1.350000000000e+01  2.894618338733e-05
     950  1.425000000000e+01  3.949742468826e-05
    1000  1.500000000000e+01  5.286030233213e-05
    1050  1.575000000000e+01  6.950701984739e-05
    1100  1.650000000000e+01  8.995063074203e-05
    1150  1.725000000000e+01  1.147221454564e-04
    1200  1.800000000000e+01  1.443699731586e-04
    1250  1.875000000000e+01  1.794507187026e-04
    1300  1.950000000000e+01  2.204990182153e-04
    1350  2.025000000000e+01  2.680391360302e-04
    1400  2.100000000000e+01  3.225327263816e-04
    1450  2.175000000000e+01  3.843857939827e-04
    1500  2.250000000000e+01  4.539262273158e-04
    1550  2.325000000000e+01  5.313849896977e-04
    1600  2.400000000000e+01  6.168886739015e-04
    1650  2.475000000000e+01  7.104375570973e-04
    1700  2.550000000000e+01  8.119204625599e-04
    1750  2.625000000000e+01  9.210561990031e-04
    1800  2.700000000000e+01  1.037441832018e-03
    1850  2.775000000000e+01  1.160479253226e-03
    1900  2.850000000000e+01  1.289453330344e-03
    1950  2.925000000000e+01  1.423450249915e-03
    2000  3.000000000000e+01  1.561400703665e-03
    2050  3.075000000000e+01  1.702067174738e-03
    2100  3.150000000000e+01  1.844039168269e-03
    2150  3.225000000000e+01  1.985791743820e-03
    2200  3.300000000000e+01  2.125597131846e-03
    2250  3.375000000000e+01  2.261575208499e-03
    2300  3.450000000000e+01  2.391797619761e-03
    2350  3.525000000000e+01  2.514193138645e-03
    2400  3.600000000000e+01  2.626697644850e-03
    2450  3.675000000000e+01  2.727124959728e-03
    2500  3.750000000000e+01  2.813423936269e-03
    2550  3.825000000000e+01  2.883547271110e-03
    2600  3.900000000000e+01  2.935607469597e-03
    2650  3.975000000000e+01  2.967872287028e-03
    2700  4.050000000000e+01  2.978879761672e-03
    2750  4.125000000000e+01  2.967380031007e-03
    2800  4.200000000000e+01  2.932523869623e-03
    2850  4.275000000000e+01  2.873749200828e-03
    2900  4.350000000000e+01  2.790986437278e-03
    2950  4.425000000000e+01  2.684611428593e-03
    3000  4.500000000000e+01  2.555534659286e-03
    3050  4.575000000000e+01  2.405201707859e-03
    3100  4.650000000000e+01  2.235685077808e-03
    3150  4.725000000000e+01  2.049669028723e-03
    3200  4.800000000000e+01  1.850518866131e-03
    3250  4.875000000000e+01  1.642237076073e-03
    3300  4.950000000000e+01  1.429557647641e-03
    3350  5.025000000000e+01  1.217868193555e-03
    3400  5.100000000000e+01  1.013287464315e-03
    3450  5.175000000000e+01  8.225526386339e-04
    3500  5.250000000000e+01  6.530691705375e-04
    3550  5.325000000000e+01  5.128355145007e-04
    3600  5.400000000000e+01  4.103946580503e-04
    3650  5.475000000000e+01  3.547753393372e-04
    3700  5.550000000000e+01  3.554271106515e-04
    3750  5.625000000000e+01  4.221361018671e-04
    3800  5.700000000000e+01  5.649346694942e-04
    3850  5.775000000000e+01  7.940069520604e-04
    3900  5.850000000000e+01  1.119551403816e-03
    3950  5.925000000000e+01  1.551711811352e-03
    4000  6.000000000000e+01  2.100405166128e-03
    4050  6.075000000000e+01  2.775190068350e-03
    4100  6.150000000000e+01  3.585110205619e-03
    4150  6.225000000000e+01  4.538621542042e-03
    4200  6.300000000000e+01  5.643390899482e-03
    4250  6.375000000000e+01  6.906098699354e-03
    4300  6.450000000000e+01  8.332406274366e-03
    4350  6.525000000000e+01  9.926708721761e-03
    4400  6.600000000000e+01  1.169204600608e-02
    4450  6.675000000000e+01  1.363002899280e-02
    4500  6.750000000000e+01  1.574063026866e-02
    4550  6.825000000000e+01  1.802213774388e-02
    4600  6.900000000000e+01  2.047111749532e-02
    4650  6.975000000000e+01  2.308192461545e-02
    4700  7.050000000000e+01  2.584774703328e-02
    4750  7.125000000000e+01  2.875907988801e-02
    4800  7.200000000000e+01  3.180466243154e-02
    4850  7.275000000000e+01  3.497131953658e-02
    4900  7.350000000000e+01  3.824383304758e-02
    4950  7.425000000000e+01  4.160517938915e-02
    5000  7.500000000000e+01  4.503618962330e-02
    5050  7.575000000000e+01  4.851625859384e-02
    5100  7.650000000000e+01  5.202295440788e-02
    5150  7.725000000000e+01  5.553247700870e-02
    5200  7.800000000000e+01  5.901960590915e-02
    5250  7.875000000000e+01  6.245817393470e-02
    5300  7.950000000000e+01  6.582107552855e-02
    5350  8.025000000000e+01  6.908051106404e-02
    5400  8.100000000000e+01  7.220821242865e-02
    5450  8.175000000000e+01  7.517601318725e-02
    5500  8.250000000000e+01  7.795561217746e-02
    5550  8.325000000000e+01  8.051926031706e-02
    5600  8.400000000000e+01  8.284007214292e-02
    5650  8.475000000000e+01  8.489209032704e-02
    5700  8.550000000000e+01  8.665065971810e-02
    5750  8.625000000000e+01  8.809270044889e-02
    5800  8.700000000000e+01  8.919753648868e-02
    5850  8.775000000000e+01  8.994624272112e-02
    5900  8.850000000000e+01  9.032296441234e-02
    5950  8.925000000000e+01  9.031452333004e-02
    6000  9.000000000000e+01  8.991113807893e-02
    6050  9.075000000000e+01  8.910628379793e-02
    6100  9.150000000000e+01  8.789753061557e-02
    6150  9.225000000000e+01  8.628613113860e-02
    6200  9.300000000000e+01  8.427777603349e-02
    6250  9.375000000000e+01  8.188213903304e-02
    6300  9.450000000000e+01  7.911374567982e-02
    6350  9.525000000000e+01  7.599126995323e-02
    6400  9.600000000000e+01  7.253814402183e-02
    6450  9.675000000000e+01  6.878245107106e-02
    6500  9.750000000000e+01  6.475651840076e-02
    6550  9.825000000000e+01  6.049748650628e-02
    6600  9.900000000000e+01  5.604651572455e-02
    6650  9.975000000000e+01  5.144912057987e-02
    6700  1.005000000000e+02  4.675456185447e-02
    6750  1.012500000000e+02  4.201595974612e-02
    6800  1.020000000000e+02  3.728958963999e-02
    6850  1.027500000000e+02  3.263492350792e-02
    6900  1.035000000000e+02  2.811385030025e-02
    6950  1.042500000000e+02  2.379045936049e-02
    7000  1.050000000000e+02  1.973038585221e-02
    7050  1.057500000000e+02  1.600032923403e-02
    7100  1.065000000000e+02  1.266734925671e-02
    7150  1.072500000000e+02  9.798358569883e-03
    7200  1.080000000000e+02  7.459402925642e-03
    7250  1.087500000000e+02  5.714999856854e-03
    7300  1.095000000000e+02  4.627402736107e-03
    7350  1.102500000000e+02  4.255927166982e-03
    7400  1.110000000000e+02  4.656234054950e-03
    7450  1.117500000000e+02  5.879619593615e-03
    7500  1.125000000000e+02  7.972304234758e-03
    7550  1.132500000000e+02  1.097479001836e-02
    7600  1.140000000000e+02  1.492122614275e-02
    7650  1.147500000000e+02  1.983884415501e-02
    7700  1.155000000000e+02  2.574742798471e-02
    7750  1.162500000000e+02  3.265880054255e-02
    7800  1.170000000000e+02  4.057629270398e-02
    7850  1.177500000000e+02  4.949459986975e-02
    7900  1.185000000000e+02  5.939942872931e-02
    7950  1.192500000000e+02  7.026733964697e-02
    8000  1.200000000000e+02  8.206554900510e-02
    8050  1.207500000000e+02  9.475192660551e-02
    8100  1.215000000000e+02  1.082753874592e-01
    8150  1.222500000000e+02  1.225757609678e-01
    8200  1.230000000000e+02  1.375841790252e-01
    8250  1.237500000000e+02  1.532237345952e-01
    8300  1.245000000000e+02  1.694094984848e-01
    8350  1.252500000000e+02  1.860495200780e-01
    8400  1.260000000000e+02  2.030455903070e-01
    8450  1.267500000000e+02  2.202928549166e-01
    8500  1.275000000000e+02  2.376820811622e-01
    8550  1.282500000000e+02  2.550995264570e-01
    8600  1.290000000000e+02  2.724281922209e-01
    8650  1.297500000000e+02  2.895487077951e-01
    8700  1.305000000000e+02  3.063398409337e-01
    8750  1.312500000000e+02  3.226799473143e-01
    8800  1.320000000000e+02  3.384479592286e-01
    8850  1.327500000000e+02  3.535242122644e-01
    8900  1.335000000000e+02  3.677912152352e-01
    8950  1.342500000000e+02  3.811354852741e-01
    9000  1.350000000000e+02  3.934473643279e-01
    9050  1.357500000000e+02  4.046231550552e-01
    9100  1.365000000000e+02  4.145650988907e-01
    9150  1.372500000000e+02  4.231830938515e-01
    9200  1.380000000000e+02  4.303948262737e-01
    9250  1.387500000000e+02  4.361273200367e-01
    9300  1.395000000000e+02  4.403172945852e-01
    9350  1.402500000000e+02  4.429119302989e-01
    9400  1.410000000000e+02  4.438695748817e-01
    9450  1.417500000000e+02  4.431606218736e-01
    9500  1.425000000000e+02  4.407678049568e-01
    9550  1.432500000000e+02  4.366860666157e-01
    9600  1.440000000000e+02  4.309247885138e-01
    9650  1.447500000000e+02  4.235065670043e-01
    9700  1.455000000000e+02  4.144673589732e-01
    9750  1.462500000000e+02  4.038575505400e-01
    9800  1.470000000000e+02  3.917416327773e-01
    9850  1.477500000000e+02  3.781984699720e-01
    9900  1.485000000000e+02  3.633201140276e-01
    9950  1.492500000000e+02  3.472134072785e-01
   10000  1.500000000000e+02  3.299973578561e-01
   10050  1.507500000000e+02  3.118043280302e-01
   10100  1.515000000000e+02  2.927787616562e-01
   10150  1.522500000000e+02  2.730765712937e-01
   10200  1.530000000000e+02  2.528642649922e-01
   10250  1.537500000000e+02  2.323175265679e-01
   10300  1.545000000000e+02  2.116210684323e-01
   10350  1.552500000000e+02  1.909661837535e-01
   10400  1.560000000000e+02  1.705498074058e-01
   10450  1.567500000000e+02  1.505734890501e-01
   10500  1.575000000000e+02  1.312411214159e-01
   10550  1.582500000000e+02  1.127571735835e-01
   10600  1.590000000000e+02  9.532506561255e-02
   10650  1.597500000000e+02  7.914517960569e-02
   10700  1.605000000000e+02  6.441304019178e-02
   10750  1.612500000000e+02  5.131689043837e-02
   10800  1.620000000000e+02  4.003608190650e-02
   10850  1.627500000000e+02  3.073898544372e-02
   10900  1.635000000000e+02  2.358087101161e-02
   10950  1.642500000000e+02  1.870227797453e-02
   11000  1.650000000000e+02  1.622717984821e-02
   11050  1.657500000000e+02  1.626140733918e-02
   11100  1.665000000000e+02  1.889114611208e-02
   11150  1.672500000000e+02  2.418176515258e-02
   11200  1.680000000000e+02  3.217677304229e-02
   11250  1.687500000000e+02  4.289696084938e-02
   11300  1.695000000000e+02  5.633977239219e-02
   11350  1.702500000000e+02  7.247897702650e-02
   11400  1.710000000000e+02  9.126451491856e-02
   11450  1.717500000000e+02  1.126230254606e-01
   11500  1.725000000000e+02  1.364575566631e-01
   11550  1.732500000000e+02  1.626485374007e-01
   11600  1.740000000000e+02  1.910550667720e-01
   11650  1.747500000000e+02  2.215151974822e-01
   11700  1.755000000000e+02  2.538472305384e-01
   11750  1.762500000000e+02  2.878514356776e-01
   11800  1.770000000000e+02  3.233115098820e-01
   11850  1.777500000000e+02  3.599960636470e-01
   11900  1.785000000000e+02  3.976604653884e-01
   11950  1.792500000000e+02  4.360492105640e-01
   12000  1.800000000000e+02  4.748977343848e-01
   12050  1.807500000000e+02  5.139346712065e-01
   12100  1.815000000000e+02  5.528834735935e-01
   12150  1.822500000000e+02  5.914671336063e-01
   12200  1.830000000000e+02  6.294079284963e-01
   12250  1.837500000000e+02  6.664313840805e-01
   12300  1.845000000000e+02  7.022683898519e-01
   12350  1.852500000000e+02  7.366584402536e-01
   12400  1.860000000000e+02  7.693502041647e-01
   12450  1.867500000000e+02  8.001047986865e-01
   12500  1.875000000000e+02  8.286971006540e-01
   12550  1.882500000000e+02  8.549173441391e-01
   12600  1.890000000000e+02  8.785739013630e-01
   12650  1.897500000000e+02  8.994916738266e-01
   12700  1.905000000000e+02  9.175160508479e-01
   12750  1.912500000000e+02  9.325126741029e-01
   12800  1.920000000000e+02  9.443681729430e-01
   12850  1.927500000000e+02  9.529910316837e-01
   12900  1.935000000000e+02  9.583127026973e-01
   12950  1.942500000000e+02  9.602861542323e-01
   13000  1.950000000000e+02  9.588881920338e-01
   13050  1.957500000000e+02  9.541184762271e-01
   13100  1.965000000000e+02  9.459991282090e-01
   13150  1.972500000000e+02  9.345751590503e-01
   13200  1.980000000000e+02  9.199128151543e-01
   13250  1.987500000000e+02  9.021016077325e-01
   13300  1.995000000000e+02  8.812521700164e-01
   13350  2.002500000000e+02  8.574964613106e-01
   13400  2.010000000000e+02  8.309879316576e-01
   13450  2.017500000000e+02  8.019000399370e-01
   13500  2.025000000000e+02  7.704269874865e-01
   13550  2.032500000000e+02  7.367820814281e-01
   13600  2.040000000000e+02  7.011976554361e-01
   13650  2.047500000000e+02  6.639235069176e-01
   13700  2.055000000000e+02  6.252268608885e-01
   13750  2.062500000000e+02  5.853907028673e-01
   13800  2.070000000000e+02  5.447122175930e-01
   13850  2.077500000000e+02  5.035025155532e-01
   13900  2.085000000000e+02  4.620834059018e-01
   13950  2.092500000000e+02  4.207860463808e-01
   14000  2.100000000000e+02  3.799498889694e-01
   14050  2.107500000000e+02  3.399179498084e-01
   14100  2.115000000000e+02  3.010357000755e-01
   14150  2.122500000000e+02  2.636473533240e-01
   14200  2.130000000000e+02  2.280924394811e-01
   14250  2.137500000000e+02  1.947021290324e-01
   14300  2.145000000000e+02  1.637959412931e-01
   14350  2.152500000000e+02  1.356779872968e-01
   14400  2.160000000000e+02  1.106330627025e-01
   14450  2.167500000000e+02  8.892384476352e-02
   14500  2.175000000000e+02  7.078758398874e-02
   14550  2.182500000000e+02  5.643326187178e-02
   14600  2.190000000000e+02  4.603951405283e-02
   14650  2.197500000000e+02  3.975235173306e-02
   14700  2.205000000000e+02  3.768352736677e-02
   14750  2.212500000000e+02  3.990890793066e-02
   14800  2.220000000000e+02  4.646731185494e-02
   14850  2.227500000000e+02  5.735935284662e-02
   14900  2.235000000000e+02  7.254688117511e-02
   14950  2.242500000000e+02  9.195228575925e-02
   15000  2.250000000000e+02  1.154589592978e-01
   15050  2.257500000000e+02  1.429114716833e-01
   15100  2.265000000000e+02  1.741174187597e-01
   15150  2.272500000000e+02  2.088488436420e-01
   15200  2.280000000000e+02  2.468447488820e-01
   15250  2.287500000000e+02  2.878144646677e-01
   15300  2.295000000000e+02  3.314400436009e-01
   15350  2.302500000000e+02  3.773799584340e-01
   15400  2.310000000000e+02  4.252715416533e-01
   15450  2.317500000000e+02  4.747349863549e-01
   15500  2.325000000000e+02  5.253756914503e-01
   15550  2.332500000000e+02  5.767880547752e-01
   15600  2.340000000000e+02  6.285613004565e-01
   15650  2.347500000000e+02  6.802845909782e-01
   15700  2.355000000000e+02  7.315521686338e-01
   15750  2.362500000000e+02  7.819703958951e-01
   15800  2.370000000000e+02  8.311632158161e-01
   15850  2.377500000000e+02  8.787761340232e-01
   15900  2.385000000000e+02  9.244789712024e-01
   15950  2.392500000000e+02  9.679665427142e-01
   16000  2.400000000000e+02  1.008959755422e+00
   16050  2.407500000000e+02  1.047200882412e+00
   16100  2.415000000000e+02  1.082455638318e+00
   16150  2.422500000000e+02  1.114508072704e+00
   16200  2.430000000000e+02  1.143162710578e+00
   16250  2.437500000000e+02  1.168241912280e+00
   16300  2.445000000000e+02  1.189587559158e+00
   16350  2.452500000000e+02  1.207064017847e+00
   16400  2.460000000000e+02  1.220557524561e+00
   16450  2.467500000000e+02  1.229981293187e+00
   16500  2.475000000000e+02  1.235276307800e+00
   16550  2.482500000000e+02  1.236415039114e+00
   16600  2.490000000000e+02  1.233398637938e+00
   16650  2.497500000000e+02  1.226258235008e+00
   16700  2.505000000000e+02  1.215051578934e+00
   16750  2.512500000000e+02  1.199860928432e+00
   16800  2.520000000000e+02  1.180790392364e+00
   16850  2.527500000000e+02  1.157963124295e+00
   16900  2.535000000000e+02  1.131521433056e+00
   16950  2.542500000000e+02  1.101629121636e+00
   17000  2.550000000000e+02  1.068469682314e+00
   17050  2.557500000000e+02  1.032250867646e+00
   17100  2.565000000000e+02  9.932038350259e-01
   17150  2.572500000000e+02  9.515844287362e-01
   17200  2.580000000000e+02  9.076723793024e-01
   17250  2.587500000000e+02  8.617693025313e-01
   17300  2.595000000000e+02  8.141971290245e-01
   17350  2.602500000000e+02  7.652945427423e-01
   17400  2.610000000000e+02  7.154171327308e-01
   17450  2.617500000000e+02  6.649321579739e-01
   17500  2.625000000000e+02  6.142179873131e-01
   17550  2.632500000000e+02  5.636603799627e-01
   17600  2.640000000000e+02  5.136489105950e-01
   17650  2.647500000000e+02  4.645730880748e-01
   17700  2.655000000000e+02  4.168168883816e-01
   17750  2.662500000000e+02  3.707563147401e-01
   17800  2.670000000000e+02  3.267542207590e-01
   17850  2.677500000000e+02  2.851575127743e-01
   17900  2.685000000000e+02  2.462928933978e-01
   17950  2.692500000000e+02  2.104642978507e-01
   18000  2.700000000000e+02  1.779489189863e-01
   18050  2.707500000000e+02  1.489943198207e-01
   18100  2.715000000000e+02  1.238162493288e-01
   18150  2.722500000000e+02  1.025967434015e-01
   18200  2.730000000000e+02  8.548318263972e-02
   18250  2.737500000000e+02  7.258822999109e-02
   18300  2.745000000000e+02  6.398949047052e-02
   18350  2.752500000000e+02  5.972912404273e-02
   18400  2.760000000000e+02  5.981325245683e-02
   18450  2.767500000000e+02  6.421116777068e-02
   18500  2.775000000000e+02  7.285461465427e-02
   18550  2.782500000000e+02  8.563765627410e-02
   18600  2.790000000000e+02  1.024173670524e-01
   18650  2.797500000000e+02  1.230156771592e-01
   18700  2.805000000000e+02  1.472209166302e-01
   18750  2.812500000000e+02  1.747915317448e-01
   18800  2.820000000000e+02  2.054576708718e-01
   18850  2.827500000000e+02  2.389245469600e-01
   18900  2.835000000000e+02  2.748746550827e-01
   18950  2.842500000000e+02  3.129724199678e-01
   19000  2.850000000000e+02  3.528675447254e-01
   19050  2.857500000000e+02  3.941990525040e-01
   19100  2.865000000000e+02  4.365995293113e-01
   19150  2.872500000000e+02  4.796973885812e-01
   19200  2.880000000000e+02  5.231180382592e-01
   19250  2.887500000000e+02  5.664852729006e-01
   19300  2.895000000000e+02  6.094243842260e-01
   19350  2.902500000000e+02  6.515671481620e-01
   19400  2.910000000000e+02  6.925620979566e-01
   19450  2.917500000000e+02  7.320868174213e-01
   19500  2.925000000000e+02  7.698597724719e-01
   19550  2.932500000000e+02  8.056478003132e-01
   19600  2.940000000000e+02  8.392636370100e-01
   19650  2.947500000000e+02  8.705551244355e-01
   19700  2.955000000000e+02  8.993833870905e-01
   19750  2.962500000000e+02  9.256027613822e-01
   19800  2.970000000000e+02  9.490456531238e-01
   19850  2.977500000000e+02  9.695213226557e-01
   19900  2.985000000000e+02  9.868291411982e-01
   19950  2.992500000000e+02  1.000782318845e+00
   20000  3.000000000000e+02  1.011233897643e+00
   20050  3.007500000000e+02  1.018095324500e+00
   20100  3.015000000000e+02  1.021343687620e+00
   20150  3.022500000000e+02  1.021015086605e+00
   20200  3.030000000000e+02  1.017189669690e+00
   20250  3.037500000000e+02  1.009977248321e+00
   20300  3.045000000000e+02  9.995025604912e-01
   20350  3.052500000000e+02  9.859002264966e-01
   20400  3.060000000000e+02  9.693077007225e-01
   20450  3.067500000000e+02  9.498661601165e-01
   20500  3.075000000000e+02  9.277177402625e-01
   20550  3.082500000000e+02  9.030063086955e-01
   20600  3.090000000000e+02  8.758774363232e-01
   20650  3.097500000000e+02  8.464789582185e-01
   20700  3.105000000000e+02  8.149653244063e-01
   20750  3.112500000000e+02  7.815053426079e-01
   20800  3.120000000000e+02  7.462933545349e-01
   20850  3.127500000000e+02  7.095598195531e-01
   20900  3.135000000000e+02  6.715753243365e-01
   20950  3.142500000000e+02  6.326441385953e-01
   21000  3.150000000000e+02  5.930939365871e-01
   21050  3.157500000000e+02  5.532596419003e-01
   21100  3.165000000000e+02  5.134710538236e-01
   21150  3.172500000000e+02  4.740402752525e-01
   21200  3.180000000000e+02  4.352567738805e-01
   21250  3.187500000000e+02  3.973841072418e-01
   21300  3.195000000000e+02  3.606595524246e-01
   21350  3.202500000000e+02  3.252992157563e-01
   21400  3.210000000000e+02  2.915033328998e-01
   21450  3.217500000000e+02  2.594613673666e-01
   21500  3.225000000000e+02  2.293561632987e-01
   21550  3.232500000000e+02  2.013642775152e-01
   21600  3.240000000000e+02  1.756522835482e-01
   21650  3.247500000000e+02  1.523729441526e-01
   21700  3.255000000000e+02  1.316594912402e-01
   21750  3.262500000000e+02  1.136211382608e-01
   21800  3.270000000000e+02  9.833926740397e-02
   21850  3.277500000000e+02  8.586630117923e-02
   21900  3.285000000000e+02  7.622578477381e-02
   21950  3.292500000000e+02  6.941322160445e-02
   22000  3.300000000000e+02  6.539707464695e-02
   22050  3.307500000000e+02  6.412002300434e-02
   22100  3.315000000000e+02  6.550070266457e-02
   22150  3.322500000000e+02  6.943679174991e-02
   22200  3.330000000000e+02  7.580929248354e-02
   22250  3.337500000000e+02  8.448712599238e-02
   22300  3.345000000000e+02  9.533003171249e-02
   22350  3.352500000000e+02  1.081898598935e-01
   22400  3.360000000000e+02  1.229085778815e-01
   22450  3.367500000000e+02  1.393158321250e-01
   22500  3.375000000000e+02  1.572252612516e-01
   22550  3.382500000000e+02  1.764336754296e-01
   22600  3.390000000000e+02  1.967209193489e-01
   22650  3.397500000000e+02  2.178529255762e-01
   22700  3.405000000000e+02  2.395870316577e-01
   22750  3.412500000000e+02  2.616788179439e-01
   22800  3.420000000000e+02  2.838882484929e-01
   22850  3.427500000000e+02  3.059857603325e-01
   22900  3.435000000000e+02  3.277562092032e-01
   22950  3.442500000000e+02  3.490043324234e-01
   23000  3.450000000000e+02  3.695565278769e-01
   23050  3.457500000000e+02  3.892622025398e-01
   23100  3.465000000000e+02  4.079926508367e-01
   23150  3.472500000000e+02  4.256356654112e-01
   23200  3.480000000000e+02  4.420895837469e-01
   23250  3.487500000000e+02  4.572577793421e-01
   23300  3.495000000000e+02  4.710445905889e-01
   23350  3.502500000000e+02  4.833547387817e-01
   23400  3.510000000000e+02  4.940957010064e-01
   23450  3.517500000000e+02  5.031800757784e-01
   23500  3.525000000000e+02  5.105305480463e-01
   23550  3.532500000000e+02  5.160815008289e-01
   23600  3.540000000000e+02  5.197822097231e-01
   23650  3.547500000000e+02  5.216005851165e-01
   23700  3.555000000000e+02  5.215292059663e-01
   23750  3.562500000000e+02  5.195909615061e-01
   23800  3.570000000000e+02  5.158427223533e-01
   23850  3.577500000000e+02  5.103752566611e-01
   23900  3.585000000000e+02  5.033069840071e-01
   23950  3.592500000000e+02  4.947726594143e-01
   24000  3.600000000000e+02  4.849108809430e-01
   24050  3.607500000000e+02  4.738512955191e-01
   24100  3.615000000000e+02  4.617057097630e-01
   24150  3.622500000000e+02  4.485652015912e-01
   24200  3.630000000000e+02  4.345021804708e-01
   24250  3.637500000000e+02  4.195773322631e-01
   24300  3.645000000000e+02  4.038521354803e-01
   24350  3.652500000000e+02  3.873989510347e-01
   24400  3.660000000000e+02  3.703117648644e-01
   24450  3.667500000000e+02  3.527083086611e-01
   24500  3.675000000000e+02  3.347263653396e-01
   24550  3.682500000000e+02  3.165157053249e-01
   24600  3.690000000000e+02  2.982285442195e-01
   24650  3.697500000000e+02  2.800120831294e-01
   24700  3.705000000000e+02  2.620038744819e-01
   24750  3.712500000000e+02  2.443287807921e-01
   24800  3.720000000000e+02  2.270978911553e-01
   24850  3.727500000000e+02  2.104072659943e-01
   24900  3.735000000000e+02  1.943393296816e-01
   24950  3.742500000000e+02  1.789643809945e-01
   25000  3.750000000000e+02  1.643420530119e-01
   25050  3.757500000000e+02  1.505245718275e-01
   25100  3.765000000000e+02  1.375584177902e-01
   25150  3.772500000000e+02  1.254877756685e-01
   25200  3.780000000000e+02  1.143562950005e-01
   25250  3.787500000000e+02  1.042078065705e-01
   25300  3.795000000000e+02  9.508398456934e-02
   25350  3.802500000000e+02  8.702002459535e-02
   25400  3.810000000000e+02  8.003922284496e-02
   25450  3.817500000000e+02  7.414882506136e-02
   25500  3.825000000000e+02  6.933851743031e-02
   25550  3.832500000000e+02  6.558204083714e-02
   25600  3.840000000000e+02  6.284129190018e-02
   25650  3.847500000000e+02  6.107070606768e-02
   25700  3.855000000000e+02  6.022112374260e-02
   25750  3.862500000000e+02  6.024196886255e-02
   25800  3.870000000000e+02  6.108181334428e-02
   25850  3.877500000000e+02  6.268764875951e-02
   25900  3.885000000000e+02  6.500365401661e-02
   25950  3.892500000000e+02  6.797005353302e-02
   26000  3.900000000000e+02  7.152239960521e-02
   26050  3.907500000000e+02  7.559184836756e-02
   26100  3.915000000000e+02  8.010594434749e-02
   26150  3.922500000000e+02  8.498926615504e-02
   26200  3.930000000000e+02  9.016443352699e-02
   26250  3.937500000000e+02  9.555303444009e-02
   26300  3.945000000000e+02  1.010762294520e-01
   26350  3.952500000000e+02  1.066564149955e-01
   26400  3.960000000000e+02  1.122190477810e-01
   26450  3.967500000000e+02  1.176945739728e-01
   26500  3.975000000000e+02  1.230208584126e-01
   26550  3.982500000000e+02  1.281445683316e-01
   26600  3.990000000000e+02  1.330218722573e-01
   26650  3.997500000000e+02  1.376177597336e-01
   26700  4.005000000000e+02  1.419034491675e-01
   26750  4.012500000000e+02  1.458541085016e-01
   26800  4.020000000000e+02  1.494469906567e-01
   26850  4.027500000000e+02  1.526588931259e-01
   26900  4.035000000000e+02  1.554651195252e-01
   26950  4.042500000000e+02  1.578400344551e-01
   27000  4.050000000000e+02  1.597585343252e-01
   27050  4.057500000000e+02  1.611994840914e-01
   27100  4.065000000000e+02  1.621492058938e-01
   27150  4.072500000000e+02  1.626018129954e-01
   27200  4.080000000000e+02  1.625600029956e-01
   27250  4.087500000000e+02  1.620333895352e-01
   27300  4.095000000000e+02  1.610377951353e-01
   27350  4.102500000000e+02  1.595944956738e-01
   27400  4.110000000000e+02  1.577299652475e-01
   27450  4.117500000000e+02  1.554761805390e-01
   27500  4.125000000000e+02  1.528701360731e-01
   27550  4.132500000000e+02  1.499518638350e-01
   27600  4.140000000000e+02  1.467623802642e-01
   27650  4.147500000000e+02  1.433416321994e-01
   27700  4.155000000000e+02  1.397259057772e-01
   27750  4.162500000000e+02  1.359476648712e-01
   27800  4.170000000000e+02  1.320346335946e-01
   27850  4.177500000000e+02  1.280117162073e-01
   27900  4.185000000000e+02  1.239023312535e-01
   27950  4.192500000000e+02  1.197308807178e-01
   28000  4.200000000000e+02  1.155245380051e-01
   28050  4.207500000000e+02  1.113153414437e-01
   28100  4.215000000000e+02  1.071391381305e-01
   28150  4.222500000000e+02  1.030340266888e-01
   28200  4.230000000000e+02  9.903610649361e-02
   28250  4.237500000000e+02  9.517617559398e-02
   28300  4.245000000000e+02  9.147722299382e-02
   28350  4.252500000000e+02  8.795390205131e-02
   28400  4.260000000000e+02  8.461433985320e-02
   28450  4.267500000000e+02  8.146260772857e-02
   28500  4.275000000000e+02  7.850103421994e-02
   28550  4.282500000000e+02  7.573138452915e-02
   28600  4.290000000000e+02  7.315494676419e-02
   28650  4.297500000000e+02  7.077183001992e-02
   28700  4.305000000000e+02  6.858083924219e-02
   28750  4.312500000000e+02  6.657954519206e-02
   28800  4.320000000000e+02  6.476490115843e-02
   28850  4.327500000000e+02  6.313439092974e-02
   28900  4.335000000000e+02  6.168597430439e-02
   28950  4.342500000000e+02  6.041780217586e-02
   29000  4.350000000000e+02  5.932712975317e-02
   29050  4.357500000000e+02  5.840922507027e-02
   29100  4.365000000000e+02  5.765647413665e-02
   29150  4.372500000000e+02  5.705820354377e-02
   29200  4.380000000000e+02  5.660137425656e-02
   29250  4.387500000000e+02  5.627147090748e-02
   29300  4.395000000000e+02  5.605351334857e-02
   29350  4.402500000000e+02  5.593290099669e-02
   29400  4.410000000000e+02  5.589596188867e-02
   29450  4.417500000000e+02  5.593019832237e-02
   29500  4.425000000000e+02  5.602421171563e-02
   29550  4.432500000000e+02  5.616738876031e-02
   29600  4.440000000000e+02  5.634945784486e-02
   29650  4.447500000000e+02  5.656020802975e-02
   29700  4.455000000000e+02  5.678956925196e-02
   29750  4.462500000000e+02  5.702783444573e-02
   29800  4.470000000000e+02  5.726640989558e-02
   29850  4.477500000000e+02  5.749813686086e-02
   29900  4.485000000000e+02  5.771764581357e-02
   29950  4.492500000000e+02  5.792116241385e-02
   30000  4.500000000000e+02  5.810629264090e-02
   30050  4.507500000000e+02  5.827185285524e-02
   30100  4.515000000000e+02  5.841765717640e-02
   30150  4.522500000000e+02  5.854453267488e-02
   30200  4.530000000000e+02  5.865422240910e-02
   30250  4.537500000000e+02  5.874922357585e-02
   30300  4.545000000000e+02  5.883227844241e-02
   30350  4.552500000000e+02  5.890547288739e-02
   30400  4.560000000000e+02  5.896932842285e-02
   30450  4.567500000000e+02  5.902233498923e-02
   30500  4.575000000000e+02  5.906112449431e-02
   30550  4.582500000000e+02  5.908141162978e-02
   30600  4.590000000000e+02  5.907918040983e-02
   30650  4.597500000000e+02  5.905182471291e-02
   30700  4.605000000000e+02  5.899879721189e-02
   30750  4.612500000000e+02  5.892154843213e-02
   30800  4.620000000000e+02  5.882314973378e-02
   30850  4.627500000000e+02  5.870747501994e-02
   30900  4.635000000000e+02  5.857859485871e-02
   30950  4.642500000000e+02  5.844029377781e-02
   31000  4.650000000000e+02  5.829583091114e-02
   31050  4.657500000000e+02  5.814800155520e-02
   31100  4.665000000000e+02  5.799925447443e-02
   31150  4.672500000000e+02  5.785172479508e-02
   31200  4.680000000000e+02  5.770721643366e-02
   31250  4.687500000000e+02  5.756710829123e-02
   31300  4.695000000000e+02  5.743227431688e-02
   31350  4.702500000000e+02  5.730312770920e-02
   31400  4.710000000000e+02  5.717963023346e-02
   31450  4.717500000000e+02  5.706150455691e-02
   31500  4.725000000000e+02  5.694850588357e-02
   31550  4.732500000000e+02  5.684045896732e-02
   31600  4.740000000000e+02  5.673754868975e-02
   31650  4.747500000000e+02  5.664035029175e-02
   31700  4.755000000000e+02  5.654981180727e-02
   31750  4.762500000000e+02  5.646706740817e-02
   31800  4.770000000000e+02  5.639324582667e-02
   31850  4.777500000000e+02  5.632912966520e-02
   31900  4.785000000000e+02  5.627492279944e-02
   31950  4.792500000000e+02  5.623012003270e-02
   32000  4.800000000000e+02  5.619360864661e-02
   32050  4.807500000000e+02  5.616391526413e-02
   32100  4.815000000000e+02  5.613949101704e-02
   32150  4.822500000000e+02  5.611898175209e-02
   32200  4.830000000000e+02  5.610137578968e-02
   32250  4.837500000000e+02  5.608600673855e-02
   32300  4.845000000000e+02  5.607248487961e-02
   32350  4.852500000000e+02  5.606061251588e-02
   32400  4.860000000000e+02  5.605029600736e-02
   32450  4.867500000000e+02  5.604148063953e-02
   32500  4.875000000000e+02  5.603409126456e-02
   32550  4.882500000000e+02  5.602798188888e-02
   32600  4.890000000000e+02  5.602292914085e-02
   32650  4.897500000000e+02  5.601866824114e-02
   32700  4.905000000000e+02  5.601495960789e-02
   32750  4.912500000000e+02  5.601163993083e-02
   32800  4.920000000000e+02  5.600862592130e-02
   32850  4.927500000000e+02  5.600588685516e-02
   32900  4.935000000000e+02  5.600341420559e-02
   32950  4.942500000000e+02  5.600120782203e-02
   33000  4.950000000000e+02  5.599927744446e-02
   33050  4.957500000000e+02  5.599764273560e-02
   33100  4.965000000000e+02  5.599633584916e-02
   33150  4.972500000000e+02  5.599540426287e-02
   33200  4.980000000000e+02  5.599490853903e-02
   33250  4.987500000000e+02  5.599490398448e-02
   33300  4.995000000000e+02  5.599540907884e-02
   33350  5.002500000000e+02  5.599637416013e-02
   33400  5.010000000000e+02  5.599766434348e-02
   33450  5.017500000000e+02  5.599906533737e-02
   33500  5.025000000000e+02  5.600032510460e-02
   33550  5.032500000000e+02  5.600119942120e-02
   33600  5.040000000000e+02  5.600150521044e-02
   33650  5.047500000000e+02  5.600118198004e-02
   33700  5.055000000000e+02  5.600034690085e-02
   33750  5.062500000000e+02  5.599930465117e-02
   33800  5.070000000000e+02  5.599847247083e-02
   33850  5.077500000000e+02  5.599822427240e-02
   33900  5.085000000000e+02  5.599873107879e-02
   33950  5.092500000000e+02  5.599990160598e-02
   34000  5.100000000000e+02  5.600145985309e-02
   34050  5.107500000000e+02  5.600309496018e-02
   34100  5.115000000000e+02  5.600458126706e-02
   34150  5.122500000000e+02  5.600581257935e-02
   34200  5.130000000000e+02  5.600676709249e-02
   34250  5.137500000000e+02  5.600745404763e-02
   34300  5.145000000000e+02  5.600787952622e-02
   34350  5.152500000000e+02  5.600803865887e-02
   34400  5.160000000000e+02  5.600792437300e-02
   34450  5.167500000000e+02  5.600754273709e-02
   34500  5.175000000000e+02  5.600692618601e-02
   34550  5.182500000000e+02  5.600613649548e-02
   34600  5.190000000000e+02  5.600525404987e-02
   34650  5.197500000000e+02  5.600436205267e-02
   34700  5.205000000000e+02  5.600353834150e-02
   34750  5.212500000000e+02  5.600285764597e-02
   34800  5.220000000000e+02  5.600239424501e-02
   34850  5.227500000000e+02  5.600221571794e-02
   34900  5.235000000000e+02  5.600236952541e-02
   34950  5.242500000000e+02  5.600287018636e-02
   35000  5.250000000000e+02  5.600369421564e-02
   35050  5.257500000000e+02  5.600478426065e-02
   35100  5.265000000000e+02  5.600605983340e-02
   35150  5.272500000000e+02  5.600742730992e-02
   35200  5.280000000000e+02  5.600878467189e-02
   35250  5.287500000000e+02  5.601002266030e-02
   35300  5.295000000000e+02  5.601102755101e-02
   35350  5.302500000000e+02  5.601168799039e-02
   35400  5.310000000000e+02  5.601190471862e-02
   35450  5.317500000000e+02  5.601160223002e-02
   35500  5.325000000000e+02  5.601074270015e-02
   35550  5.332500000000e+02  5.600933572166e-02
   35600  5.340000000000e+02  5.600743316504e-02
   35650  5.347500000000e+02  5.600510950975e-02
   35700  5.355000000000e+02  5.600244716294e-02
   35750  5.362500000000e+02  5.599954578291e-02
   35800  5.370000000000e+02  5.599654911515e-02
   35850  5.377500000000e+02  5.599366075783e-02
   35900  5.385000000000e+02  5.599112614463e-02
   35950  5.392500000000e+02  5.598918446467e-02
   36000  5.400000000000e+02  5.598801766360e-02
   36050  5.407500000000e+02  5.598772183868e-02
   36100  5.415000000000e+02  5.598830496981e-02
   36150  5.422500000000e+02  5.598969499807e-02
   36200  5.430000000000e+02  5.599175109101e-02
   36250  5.437500000000e+02  5.599428724308e-02
   36300  5.445000000000e+02  5.599711242228e-02
   36350  5.452500000000e+02  5.600007044604e-02
   36400  5.460000000000e+02  5.600305742616e-02
   36450  5.467500000000e+02  5.600600889571e-02
   36500  5.475000000000e+02  5.600886818478e-02
   36550  5.482500000000e+02  5.601155541415e-02
   36600  5.490000000000e+02  5.601395674509e-02
   36650  5.497500000000e+02  5.601594084192e-02
   36700  5.505000000000e+02  5.601739053455e-02
   36750  5.512500000000e+02  5.601822694606e-02
   36800  5.520000000000e+02  5.601841464760e-02
   36850  5.527500000000e+02  5.601795829461e-02
   36900  5.535000000000e+02  5.601690236238e-02
   36950  5.542500000000e+02  5.601533109086e-02
   37000  5.550000000000e+02  5.601336073345e-02
   37050  5.557500000000e+02  5.601112701797e-02
   37100  5.565000000000e+02  5.600877494940e-02
   37150  5.572500000000e+02  5.600644754865e-02
   37200  5.580000000000e+02  5.600426959216e-02
   37250  5.587500000000e+02  5.600233203956e-02
   37300  5.595000000000e+02  5.600068721760e-02
   37350  5.602500000000e+02  5.599935437609e-02
   37400  5.610000000000e+02  5.599832909495e-02
   37450  5.617500000000e+02  5.599759266642e-02
   37500  5.625000000000e+02  5.599711850397e-02
   37550  5.632500000000e+02  5.599687539201e-02
   37600  5.640000000000e+02  5.599683084911e-02
   37650  5.647500000000e+02  5.599696137006e-02
   37700  5.655000000000e+02  5.599726856228e-02
   37750  5.662500000000e+02  5.599778793969e-02
   37800  5.670000000000e+02  5.599857811804e-02
   37850  5.677500000000e+02  5.599969002363e-02
   37900  5.685000000000e+02  5.600112812869e-02
   37950  5.692500000000e+02  5.600282431993e-02
   38000  5.700000000000e+02  5.600464368628e-02
   38050  5.707500000000e+02  5.600642388735e-02
   38100  5.715000000000e+02  5.600802780007e-02
   38150  5.722500000000e+02  5.600937986686e-02
   38200  5.730000000000e+02  5.601046997629e-02
   38250  5.737500000000e+02  5.601132928272e-02
   38300  5.745000000000e+02  5.601199621619e-02
   38350  5.752500000000e+02  5.601249118344e-02
   38400  5.760000000000e+02  5.601280939264e-02
   38450  5.767500000000e+02  5.601293029801e-02
   38500  5.775000000000e+02  5.601283466952e-02
   38550  5.782500000000e+02  5.601251983275e-02
   38600  5.790000000000e+02  5.601200534781e-02
   38650  5.797500000000e+02  5.601132629017e-02
   38700  5.805000000000e+02  5.601051705824e-02
   38750  5.812500000000e+02  5.600959849728e-02
   38800  5.820000000000e+02  5.600857904724e-02
   38850  5.827500000000e+02  5.600746541082e-02
   38900  5.835000000000e+02  5.600627129999e-02
   38950  5.842500000000e+02  5.600501748588e-02
   39000  5.850000000000e+02  5.600372275629e-02
   39050  5.857500000000e+02  5.600239350263e-02
   39100  5.865000000000e+02  5.600102469127e-02
   39150  5.872500000000e+02  5.599962224344e-02
   39200  5.880000000000e+02  5.599823554712e-02
   39250  5.887500000000e+02  5.599697134314e-02
   39300  5.895000000000e+02  5.599596989776e-02
   39350  5.902500000000e+02  5.599535964075e-02
   39400  5.910000000000e+02  5.599522744707e-02
   39450  5.917500000000e+02  5.599561645220e-02
   39500  5.925000000000e+02  5.599653138932e-02
   39550  5.932500000000e+02  5.599792922588e-02
   39600  5.940000000000e+02  5.599969920105e-02
   39650  5.947500000000e+02  5.600165646113e-02
   39700  5.955000000000e+02  5.600356762693e-02
   39750  5.962500000000e+02  5.600520570763e-02
   39800  5.970000000000e+02  5.600641050207e-02
   39850  5.977500000000e+02  5.600712764351e-02
   39900  5.985000000000e+02  5.600740803452e-02
   39950  5.992500000000e+02  5.600736738647e-02
   40000  6.000000000000e+02  5.600712767224e-02
