################################################################################
# HEADER
# nspin         1
#%
# nik       217
#  st         1      26
# ust         1      26
# Iter             t            #  iter t Nex(t)  
################################################################################
       0  0.000000000000e+00  2.922662112326e-14
      50  7.500000000000e-01  1.096795800709e-08
     100  1.500000000000e+00  2.194211298073e-08
     150  2.250000000000e+00  3.297817158937e-08
     200  3.000000000000e+00  4.427755314479e-08
     250  3.750000000000e+00  5.631564062997e-08
     300  4.500000000000e+00  6.989439538252e-08
     350  5.250000000000e+00  8.629286415984e-08
     400  6.000000000000e+00  1.073554096800e-07
     450  6.750000000000e+00  1.353946351146e-07
     500  7.500000000000e+00  1.733564138143e-07
     550  8.250000000000e+00  2.256136952469e-07
     600  9.000000000000e+00  2.965601828067e-07
     650  9.750000000000e+00  3.923161554578e-07
     700  1.050000000000e+01  5.197987460945e-07
     750  1.125000000000e+01  6.872496454632e-07
     800  1.200000000000e+01  9.042440707110e-07
     850  1.275000000000e+01  1.181186842676e-06
     900  1.350000000000e+01  1.529617691773e-06
     950  1.425000000000e+01  1.961337697379e-06
    1000  1.500000000000e+01  2.489306220946e-06
    1050  1.575000000000e+01  3.126726044800e-06
    1100  1.650000000000e+01  3.886795016048e-06
    1150  1.725000000000e+01  4.783588263654e-06
    1200  1.800000000000e+01  5.829423491671e-06
    1250  1.875000000000e+01  7.039289397492e-06
    1300  1.950000000000e+01  8.423517844428e-06
    1350  2.025000000000e+01  9.995432449179e-06
    1400  2.100000000000e+01  1.176317837887e-05
    1450  2.175000000000e+01  1.373425340663e-05
    1500  2.250000000000e+01  1.591491151983e-05
    1550  2.325000000000e+01  1.830661828486e-05
    1600  2.400000000000e+01  2.090902457041e-05
    1650  2.475000000000e+01  2.371591558234e-05
    1700  2.550000000000e+01  2.672013052588e-05
    1750  2.625000000000e+01  2.990775914515e-05
    1800  2.700000000000e+01  3.326277786338e-05
    1850  2.775000000000e+01  3.676188278257e-05
    1900  2.850000000000e+01  4.037888854302e-05
    1950  2.925000000000e+01  4.408643811184e-05
    2000  3.000000000000e+01  4.784308672252e-05
    2050  3.075000000000e+01  5.161746163605e-05
    2100  3.150000000000e+01  5.536409728633e-05
    2150  3.225000000000e+01  5.903681525354e-05
    2200  3.300000000000e+01  6.258664714565e-05
    2250  3.375000000000e+01  6.596429048226e-05
    2300  3.450000000000e+01  6.911478383698e-05
    2350  3.525000000000e+01  7.198623245172e-05
    2400  3.600000000000e+01  7.452400045075e-05
    2450  3.675000000000e+01  7.667800623467e-05
    2500  3.750000000000e+01  7.839516795824e-05
    2550  3.825000000000e+01  7.963026263414e-05
    2600  3.900000000000e+01  8.034223389597e-05
    2650  3.975000000000e+01  8.049485357422e-05
    2700  4.050000000000e+01  8.005719456913e-05
    2750  4.125000000000e+01  7.901005347741e-05
    2800  4.200000000000e+01  7.733707388198e-05
    2850  4.275000000000e+01  7.504289725264e-05
    2900  4.350000000000e+01  7.213594565028e-05
    2950  4.425000000000e+01  6.864226630054e-05
    3000  4.500000000000e+01  6.459782769771e-05
    3050  4.575000000000e+01  6.006242687552e-05
    3100  4.650000000000e+01  5.510034000994e-05
    3150  4.725000000000e+01  4.980367673041e-05
    3200  4.800000000000e+01  4.427398830750e-05
    3250  4.875000000000e+01  3.863694637211e-05
    3300  4.950000000000e+01  3.302959331931e-05
    3350  5.025000000000e+01  2.761294202278e-05
    3400  5.100000000000e+01  2.255985611815e-05
    3450  5.175000000000e+01  1.806407750727e-05
    3500  5.250000000000e+01  1.433275149543e-05
    3550  5.325000000000e+01  1.158720345557e-05
    3600  5.400000000000e+01  1.006249115672e-05
    3650  5.475000000000e+01  1.000386001003e-05
    3700  5.550000000000e+01  1.166655946835e-05
    3750  5.625000000000e+01  1.531154693737e-05
    3800  5.700000000000e+01  2.120501034576e-05
    3850  5.775000000000e+01  2.960982847009e-05
    3900  5.850000000000e+01  4.079703753975e-05
    3950  5.925000000000e+01  5.502728690054e-05
    4000  6.000000000000e+01  7.254757890852e-05
    4050  6.075000000000e+01  9.360226817738e-05
    4100  6.150000000000e+01  1.184140579703e-04
    4150  6.225000000000e+01  1.471918554575e-04
    4200  6.300000000000e+01  1.801160150684e-04
    4250  6.375000000000e+01  2.173488669609e-04
    4300  6.450000000000e+01  2.590081365947e-04
    4350  6.525000000000e+01  3.051884446875e-04
    4400  6.600000000000e+01  3.559604738236e-04
    4450  6.675000000000e+01  4.113214405824e-04
    4500  6.750000000000e+01  4.712421489626e-04
    4550  6.825000000000e+01  5.356619302778e-04
    4600  6.900000000000e+01  6.044432687274e-04
    4650  6.975000000000e+01  6.774243714621e-04
    4700  7.050000000000e+01  7.543813008356e-04
    4750  7.125000000000e+01  8.350363568617e-04
    4800  7.200000000000e+01  9.190514261736e-04
    4850  7.275000000000e+01  1.006051176682e-03
    4900  7.350000000000e+01  1.095612367130e-03
    4950  7.425000000000e+01  1.187234253992e-03
    5000  7.500000000000e+01  1.280393410821e-03
    5050  7.575000000000e+01  1.374514858016e-03
    5100  7.650000000000e+01  1.468961591463e-03
    5150  7.725000000000e+01  1.563092419778e-03
    5200  7.800000000000e+01  1.656221847014e-03
    5250  7.875000000000e+01  1.747614200202e-03
    5300  7.950000000000e+01  1.836531449045e-03
    5350  8.025000000000e+01  1.922221733651e-03
    5400  8.100000000000e+01  2.003918895291e-03
    5450  8.175000000000e+01  2.080861995202e-03
    5500  8.250000000000e+01  2.152264220173e-03
    5550  8.325000000000e+01  2.217416775930e-03
    5600  8.400000000000e+01  2.275580198536e-03
    5650  8.475000000000e+01  2.326094635703e-03
    5700  8.550000000000e+01  2.368280861355e-03
    5750  8.625000000000e+01  2.401558468855e-03
    5800  8.700000000000e+01  2.425394128352e-03
    5850  8.775000000000e+01  2.439325678212e-03
    5900  8.850000000000e+01  2.442959007378e-03
    5950  8.925000000000e+01  2.435973735869e-03
    6000  9.000000000000e+01  2.418188068331e-03
    6050  9.075000000000e+01  2.389448485469e-03
    6100  9.150000000000e+01  2.349777485553e-03
    6150  9.225000000000e+01  2.299268560232e-03
    6200  9.300000000000e+01  2.238143687292e-03
    6250  9.375000000000e+01  2.166736198858e-03
    6300  9.450000000000e+01  2.085505699245e-03
    6350  9.525000000000e+01  1.995062467934e-03
    6400  9.600000000000e+01  1.896117908420e-03
    6450  9.675000000000e+01  1.789506560883e-03
    6500  9.750000000000e+01  1.676191329288e-03
    6550  9.825000000000e+01  1.557266202830e-03
    6600  9.900000000000e+01  1.433909100883e-03
    6650  9.975000000000e+01  1.307458102585e-03
    6700  1.005000000000e+02  1.179318708111e-03
    6750  1.012500000000e+02  1.050981883967e-03
    6800  1.020000000000e+02  9.240545994528e-04
    6850  1.027500000000e+02  8.001798088224e-04
    6900  1.035000000000e+02  6.810901311719e-04
    6950  1.042500000000e+02  5.685565094756e-04
    7000  1.050000000000e+02  4.643732544972e-04
    7050  1.057500000000e+02  3.703644723424e-04
    7100  1.065000000000e+02  2.883481783079e-04
    7150  1.072500000000e+02  2.201283611594e-04
    7200  1.080000000000e+02  1.674743743342e-04
    7250  1.087500000000e+02  1.321060413493e-04
    7300  1.095000000000e+02  1.156736555731e-04
    7350  1.102500000000e+02  1.197401663161e-04
    7400  1.110000000000e+02  1.457629360976e-04
    7450  1.117500000000e+02  1.950757112589e-04
    7500  1.125000000000e+02  2.688706126037e-04
    7550  1.132500000000e+02  3.681865433682e-04
    7600  1.140000000000e+02  4.938855911567e-04
    7650  1.147500000000e+02  6.466378373580e-04
    7700  1.155000000000e+02  8.269164065382e-04
    7750  1.162500000000e+02  1.034985641565e-03
    7800  1.170000000000e+02  1.270871257926e-03
    7850  1.177500000000e+02  1.534374638419e-03
    7900  1.185000000000e+02  1.825069165878e-03
    7950  1.192500000000e+02  2.142235321365e-03
    8000  1.200000000000e+02  2.484983826795e-03
    8050  1.207500000000e+02  2.852094578896e-03
    8100  1.215000000000e+02  3.242167158381e-03
    8150  1.222500000000e+02  3.653506940011e-03
    8200  1.230000000000e+02  4.084208910236e-03
    8250  1.237500000000e+02  4.532137749967e-03
    8300  1.245000000000e+02  4.994890558916e-03
    8350  1.252500000000e+02  5.469929699586e-03
    8400  1.260000000000e+02  5.954479941092e-03
    8450  1.267500000000e+02  6.445642574679e-03
    8500  1.275000000000e+02  6.940281961043e-03
    8550  1.282500000000e+02  7.435238613173e-03
    8600  1.290000000000e+02  7.927138685003e-03
    8650  1.297500000000e+02  8.412627436487e-03
    8700  1.305000000000e+02  8.888222646592e-03
    8750  1.312500000000e+02  9.350422418209e-03
    8800  1.320000000000e+02  9.795785494768e-03
    8850  1.327500000000e+02  1.022083116371e-02
    8900  1.335000000000e+02  1.062214301904e-02
    8950  1.342500000000e+02  1.099652139890e-02
    9000  1.350000000000e+02  1.134068897221e-02
    9050  1.357500000000e+02  1.165168194348e-02
    9100  1.365000000000e+02  1.192669170466e-02
    9150  1.372500000000e+02  1.216308825918e-02
    9200  1.380000000000e+02  1.235846094518e-02
    9250  1.387500000000e+02  1.251075069516e-02
    9300  1.395000000000e+02  1.261814114147e-02
    9350  1.402500000000e+02  1.267914304560e-02
    9400  1.410000000000e+02  1.269266902667e-02
    9450  1.417500000000e+02  1.265788700709e-02
    9500  1.425000000000e+02  1.257441636749e-02
    9550  1.432500000000e+02  1.244225172898e-02
    9600  1.440000000000e+02  1.226179564951e-02
    9650  1.447500000000e+02  1.203386354006e-02
    9700  1.455000000000e+02  1.175971600861e-02
    9750  1.462500000000e+02  1.144097614358e-02
    9800  1.470000000000e+02  1.107972658654e-02
    9850  1.477500000000e+02  1.067843705924e-02
    9900  1.485000000000e+02  1.023999390898e-02
    9950  1.492500000000e+02  9.767647569818e-03
   10000  1.500000000000e+02  9.265038712304e-03
   10050  1.507500000000e+02  8.736133278596e-03
   10100  1.515000000000e+02  8.185235064069e-03
   10150  1.522500000000e+02  7.616918365582e-03
   10200  1.530000000000e+02  7.036059113154e-03
   10250  1.537500000000e+02  6.447701805829e-03
   10300  1.545000000000e+02  5.857127987848e-03
   10350  1.552500000000e+02  5.269748228455e-03
   10400  1.560000000000e+02  4.691061479572e-03
   10450  1.567500000000e+02  4.126716988495e-03
   10500  1.575000000000e+02  3.582270360928e-03
   10550  1.582500000000e+02  3.063301803604e-03
   10600  1.590000000000e+02  2.575329118311e-03
   10650  1.597500000000e+02  2.123742111783e-03
   10700  1.605000000000e+02  1.713725304877e-03
   10750  1.612500000000e+02  1.350289013470e-03
   10800  1.620000000000e+02  1.038167681706e-03
   10850  1.627500000000e+02  7.817745899390e-04
   10900  1.635000000000e+02  5.851793233512e-04
   10950  1.642500000000e+02  4.520594846639e-04
   11000  1.650000000000e+02  3.856471644506e-04
   11050  1.657500000000e+02  3.887130511788e-04
   11100  1.665000000000e+02  4.635132859956e-04
   11150  1.672500000000e+02  6.117800284249e-04
   11200  1.680000000000e+02  8.346802468856e-04
   11250  1.687500000000e+02  1.132803138744e-03
   11300  1.695000000000e+02  1.506135656443e-03
   11350  1.702500000000e+02  1.954056047963e-03
   11400  1.710000000000e+02  2.475317038893e-03
   11450  1.717500000000e+02  3.068062727394e-03
   11500  1.725000000000e+02  3.729821498044e-03
   11550  1.732500000000e+02  4.457504437306e-03
   11600  1.740000000000e+02  5.247449423842e-03
   11650  1.747500000000e+02  6.095428568111e-03
   11700  1.755000000000e+02  6.996644460791e-03
   11750  1.762500000000e+02  7.945787071688e-03
   11800  1.770000000000e+02  8.937069529739e-03
   11850  1.777500000000e+02  9.964254737787e-03
   11900  1.785000000000e+02  1.102076371803e-02
   11950  1.792500000000e+02  1.209953984881e-02
   12000  1.800000000000e+02  1.319342436763e-02
   12050  1.807500000000e+02  1.429482420111e-02
   12100  1.815000000000e+02  1.539607727687e-02
   12150  1.822500000000e+02  1.648931896080e-02
   12200  1.830000000000e+02  1.756668921499e-02
   12250  1.837500000000e+02  1.862029169513e-02
   12300  1.845000000000e+02  1.964229054266e-02
   12350  1.852500000000e+02  2.062497390100e-02
   12400  1.860000000000e+02  2.156091678799e-02
   12450  1.867500000000e+02  2.244275767397e-02
   12500  1.875000000000e+02  2.326368216556e-02
   12550  1.882500000000e+02  2.401707223306e-02
   12600  1.890000000000e+02  2.469685946629e-02
   12650  1.897500000000e+02  2.529737130018e-02
   12700  1.905000000000e+02  2.581367005580e-02
   12750  1.912500000000e+02  2.624110091843e-02
   12800  1.920000000000e+02  2.657592636996e-02
   12850  1.927500000000e+02  2.681496861631e-02
   12900  1.935000000000e+02  2.695583987490e-02
   12950  1.942500000000e+02  2.699680418508e-02
   13000  1.950000000000e+02  2.693688657752e-02
   13050  1.957500000000e+02  2.677596559988e-02
   13100  1.965000000000e+02  2.651464671920e-02
   13150  1.972500000000e+02  2.615442082881e-02
   13200  1.980000000000e+02  2.569746727668e-02
   13250  1.987500000000e+02  2.514676705377e-02
   13300  1.995000000000e+02  2.450614366390e-02
   13350  2.002500000000e+02  2.378010255035e-02
   13400  2.010000000000e+02  2.297386724595e-02
   13450  2.017500000000e+02  2.209339831756e-02
   13500  2.025000000000e+02  2.114537763644e-02
   13550  2.032500000000e+02  2.013688184228e-02
   13600  2.040000000000e+02  1.907571574684e-02
   13650  2.047500000000e+02  1.797008868248e-02
   13700  2.055000000000e+02  1.682871667270e-02
   13750  2.062500000000e+02  1.566066856947e-02
   13800  2.070000000000e+02  1.447521539199e-02
   13850  2.077500000000e+02  1.328205958804e-02
   13900  2.085000000000e+02  1.209093725712e-02
   13950  2.092500000000e+02  1.091163942312e-02
   14000  2.100000000000e+02  9.754011203724e-03
   14050  2.107500000000e+02  8.627808409014e-03
   14100  2.115000000000e+02  7.542728413746e-03
   14150  2.122500000000e+02  6.508057039583e-03
   14200  2.130000000000e+02  5.532869190102e-03
   14250  2.137500000000e+02  4.625889301945e-03
   14300  2.145000000000e+02  3.795298975209e-03
   14350  2.152500000000e+02  3.048782571819e-03
   14400  2.160000000000e+02  2.393467558612e-03
   14450  2.167500000000e+02  1.835743481040e-03
   14500  2.175000000000e+02  1.381345216019e-03
   14550  2.182500000000e+02  1.035205835446e-03
   14600  2.190000000000e+02  8.014655941671e-04
   14650  2.197500000000e+02  6.833874130674e-04
   14700  2.205000000000e+02  6.833526148912e-04
   14750  2.212500000000e+02  8.028347374064e-04
   14800  2.220000000000e+02  1.042362841665e-03
   14850  2.227500000000e+02  1.401492138782e-03
   14900  2.235000000000e+02  1.878883833347e-03
   14950  2.242500000000e+02  2.472214051553e-03
   15000  2.250000000000e+02  3.178238617667e-03
   15050  2.257500000000e+02  3.992800454205e-03
   15100  2.265000000000e+02  4.910840084812e-03
   15150  2.272500000000e+02  5.926500183467e-03
   15200  2.280000000000e+02  7.033068205257e-03
   15250  2.287500000000e+02  8.223116798925e-03
   15300  2.295000000000e+02  9.488470196366e-03
   15350  2.302500000000e+02  1.082036716846e-02
   15400  2.310000000000e+02  1.220950861878e-02
   15450  2.317500000000e+02  1.364601497696e-02
   15500  2.325000000000e+02  1.511965570556e-02
   15550  2.332500000000e+02  1.661983262367e-02
   15600  2.340000000000e+02  1.813562521525e-02
   15650  2.347500000000e+02  1.965617142165e-02
   15700  2.355000000000e+02  2.117036346427e-02
   15750  2.362500000000e+02  2.266703294323e-02
   15800  2.370000000000e+02  2.413527300223e-02
   15850  2.377500000000e+02  2.556429413902e-02
   15900  2.385000000000e+02  2.694348707032e-02
   15950  2.392500000000e+02  2.826279097306e-02
   16000  2.400000000000e+02  2.951231547094e-02
   16050  2.407500000000e+02  3.068287199567e-02
   16100  2.415000000000e+02  3.176584599964e-02
   16150  2.422500000000e+02  3.275315440113e-02
   16200  2.430000000000e+02  3.363740962618e-02
   16250  2.437500000000e+02  3.441214649895e-02
   16300  2.445000000000e+02  3.507158060941e-02
   16350  2.452500000000e+02  3.561087350447e-02
   16400  2.460000000000e+02  3.602586462333e-02
   16450  2.467500000000e+02  3.631360178112e-02
   16500  2.475000000000e+02  3.647192724075e-02
   16550  2.482500000000e+02  3.649962907633e-02
   16600  2.490000000000e+02  3.639657009022e-02
   16650  2.497500000000e+02  3.616344148029e-02
   16700  2.505000000000e+02  3.580211588730e-02
   16750  2.512500000000e+02  3.531520231089e-02
   16800  2.520000000000e+02  3.470632375244e-02
   16850  2.527500000000e+02  3.398006580682e-02
   16900  2.535000000000e+02  3.314174238545e-02
   16950  2.542500000000e+02  3.219761778841e-02
   17000  2.550000000000e+02  3.115473986701e-02
   17050  2.557500000000e+02  3.002081990208e-02
   17100  2.565000000000e+02  2.880427401621e-02
   17150  2.572500000000e+02  2.751406482879e-02
   17200  2.580000000000e+02  2.615970279586e-02
   17250  2.587500000000e+02  2.475127687090e-02
   17300  2.595000000000e+02  2.329906447688e-02
   17350  2.602500000000e+02  2.181372956984e-02
   17400  2.610000000000e+02  2.030627816870e-02
   17450  2.617500000000e+02  1.878757811464e-02
   17500  2.625000000000e+02  1.726882816222e-02
   17550  2.632500000000e+02  1.576099960457e-02
   17600  2.640000000000e+02  1.427501293069e-02
   17650  2.647500000000e+02  1.282163635430e-02
   17700  2.655000000000e+02  1.141119425233e-02
   17750  2.662500000000e+02  1.005381763870e-02
   17800  2.670000000000e+02  8.759085910819e-03
   17850  2.677500000000e+02  7.536016265592e-03
   17900  2.685000000000e+02  6.393142624839e-03
   17950  2.692500000000e+02  5.338269265875e-03
   18000  2.700000000000e+02  4.378490257269e-03
   18050  2.707500000000e+02  3.520138224872e-03
   18100  2.715000000000e+02  2.768689210857e-03
   18150  2.722500000000e+02  2.128799509378e-03
   18200  2.730000000000e+02  1.604199332528e-03
   18250  2.737500000000e+02  1.197708521423e-03
   18300  2.745000000000e+02  9.111927423058e-04
   18350  2.752500000000e+02  7.455827268860e-04
   18400  2.760000000000e+02  7.008402579896e-04
   18450  2.767500000000e+02  7.759771014818e-04
   18500  2.775000000000e+02  9.690855159697e-04
   18550  2.782500000000e+02  1.277306413703e-03
   18600  2.790000000000e+02  1.696940069670e-03
   18650  2.797500000000e+02  2.223377429977e-03
   18700  2.805000000000e+02  2.851242059600e-03
   18750  2.812500000000e+02  3.574391388845e-03
   18800  2.820000000000e+02  4.385919508949e-03
   18850  2.827500000000e+02  5.278369241493e-03
   18900  2.835000000000e+02  6.243630459397e-03
   18950  2.842500000000e+02  7.273104108430e-03
   19000  2.850000000000e+02  8.357763076809e-03
   19050  2.857500000000e+02  9.488213262287e-03
   19100  2.865000000000e+02  1.065469941405e-02
   19150  2.872500000000e+02  1.184738921295e-02
   19200  2.880000000000e+02  1.305630036459e-02
   19250  2.887500000000e+02  1.427131135754e-02
   19300  2.895000000000e+02  1.548254180829e-02
   19350  2.902500000000e+02  1.668003728973e-02
   19400  2.910000000000e+02  1.785416001853e-02
   19450  2.917500000000e+02  1.899545715770e-02
   19500  2.925000000000e+02  2.009493263910e-02
   19550  2.932500000000e+02  2.114399828176e-02
   19600  2.940000000000e+02  2.213448838657e-02
   19650  2.947500000000e+02  2.305877344038e-02
   19700  2.955000000000e+02  2.390989730037e-02
   19750  2.962500000000e+02  2.468155159314e-02
   19800  2.970000000000e+02  2.536803968100e-02
   19850  2.977500000000e+02  2.596445316528e-02
   19900  2.985000000000e+02  2.646669975833e-02
   19950  2.992500000000e+02  2.687130237296e-02
   20000  3.000000000000e+02  2.717572674707e-02
   20050  3.007500000000e+02  2.737819663137e-02
   20100  3.015000000000e+02  2.747777312812e-02
   20150  3.022500000000e+02  2.747430994170e-02
   20200  3.030000000000e+02  2.736840855655e-02
   20250  3.037500000000e+02  2.716163189768e-02
   20300  3.045000000000e+02  2.685609030537e-02
   20350  3.052500000000e+02  2.645479908167e-02
   20400  3.060000000000e+02  2.596134110316e-02
   20450  3.067500000000e+02  2.538013058755e-02
   20500  3.075000000000e+02  2.471600526799e-02
   20550  3.082500000000e+02  2.397453385857e-02
   20600  3.090000000000e+02  2.316175888567e-02
   20650  3.097500000000e+02  2.228427306075e-02
   20700  3.105000000000e+02  2.134890761982e-02
   20750  3.112500000000e+02  2.036299216562e-02
   20800  3.120000000000e+02  1.933414785525e-02
   20850  3.127500000000e+02  1.827016256568e-02
   20900  3.135000000000e+02  1.717899632146e-02
   20950  3.142500000000e+02  1.606867283683e-02
   21000  3.150000000000e+02  1.494726703651e-02
   21050  3.157500000000e+02  1.382292907943e-02
   21100  3.165000000000e+02  1.270359189336e-02
   21150  3.172500000000e+02  1.159701589572e-02
   21200  3.180000000000e+02  1.051081257285e-02
   21250  3.187500000000e+02  9.452281855516e-03
   21300  3.195000000000e+02  8.428403689270e-03
   21350  3.202500000000e+02  7.445740364861e-03
   21400  3.210000000000e+02  6.510488208205e-03
   21450  3.217500000000e+02  5.628337326652e-03
   21500  3.225000000000e+02  4.804459501920e-03
   21550  3.232500000000e+02  4.043494436808e-03
   21600  3.240000000000e+02  3.349546360850e-03
   21650  3.247500000000e+02  2.726092770280e-03
   21700  3.255000000000e+02  2.175996155553e-03
   21750  3.262500000000e+02  1.701512542281e-03
   21800  3.270000000000e+02  1.304247008286e-03
   21850  3.277500000000e+02  9.851908080203e-04
   21900  3.285000000000e+02  7.446950306313e-04
   21950  3.292500000000e+02  5.824870276441e-04
   22000  3.300000000000e+02  4.976821325177e-04
   22050  3.307500000000e+02  4.888081724071e-04
   22100  3.315000000000e+02  5.538248846095e-04
   22150  3.322500000000e+02  6.901366474313e-04
   22200  3.330000000000e+02  8.946576369407e-04
   22250  3.337500000000e+02  1.163816869952e-03
   22300  3.345000000000e+02  1.493596730319e-03
   22350  3.352500000000e+02  1.879597850378e-03
   22400  3.360000000000e+02  2.317063347691e-03
   22450  3.367500000000e+02  2.800932388180e-03
   22500  3.375000000000e+02  3.325894619221e-03
   22550  3.382500000000e+02  3.886409478221e-03
   22600  3.390000000000e+02  4.476773207288e-03
   22650  3.397500000000e+02  5.091212128228e-03
   22700  3.405000000000e+02  5.723840013950e-03
   22750  3.412500000000e+02  6.368779714579e-03
   22800  3.420000000000e+02  7.020243011599e-03
   22850  3.427500000000e+02  7.672376063177e-03
   22900  3.435000000000e+02  8.319596666919e-03
   22950  3.442500000000e+02  8.956405015761e-03
   23000  3.450000000000e+02  9.577504887933e-03
   23050  3.457500000000e+02  1.017788557315e-02
   23100  3.465000000000e+02  1.075278359083e-02
   23150  3.472500000000e+02  1.129778636604e-02
   23200  3.480000000000e+02  1.180876934263e-02
   23250  3.487500000000e+02  1.228195063363e-02
   23300  3.495000000000e+02  1.271398877030e-02
   23350  3.502500000000e+02  1.310192113512e-02
   23400  3.510000000000e+02  1.344319405833e-02
   23450  3.517500000000e+02  1.373575080101e-02
   23500  3.525000000000e+02  1.397777744942e-02
   23550  3.532500000000e+02  1.416807031018e-02
   23600  3.540000000000e+02  1.430586803892e-02
   23650  3.547500000000e+02  1.439073527581e-02
   23700  3.555000000000e+02  1.442270907460e-02
   23750  3.562500000000e+02  1.440224030503e-02
   23800  3.570000000000e+02  1.433017212759e-02
   23850  3.577500000000e+02  1.420773647889e-02
   23900  3.585000000000e+02  1.403652636058e-02
   23950  3.592500000000e+02  1.381842396774e-02
   24000  3.600000000000e+02  1.355571296073e-02
   24050  3.607500000000e+02  1.325093365773e-02
   24100  3.615000000000e+02  1.290684432315e-02
   24150  3.622500000000e+02  1.252648751257e-02
   24200  3.630000000000e+02  1.211306392842e-02
   24250  3.637500000000e+02  1.166996928542e-02
   24300  3.645000000000e+02  1.120074159028e-02
   24350  3.652500000000e+02  1.070899166564e-02
   24400  3.660000000000e+02  1.019839001197e-02
   24450  3.667500000000e+02  9.672706525748e-03
   24500  3.675000000000e+02  9.135686470651e-03
   24550  3.682500000000e+02  8.591013599722e-03
   24600  3.690000000000e+02  8.042339766069e-03
   24650  3.697500000000e+02  7.493283569437e-03
   24700  3.705000000000e+02  6.947314125345e-03
   24750  3.712500000000e+02  6.407714072116e-03
   24800  3.720000000000e+02  5.877725876662e-03
   24850  3.727500000000e+02  5.360259087145e-03
   24900  3.735000000000e+02  4.858161870655e-03
   24950  3.742500000000e+02  4.373992063604e-03
   25000  3.750000000000e+02  3.910089024687e-03
   25050  3.757500000000e+02  3.468589616126e-03
   25100  3.765000000000e+02  3.051334820768e-03
   25150  3.772500000000e+02  2.659898386247e-03
   25200  3.780000000000e+02  2.295617887974e-03
   25250  3.787500000000e+02  1.959554844403e-03
   25300  3.795000000000e+02  1.652512582754e-03
   25350  3.802500000000e+02  1.375032425211e-03
   25400  3.810000000000e+02  1.127392730330e-03
   25450  3.817500000000e+02  9.096248750625e-04
   25500  3.825000000000e+02  7.215215940687e-04
   25550  3.832500000000e+02  5.626319785315e-04
   25600  3.840000000000e+02  4.323132309102e-04
   25650  3.847500000000e+02  3.296930199252e-04
   25700  3.855000000000e+02  2.537279894773e-04
   25750  3.862500000000e+02  2.031916697568e-04
   25800  3.870000000000e+02  1.767087072351e-04
   25850  3.877500000000e+02  1.727630761891e-04
   25900  3.885000000000e+02  1.897216216558e-04
   25950  3.892500000000e+02  2.258529119463e-04
   26000  3.900000000000e+02  2.793474887405e-04
   26050  3.907500000000e+02  3.483277589927e-04
   26100  3.915000000000e+02  4.308829588529e-04
   26150  3.922500000000e+02  5.250790395739e-04
   26200  3.930000000000e+02  6.289784400271e-04
   26250  3.937500000000e+02  7.406448814608e-04
   26300  3.945000000000e+02  8.581922673663e-04
   26350  3.952500000000e+02  9.797515289365e-04
   26400  3.960000000000e+02  1.103558362416e-03
   26450  3.967500000000e+02  1.227872954171e-03
   26500  3.975000000000e+02  1.351078921772e-03
   26550  3.982500000000e+02  1.471653824178e-03
   26600  3.990000000000e+02  1.588159278538e-03
   26650  3.997500000000e+02  1.699307275361e-03
   26700  4.005000000000e+02  1.803895735680e-03
   26750  4.012500000000e+02  1.900884830263e-03
   26800  4.020000000000e+02  1.989348621396e-03
   26850  4.027500000000e+02  2.068519535428e-03
   26900  4.035000000000e+02  2.137705126970e-03
   26950  4.042500000000e+02  2.196435364350e-03
   27000  4.050000000000e+02  2.244310291436e-03
   27050  4.057500000000e+02  2.281076149430e-03
   27100  4.065000000000e+02  2.306623808197e-03
   27150  4.072500000000e+02  2.320945179138e-03
   27200  4.080000000000e+02  2.324162358206e-03
   27250  4.087500000000e+02  2.316523635330e-03
   27300  4.095000000000e+02  2.298314601420e-03
   27350  4.102500000000e+02  2.270022930475e-03
   27400  4.110000000000e+02  2.232105667033e-03
   27450  4.117500000000e+02  2.185176463988e-03
   27500  4.125000000000e+02  2.129880908235e-03
   27550  4.132500000000e+02  2.066926083110e-03
   27600  4.140000000000e+02  1.997068488208e-03
   27650  4.147500000000e+02  1.921090784943e-03
   27700  4.155000000000e+02  1.839831823378e-03
   27750  4.162500000000e+02  1.754111685104e-03
   27800  4.170000000000e+02  1.664782925451e-03
   27850  4.177500000000e+02  1.572670796325e-03
   27900  4.185000000000e+02  1.478617634024e-03
   27950  4.192500000000e+02  1.383410614596e-03
   28000  4.200000000000e+02  1.287871305606e-03
   28050  4.207500000000e+02  1.192717981019e-03
   28100  4.215000000000e+02  1.098687363338e-03
   28150  4.222500000000e+02  1.006436662590e-03
   28200  4.230000000000e+02  9.165884938713e-04
   28250  4.237500000000e+02  8.297257082897e-04
   28300  4.245000000000e+02  7.463436956836e-04
   28350  4.252500000000e+02  6.668895907033e-04
   28400  4.260000000000e+02  5.917711564702e-04
   28450  4.267500000000e+02  5.213185211141e-04
   28500  4.275000000000e+02  4.557983817889e-04
   28550  4.282500000000e+02  3.954245309729e-04
   28600  4.290000000000e+02  3.403466966500e-04
   28650  4.297500000000e+02  2.906537020155e-04
   28700  4.305000000000e+02  2.463802455172e-04
   28750  4.312500000000e+02  2.075137592381e-04
   28800  4.320000000000e+02  1.739851507426e-04
   28850  4.327500000000e+02  1.456737634895e-04
   28900  4.335000000000e+02  1.224259625405e-04
   28950  4.342500000000e+02  1.040436541517e-04
   29000  4.350000000000e+02  9.029487945163e-05
   29050  4.357500000000e+02  8.091923101856e-05
   29100  4.365000000000e+02  7.563017597172e-05
   29150  4.372500000000e+02  7.412176331855e-05
   29200  4.380000000000e+02  7.607194250356e-05
   29250  4.387500000000e+02  8.114834812343e-05
   29300  4.395000000000e+02  8.900740736385e-05
   29350  4.402500000000e+02  9.930887913762e-05
   29400  4.410000000000e+02  1.117073708519e-04
   29450  4.417500000000e+02  1.258638017649e-04
   29500  4.425000000000e+02  1.414483390679e-04
   29550  4.432500000000e+02  1.581394170073e-04
   29600  4.440000000000e+02  1.756274354867e-04
   29650  4.447500000000e+02  1.936180745375e-04
   29700  4.455000000000e+02  2.118407276020e-04
   29750  4.462500000000e+02  2.300353677139e-04
   29800  4.470000000000e+02  2.479647203551e-04
   29850  4.477500000000e+02  2.654102746786e-04
   29900  4.485000000000e+02  2.821813016576e-04
   29950  4.492500000000e+02  2.981134246920e-04
   30000  4.500000000000e+02  3.130505317585e-04
   30050  4.507500000000e+02  3.268723861368e-04
   30100  4.515000000000e+02  3.394731978221e-04
   30150  4.522500000000e+02  3.507702825775e-04
   30200  4.530000000000e+02  3.607022344669e-04
   30250  4.537500000000e+02  3.692374996531e-04
   30300  4.545000000000e+02  3.763495202422e-04
   30350  4.552500000000e+02  3.820298522038e-04
   30400  4.560000000000e+02  3.862980608008e-04
   30450  4.567500000000e+02  3.891865317495e-04
   30500  4.575000000000e+02  3.907304872442e-04
   30550  4.582500000000e+02  3.909841484488e-04
   30600  4.590000000000e+02  3.900050133117e-04
   30650  4.597500000000e+02  3.878896638757e-04
   30700  4.605000000000e+02  3.846972428942e-04
   30750  4.612500000000e+02  3.805215027215e-04
   30800  4.620000000000e+02  3.754445706196e-04
   30850  4.627500000000e+02  3.695614424638e-04
   30900  4.635000000000e+02  3.629679880603e-04
   30950  4.642500000000e+02  3.557584246320e-04
   31000  4.650000000000e+02  3.480218408657e-04
   31050  4.657500000000e+02  3.398507839266e-04
   31100  4.665000000000e+02  3.313271345875e-04
   31150  4.672500000000e+02  3.225419904806e-04
   31200  4.680000000000e+02  3.135728481309e-04
   31250  4.687500000000e+02  3.044938164645e-04
   31300  4.695000000000e+02  2.953737649354e-04
   31350  4.702500000000e+02  2.862767927719e-04
   31400  4.710000000000e+02  2.772604917643e-04
   31450  4.717500000000e+02  2.683794013285e-04
   31500  4.725000000000e+02  2.596781920681e-04
   31550  4.732500000000e+02  2.511880392842e-04
   31600  4.740000000000e+02  2.429728025031e-04
   31650  4.747500000000e+02  2.350377909028e-04
   31700  4.755000000000e+02  2.274136893545e-04
   31750  4.762500000000e+02  2.201199768092e-04
   31800  4.770000000000e+02  2.131750573151e-04
   31850  4.777500000000e+02  2.065879666668e-04
   31900  4.785000000000e+02  2.003742987757e-04
   31950  4.792500000000e+02  1.945294552811e-04
   32000  4.800000000000e+02  1.890582088703e-04
   32050  4.807500000000e+02  1.839574135154e-04
   32100  4.815000000000e+02  1.792272713806e-04
   32150  4.822500000000e+02  1.748594201817e-04
   32200  4.830000000000e+02  1.708430008566e-04
   32250  4.837500000000e+02  1.671750632122e-04
   32300  4.845000000000e+02  1.638431273389e-04
   32350  4.852500000000e+02  1.608326241449e-04
   32400  4.860000000000e+02  1.581317867594e-04
   32450  4.867500000000e+02  1.557321848713e-04
   32500  4.875000000000e+02  1.536146734013e-04
   32550  4.882500000000e+02  1.517641900201e-04
   32600  4.890000000000e+02  1.501751106489e-04
   32650  4.897500000000e+02  1.488287887002e-04
   32700  4.905000000000e+02  1.477056495256e-04
   32750  4.912500000000e+02  1.467929841956e-04
   32800  4.920000000000e+02  1.460803091526e-04
   32850  4.927500000000e+02  1.455466734780e-04
   32900  4.935000000000e+02  1.451803901196e-04
   32950  4.942500000000e+02  1.449619391423e-04
   33000  4.950000000000e+02  1.448794568076e-04
   33050  4.957500000000e+02  1.449108459488e-04
   33100  4.965000000000e+02  1.450443080857e-04
   33150  4.972500000000e+02  1.452584077737e-04
   33200  4.980000000000e+02  1.455403947604e-04
   33250  4.987500000000e+02  1.458760220721e-04
   33300  4.995000000000e+02  1.462344691415e-04
   33350  5.002500000000e+02  1.466117980104e-04
   33400  5.010000000000e+02  1.470058524604e-04
   33450  5.017500000000e+02  1.474531310475e-04
   33500  5.025000000000e+02  1.479671242892e-04
   33550  5.032500000000e+02  1.485500363814e-04
   33600  5.040000000000e+02  1.492017199335e-04
   33650  5.047500000000e+02  1.499208333726e-04
   33700  5.055000000000e+02  1.507035423375e-04
   33750  5.062500000000e+02  1.515457556643e-04
   33800  5.070000000000e+02  1.524436805964e-04
   33850  5.077500000000e+02  1.533963969570e-04
   33900  5.085000000000e+02  1.543996249503e-04
   33950  5.092500000000e+02  1.554488064781e-04
   34000  5.100000000000e+02  1.565432788454e-04
   34050  5.107500000000e+02  1.576796508997e-04
   34100  5.115000000000e+02  1.588549587252e-04
   34150  5.122500000000e+02  1.600657575191e-04
   34200  5.130000000000e+02  1.613069736573e-04
   34250  5.137500000000e+02  1.625720558915e-04
   34300  5.145000000000e+02  1.638536091780e-04
   34350  5.152500000000e+02  1.651452848670e-04
   34400  5.160000000000e+02  1.664425952143e-04
   34450  5.167500000000e+02  1.677415363404e-04
   34500  5.175000000000e+02  1.690395368445e-04
   34550  5.182500000000e+02  1.703316303801e-04
   34600  5.190000000000e+02  1.716130329114e-04
   34650  5.197500000000e+02  1.728801489324e-04
   34700  5.205000000000e+02  1.741293351796e-04
   34750  5.212500000000e+02  1.753553081533e-04
   34800  5.220000000000e+02  1.765549850783e-04
   34850  5.227500000000e+02  1.777236658865e-04
   34900  5.235000000000e+02  1.788591330569e-04
   34950  5.242500000000e+02  1.799574735744e-04
   35000  5.250000000000e+02  1.810145016881e-04
   35050  5.257500000000e+02  1.820276829903e-04
   35100  5.265000000000e+02  1.829933640422e-04
   35150  5.272500000000e+02  1.839093159315e-04
   35200  5.280000000000e+02  1.847745267093e-04
   35250  5.287500000000e+02  1.855873950272e-04
   35300  5.295000000000e+02  1.863496952305e-04
   35350  5.302500000000e+02  1.870615651097e-04
   35400  5.310000000000e+02  1.877240558848e-04
   35450  5.317500000000e+02  1.883397463998e-04
   35500  5.325000000000e+02  1.889090438026e-04
   35550  5.332500000000e+02  1.894343090676e-04
   35600  5.340000000000e+02  1.899186914429e-04
   35650  5.347500000000e+02  1.903663740317e-04
   35700  5.355000000000e+02  1.907805060808e-04
   35750  5.362500000000e+02  1.911656650831e-04
   35800  5.370000000000e+02  1.915259140524e-04
   35850  5.377500000000e+02  1.918674542994e-04
   35900  5.385000000000e+02  1.921962376610e-04
   35950  5.392500000000e+02  1.925188756039e-04
   36000  5.400000000000e+02  1.928407525788e-04
   36050  5.407500000000e+02  1.931663452035e-04
   36100  5.415000000000e+02  1.935016015657e-04
   36150  5.422500000000e+02  1.938512729034e-04
   36200  5.430000000000e+02  1.942213872199e-04
   36250  5.437500000000e+02  1.946187177620e-04
   36300  5.445000000000e+02  1.950482367391e-04
   36350  5.452500000000e+02  1.955154188577e-04
   36400  5.460000000000e+02  1.960257022336e-04
   36450  5.467500000000e+02  1.965833497222e-04
   36500  5.475000000000e+02  1.971934289799e-04
   36550  5.482500000000e+02  1.978595401241e-04
   36600  5.490000000000e+02  1.985857453631e-04
   36650  5.497500000000e+02  1.993743795887e-04
   36700  5.505000000000e+02  2.002282172934e-04
   36750  5.512500000000e+02  2.011508981810e-04
   36800  5.520000000000e+02  2.021453489869e-04
   36850  5.527500000000e+02  2.032121753378e-04
   36900  5.535000000000e+02  2.043534536019e-04
   36950  5.542500000000e+02  2.055686234581e-04
   37000  5.550000000000e+02  2.068581591372e-04
   37050  5.557500000000e+02  2.082211102244e-04
   37100  5.565000000000e+02  2.096555138513e-04
   37150  5.572500000000e+02  2.111583426678e-04
   37200  5.580000000000e+02  2.127284602662e-04
   37250  5.587500000000e+02  2.143616846522e-04
   37300  5.595000000000e+02  2.160546146241e-04
   37350  5.602500000000e+02  2.178010017409e-04
   37400  5.610000000000e+02  2.195955155957e-04
   37450  5.617500000000e+02  2.214318512377e-04
   37500  5.625000000000e+02  2.233011277405e-04
   37550  5.632500000000e+02  2.251964410773e-04
   37600  5.640000000000e+02  2.271102805591e-04
   37650  5.647500000000e+02  2.290333703473e-04
   37700  5.655000000000e+02  2.309579588033e-04
   37750  5.662500000000e+02  2.328746624861e-04
   37800  5.670000000000e+02  2.347734117803e-04
   37850  5.677500000000e+02  2.366453926625e-04
   37900  5.685000000000e+02  2.384810970434e-04
   37950  5.692500000000e+02  2.402719815509e-04
   38000  5.700000000000e+02  2.420097136576e-04
   38050  5.707500000000e+02  2.436868334860e-04
   38100  5.715000000000e+02  2.452960869707e-04
   38150  5.722500000000e+02  2.468306654520e-04
   38200  5.730000000000e+02  2.482866892949e-04
   38250  5.737500000000e+02  2.496599267819e-04
   38300  5.745000000000e+02  2.509469972499e-04
   38350  5.752500000000e+02  2.521458174065e-04
   38400  5.760000000000e+02  2.532551067492e-04
   38450  5.767500000000e+02  2.542761007634e-04
   38500  5.775000000000e+02  2.552107303813e-04
   38550  5.782500000000e+02  2.560613532299e-04
   38600  5.790000000000e+02  2.568331340151e-04
   38650  5.797500000000e+02  2.575327109271e-04
   38700  5.805000000000e+02  2.581659692547e-04
   38750  5.812500000000e+02  2.587420465575e-04
   38800  5.820000000000e+02  2.592676368986e-04
   38850  5.827500000000e+02  2.597519494306e-04
   38900  5.835000000000e+02  2.602042215530e-04
   38950  5.842500000000e+02  2.606351357586e-04
   39000  5.850000000000e+02  2.610556802375e-04
   39050  5.857500000000e+02  2.614758444782e-04
   39100  5.865000000000e+02  2.619064554460e-04
   39150  5.872500000000e+02  2.623580962117e-04
   39200  5.880000000000e+02  2.628411879440e-04
   39250  5.887500000000e+02  2.633652791848e-04
   39300  5.895000000000e+02  2.639408285096e-04
   39350  5.902500000000e+02  2.645751479412e-04
   39400  5.910000000000e+02  2.652778562185e-04
   39450  5.917500000000e+02  2.660553663653e-04
   39500  5.925000000000e+02  2.669142011490e-04
   39550  5.932500000000e+02  2.678595048981e-04
   39600  5.940000000000e+02  2.688949934282e-04
   39650  5.947500000000e+02  2.700239954324e-04
   39700  5.955000000000e+02  2.712477908224e-04
   39750  5.962500000000e+02  2.725671361213e-04
   39800  5.970000000000e+02  2.739811328671e-04
   39850  5.977500000000e+02  2.754868772822e-04
   39900  5.985000000000e+02  2.770809808930e-04
   39950  5.992500000000e+02  2.787610099062e-04
   40000  6.000000000000e+02  2.805220544004e-04
