################################################################################
# HEADER
# nspin         1
#%
# nik       217
#  st         1      26
# ust         1      26
# Iter             t            #  iter t Nex(t)  
################################################################################
       0  0.000000000000e+00  2.922662112326e-14
      50  7.500000000000e-01  1.097358898888e-08
     100  1.500000000000e+00  2.252525582030e-08
     150  2.250000000000e+00  4.064408851839e-08
     200  3.000000000000e+00  8.828369063574e-08
     250  3.750000000000e+00  2.196854833186e-07
     300  4.500000000000e+00  5.319570633155e-07
     350  5.250000000000e+00  1.175957763534e-06
     400  6.000000000000e+00  2.364321518379e-06
     450  6.750000000000e+00  4.380118318055e-06
     500  7.500000000000e+00  7.590692487729e-06
     550  8.250000000000e+00  1.246208120773e-05
     600  9.000000000000e+00  1.957091552988e-05
     650  9.750000000000e+00  2.962258209569e-05
     700  1.050000000000e+01  4.345630811315e-05
     750  1.125000000000e+01  6.206357116403e-05
     800  1.200000000000e+01  8.656746845143e-05
     850  1.275000000000e+01  1.182319280146e-04
     900  1.350000000000e+01  1.584214890812e-04
     950  1.425000000000e+01  2.085920356859e-04
    1000  1.500000000000e+01  2.702569933171e-04
    1050  1.575000000000e+01  3.449942346211e-04
    1100  1.650000000000e+01  4.344183464766e-04
    1150  1.725000000000e+01  5.401353048477e-04
    1200  1.800000000000e+01  6.637916214217e-04
    1250  1.875000000000e+01  8.069519650776e-04
    1300  1.950000000000e+01  9.710792261464e-04
    1350  2.025000000000e+01  1.157502003623e-03
    1400  2.100000000000e+01  1.367388776142e-03
    1450  2.175000000000e+01  1.601637815230e-03
    1500  2.250000000000e+01  1.860841864962e-03
    1550  2.325000000000e+01  2.145263165807e-03
    1600  2.400000000000e+01  2.454765627023e-03
    1650  2.475000000000e+01  2.788754485154e-03
    1700  2.550000000000e+01  3.146182224124e-03
    1750  2.625000000000e+01  3.525431588601e-03
    1800  2.700000000000e+01  3.924379467581e-03
    1850  2.775000000000e+01  4.340408374452e-03
    1900  2.850000000000e+01  4.770341288944e-03
    1950  2.925000000000e+01  5.210523654231e-03
    2000  3.000000000000e+01  5.656752800324e-03
    2050  3.075000000000e+01  6.104444874463e-03
    2100  3.150000000000e+01  6.548418157690e-03
    2150  3.225000000000e+01  6.983173820469e-03
    2200  3.300000000000e+01  7.402866228220e-03
    2250  3.375000000000e+01  7.801314609627e-03
    2300  3.450000000000e+01  8.172195963788e-03
    2350  3.525000000000e+01  8.509125052174e-03
    2400  3.600000000000e+01  8.805732724530e-03
    2450  3.675000000000e+01  9.055785019252e-03
    2500  3.750000000000e+01  9.253303095783e-03
    2550  3.825000000000e+01  9.392807296773e-03
    2600  3.900000000000e+01  9.469393807437e-03
    2650  3.975000000000e+01  9.478760379649e-03
    2700  4.050000000000e+01  9.417532935878e-03
    2750  4.125000000000e+01  9.283213280476e-03
    2800  4.200000000000e+01  9.074574375252e-03
    2850  4.275000000000e+01  8.791631642238e-03
    2900  4.350000000000e+01  8.435913946108e-03
    2950  4.425000000000e+01  8.010583486843e-03
    3000  4.500000000000e+01  7.520495725216e-03
    3050  4.575000000000e+01  6.972377871466e-03
    3100  4.650000000000e+01  6.374967995975e-03
    3150  4.725000000000e+01  5.738947158909e-03
    3200  4.800000000000e+01  5.077178304308e-03
    3250  4.875000000000e+01  4.404639151937e-03
    3300  4.950000000000e+01  3.738465195214e-03
    3350  5.025000000000e+01  3.097886171482e-03
    3400  5.100000000000e+01  2.504260453807e-03
    3450  5.175000000000e+01  1.980951034280e-03
    3500  5.250000000000e+01  1.553185806198e-03
    3550  5.325000000000e+01  1.247927912069e-03
    3600  5.400000000000e+01  1.093663806949e-03
    3650  5.475000000000e+01  1.120203405663e-03
    3700  5.550000000000e+01  1.358431554535e-03
    3750  5.625000000000e+01  1.839964582013e-03
    3800  5.700000000000e+01  2.596939302270e-03
    3850  5.775000000000e+01  3.661552350724e-03
    3900  5.850000000000e+01  5.065746141403e-03
    3950  5.925000000000e+01  6.840844120047e-03
    4000  6.000000000000e+01  9.016947929204e-03
    4050  6.075000000000e+01  1.162272413033e-02
    4100  6.150000000000e+01  1.468479947992e-02
    4150  6.225000000000e+01  1.822727924963e-02
    4200  6.300000000000e+01  2.227138603346e-02
    4250  6.375000000000e+01  2.683487971788e-02
    4300  6.450000000000e+01  3.193154384496e-02
    4350  6.525000000000e+01  3.757092975403e-02
    4400  6.600000000000e+01  4.375759568014e-02
    4450  6.675000000000e+01  5.049117623835e-02
    4500  6.750000000000e+01  5.776579773704e-02
    4550  6.825000000000e+01  6.556981100270e-02
    4600  6.900000000000e+01  7.388551472926e-02
    4650  6.975000000000e+01  8.268912152983e-02
    4700  7.050000000000e+01  9.195027717067e-02
    4750  7.125000000000e+01  1.016323896487e-01
    4800  7.200000000000e+01  1.116923734571e-01
    4850  7.275000000000e+01  1.220813943521e-01
    4900  7.350000000000e+01  1.327436618838e-01
    4950  7.425000000000e+01  1.436181658386e-01
    5000  7.500000000000e+01  1.546382037220e-01
    5050  7.575000000000e+01  1.657321188644e-01
    5100  7.650000000000e+01  1.768235445726e-01
    5150  7.725000000000e+01  1.878325987136e-01
    5200  7.800000000000e+01  1.986755836685e-01
    5250  7.875000000000e+01  2.092664709635e-01
    5300  7.950000000000e+01  2.195172779846e-01
    5350  8.025000000000e+01  2.293389019368e-01
    5400  8.100000000000e+01  2.386423029015e-01
    5450  8.175000000000e+01  2.473389983338e-01
    5500  8.250000000000e+01  2.553422138619e-01
    5550  8.325000000000e+01  2.625679922849e-01
    5600  8.400000000000e+01  2.689352043689e-01
    5650  8.475000000000e+01  2.743683912339e-01
    5700  8.550000000000e+01  2.787967025104e-01
    5750  8.625000000000e+01  2.821556402642e-01
    5800  8.700000000000e+01  2.843884683627e-01
    5850  8.775000000000e+01  2.854462299423e-01
    5900  8.850000000000e+01  2.852897163587e-01
    5950  8.925000000000e+01  2.838890143578e-01
    6000  9.000000000000e+01  2.812252388221e-01
    6050  9.075000000000e+01  2.772907661660e-01
    6100  9.150000000000e+01  2.720907547439e-01
    6150  9.225000000000e+01  2.656425128613e-01
    6200  9.300000000000e+01  2.579770211237e-01
    6250  9.375000000000e+01  2.491392742607e-01
    6300  9.450000000000e+01  2.391881992042e-01
    6350  9.525000000000e+01  2.281974730261e-01
    6400  9.600000000000e+01  2.162550558713e-01
    6450  9.675000000000e+01  2.034638947651e-01
    6500  9.750000000000e+01  1.899414157535e-01
    6550  9.825000000000e+01  1.758187631067e-01
    6600  9.900000000000e+01  1.612410217553e-01
    6650  9.975000000000e+01  1.463664396161e-01
    6700  1.005000000000e+02  1.313650257234e-01
    6750  1.012500000000e+02  1.164183998315e-01
    6800  1.020000000000e+02  1.017183502950e-01
    6850  1.027500000000e+02  8.746512489546e-02
    6900  1.035000000000e+02  7.386606933646e-02
    6950  1.042500000000e+02  6.113367178609e-02
    7000  1.050000000000e+02  4.948347569972e-02
    7050  1.057500000000e+02  3.913170943200e-02
    7100  1.065000000000e+02  3.029320001935e-02
    7150  1.072500000000e+02  2.317833112282e-02
    7200  1.080000000000e+02  1.799061468934e-02
    7250  1.087500000000e+02  1.492368823678e-02
    7300  1.095000000000e+02  1.415842906691e-02
    7350  1.102500000000e+02  1.585997882289e-02
    7400  1.110000000000e+02  2.017473886670e-02
    7450  1.117500000000e+02  2.722759230109e-02
    7500  1.125000000000e+02  3.711900790339e-02
    7550  1.132500000000e+02  4.992293589410e-02
    7600  1.140000000000e+02  6.568434889719e-02
    7650  1.147500000000e+02  8.441772007203e-02
    7700  1.155000000000e+02  1.061054504777e-01
    7750  1.162500000000e+02  1.306976154517e-01
    7800  1.170000000000e+02  1.581110987065e-01
    7850  1.177500000000e+02  1.882307033361e-01
    7900  1.185000000000e+02  2.209091094523e-01
    7950  1.192500000000e+02  2.559691877834e-01
    8000  1.200000000000e+02  2.932053679058e-01
    8050  1.207500000000e+02  3.323857090568e-01
    8100  1.215000000000e+02  3.732547776967e-01
    8150  1.222500000000e+02  4.155368494592e-01
    8200  1.230000000000e+02  4.589378608815e-01
    8250  1.237500000000e+02  5.031503607079e-01
    8300  1.245000000000e+02  5.478545600918e-01
    8350  1.252500000000e+02  5.927233995190e-01
    8400  1.260000000000e+02  6.374243164412e-01
    8450  1.267500000000e+02  6.816219888670e-01
    8500  1.275000000000e+02  7.249822862139e-01
    8550  1.282500000000e+02  7.671733410205e-01
    8600  1.290000000000e+02  8.078678697522e-01
    8650  1.297500000000e+02  8.467452660193e-01
    8700  1.305000000000e+02  8.834945254989e-01
    8750  1.312500000000e+02  9.178154491883e-01
    8800  1.320000000000e+02  9.494197676489e-01
    8850  1.327500000000e+02  9.780351834922e-01
    8900  1.335000000000e+02  1.003405572563e+00
    8950  1.342500000000e+02  1.025294032300e+00
    9000  1.350000000000e+02  1.043484154672e+00
    9050  1.357500000000e+02  1.057783179695e+00
    9100  1.365000000000e+02  1.068023485627e+00
    9150  1.372500000000e+02  1.074063860569e+00
    9200  1.380000000000e+02  1.075793148050e+00
    9250  1.387500000000e+02  1.073129749666e+00
    9300  1.395000000000e+02  1.066024088856e+00
    9350  1.402500000000e+02  1.054460836987e+00
    9400  1.410000000000e+02  1.038459303117e+00
    9450  1.417500000000e+02  1.018075122427e+00
    9500  1.425000000000e+02  9.934008109369e-01
    9550  1.432500000000e+02  9.645678630170e-01
    9600  1.440000000000e+02  9.317469798030e-01
    9650  1.447500000000e+02  8.951493818857e-01
    9700  1.455000000000e+02  8.550284501156e-01
    9750  1.462500000000e+02  8.116794573753e-01
    9800  1.470000000000e+02  7.654420387660e-01
    9850  1.477500000000e+02  7.166989686358e-01
    9900  1.485000000000e+02  6.658776451003e-01
    9950  1.492500000000e+02  6.134497773381e-01
   10000  1.500000000000e+02  5.599309885604e-01
   10050  1.507500000000e+02  5.058791991372e-01
   10100  1.515000000000e+02  4.518924989177e-01
   10150  1.522500000000e+02  3.986054479818e-01
   10200  1.530000000000e+02  3.466848969911e-01
   10250  1.537500000000e+02  2.968240829354e-01
   10300  1.545000000000e+02  2.497355005065e-01
   10350  1.552500000000e+02  2.061422702600e-01
   10400  1.560000000000e+02  1.667672825168e-01
   10450  1.567500000000e+02  1.323229683224e-01
   10500  1.575000000000e+02  1.034981130166e-01
   10550  1.582500000000e+02  8.094504960453e-02
   10600  1.590000000000e+02  6.526578371193e-02
   10650  1.597500000000e+02  5.699883120411e-02
   10700  1.605000000000e+02  5.660638982094e-02
   10750  1.612500000000e+02  6.446307846512e-02
   10800  1.620000000000e+02  8.084704601222e-02
   10850  1.627500000000e+02  1.059333719304e-01
   10900  1.635000000000e+02  1.397907479055e-01
   10950  1.642500000000e+02  1.823808081141e-01
   11000  1.650000000000e+02  2.335603224674e-01
   11050  1.657500000000e+02  2.930857273591e-01
   11100  1.665000000000e+02  3.606197457922e-01
   11150  1.672500000000e+02  4.357362161766e-01
   11200  1.680000000000e+02  5.179294136323e-01
   11250  1.687500000000e+02  6.066197635741e-01
   11300  1.695000000000e+02  7.011612160520e-01
   11350  1.702500000000e+02  8.008475388664e-01
   11400  1.710000000000e+02  9.049177368123e-01
   11450  1.717500000000e+02  1.012564714854e+00
   11500  1.725000000000e+02  1.122942803855e+00
   11550  1.732500000000e+02  1.235178521840e+00
   11600  1.740000000000e+02  1.348384725681e+00
   11650  1.747500000000e+02  1.461673242021e+00
   11700  1.755000000000e+02  1.574171062003e+00
   11750  1.762500000000e+02  1.685033705143e+00
   11800  1.770000000000e+02  1.793455699336e+00
   11850  1.777500000000e+02  1.898677673673e+00
   11900  1.785000000000e+02  1.999997270911e+00
   11950  1.792500000000e+02  2.096773162208e+00
   12000  1.800000000000e+02  2.188429837334e+00
   12050  1.807500000000e+02  2.274455606455e+00
   12100  1.815000000000e+02  2.354395192018e+00
   12150  1.822500000000e+02  2.427831671462e+00
   12200  1.830000000000e+02  2.494366659764e+00
   12250  1.837500000000e+02  2.553608172904e+00
   12300  1.845000000000e+02  2.605155939684e+00
   12350  1.852500000000e+02  2.648609443774e+00
   12400  1.860000000000e+02  2.683576297868e+00
   12450  1.867500000000e+02  2.709687146597e+00
   12500  1.875000000000e+02  2.726616511031e+00
   12550  1.882500000000e+02  2.734089499436e+00
   12600  1.890000000000e+02  2.731897962182e+00
   12650  1.897500000000e+02  2.719901677667e+00
   12700  1.905000000000e+02  2.698035540695e+00
   12750  1.912500000000e+02  2.666305828101e+00
   12800  1.920000000000e+02  2.624795462357e+00
   12850  1.927500000000e+02  2.573660702025e+00
   12900  1.935000000000e+02  2.513126196254e+00
   12950  1.942500000000e+02  2.443489700186e+00
   13000  1.950000000000e+02  2.365119085493e+00
   13050  1.957500000000e+02  2.278459875486e+00
   13100  1.965000000000e+02  2.184036105404e+00
   13150  1.972500000000e+02  2.082461093239e+00
   13200  1.980000000000e+02  1.974441814733e+00
   13250  1.987500000000e+02  1.860781264717e+00
   13300  1.995000000000e+02  1.742377680222e+00
   13350  2.002500000000e+02  1.620216819815e+00
   13400  2.010000000000e+02  1.495361860357e+00
   13450  2.017500000000e+02  1.368946459143e+00
   13500  2.025000000000e+02  1.242163844368e+00
   13550  2.032500000000e+02  1.116265815796e+00
   13600  2.040000000000e+02  9.925599831538e-01
   13650  2.047500000000e+02  8.724101470054e-01
   13700  2.055000000000e+02  7.572318497327e-01
   13750  2.062500000000e+02  6.484780503664e-01
   13800  2.070000000000e+02  5.476105098250e-01
   13850  2.077500000000e+02  4.560566072065e-01
   13900  2.085000000000e+02  3.751551980169e-01
   13950  2.092500000000e+02  3.061036628687e-01
   14000  2.100000000000e+02  2.499131324517e-01
   14050  2.107500000000e+02  2.073801058666e-01
   14100  2.115000000000e+02  1.790748669171e-01
   14150  2.122500000000e+02  1.653446556694e-01
   14200  2.130000000000e+02  1.663239767651e-01
   14250  2.137500000000e+02  1.819428827222e-01
   14300  2.145000000000e+02  2.119277321109e-01
   14350  2.152500000000e+02  2.557934060971e-01
   14400  2.160000000000e+02  3.128371697285e-01
   14450  2.167500000000e+02  3.821437237540e-01
   14500  2.175000000000e+02  4.626065580116e-01
   14550  2.182500000000e+02  5.529650306324e-01
   14600  2.190000000000e+02  6.518398125147e-01
   14650  2.197500000000e+02  7.577632151759e-01
   14700  2.205000000000e+02  8.692058893020e-01
   14750  2.212500000000e+02  9.846109542372e-01
   14800  2.220000000000e+02  1.102448336968e+00
   14850  2.227500000000e+02  1.221290666309e+00
   14900  2.235000000000e+02  1.339887861284e+00
   14950  2.242500000000e+02  1.457192742946e+00
   15000  2.250000000000e+02  1.572306105891e+00
   15050  2.257500000000e+02  1.684370007628e+00
   15100  2.265000000000e+02  1.792486583990e+00
   15150  2.272500000000e+02  1.895725015259e+00
   15200  2.280000000000e+02  1.993209245369e+00
   15250  2.287500000000e+02  2.084214158039e+00
   15300  2.295000000000e+02  2.168193762026e+00
   15350  2.302500000000e+02  2.244725226122e+00
   15400  2.310000000000e+02  2.313403036796e+00
   15450  2.317500000000e+02  2.373753107517e+00
   15500  2.325000000000e+02  2.425232109540e+00
   15550  2.332500000000e+02  2.467305212391e+00
   15600  2.340000000000e+02  2.499548375942e+00
   15650  2.347500000000e+02  2.521707588221e+00
   15700  2.355000000000e+02  2.533665788838e+00
   15750  2.362500000000e+02  2.535376591101e+00
   15800  2.370000000000e+02  2.526831866814e+00
   15850  2.377500000000e+02  2.508094362322e+00
   15900  2.385000000000e+02  2.479342562871e+00
   15950  2.392500000000e+02  2.440854753713e+00
   16000  2.400000000000e+02  2.392933995524e+00
   16050  2.407500000000e+02  2.335851290160e+00
   16100  2.415000000000e+02  2.269850493374e+00
   16150  2.422500000000e+02  2.195195955583e+00
   16200  2.430000000000e+02  2.112215711816e+00
   16250  2.437500000000e+02  2.021347225072e+00
   16300  2.445000000000e+02  1.923183889784e+00
   16350  2.452500000000e+02  1.818507200813e+00
   16400  2.460000000000e+02  1.708262734125e+00
   16450  2.467500000000e+02  1.593503348647e+00
   16500  2.475000000000e+02  1.475343952827e+00
   16550  2.482500000000e+02  1.354960738247e+00
   16600  2.490000000000e+02  1.233627351059e+00
   16650  2.497500000000e+02  1.112737125532e+00
   16700  2.505000000000e+02  9.937924264992e-01
   16750  2.512500000000e+02  8.783639588295e-01
   16800  2.520000000000e+02  7.680589159613e-01
   16850  2.527500000000e+02  6.645191741040e-01
   16900  2.535000000000e+02  5.694554509749e-01
   16950  2.542500000000e+02  4.846817804314e-01
   17000  2.550000000000e+02  4.120988042568e-01
   17050  2.557500000000e+02  3.536131662754e-01
   17100  2.565000000000e+02  3.110423712163e-01
   17150  2.572500000000e+02  2.860348885310e-01
   17200  2.580000000000e+02  2.799961118276e-01
   17250  2.587500000000e+02  2.940132314110e-01
   17300  2.595000000000e+02  3.287728601433e-01
   17350  2.602500000000e+02  3.844771447103e-01
   17400  2.610000000000e+02  4.608046231040e-01
   17450  2.617500000000e+02  5.569455102555e-01
   17500  2.625000000000e+02  6.717039675492e-01
   17550  2.632500000000e+02  8.036385665464e-01
   17600  2.640000000000e+02  9.511241479103e-01
   17650  2.647500000000e+02  1.112331530208e+00
   17700  2.655000000000e+02  1.285238503748e+00
   17750  2.662500000000e+02  1.467652461726e+00
   17800  2.670000000000e+02  1.657311411520e+00
   17850  2.677500000000e+02  1.852145119411e+00
   17900  2.685000000000e+02  2.050471911964e+00
   17950  2.692500000000e+02  2.251051700234e+00
   18000  2.700000000000e+02  2.452956670686e+00
   18050  2.707500000000e+02  2.655283545034e+00
   18100  2.715000000000e+02  2.857018995765e+00
   18150  2.722500000000e+02  3.057087385465e+00
   18200  2.730000000000e+02  3.254463492877e+00
   18250  2.737500000000e+02  3.448391818356e+00
   18300  2.745000000000e+02  3.638678432740e+00
   18350  2.752500000000e+02  3.825621044252e+00
   18400  2.760000000000e+02  4.009246350377e+00
   18450  2.767500000000e+02  4.188424009438e+00
   18500  2.775000000000e+02  4.360898291692e+00
   18550  2.782500000000e+02  4.524546552942e+00
   18600  2.790000000000e+02  4.678306013451e+00
   18650  2.797500000000e+02  4.821484976548e+00
   18700  2.805000000000e+02  4.952915017562e+00
   18750  2.812500000000e+02  5.071609774697e+00
   18800  2.820000000000e+02  5.177563653313e+00
   18850  2.827500000000e+02  5.271123928426e+00
   18900  2.835000000000e+02  5.352292514118e+00
   18950  2.842500000000e+02  5.420855685554e+00
   19000  2.850000000000e+02  5.476493931756e+00
   19050  2.857500000000e+02  5.518690370159e+00
   19100  2.865000000000e+02  5.547373095015e+00
   19150  2.872500000000e+02  5.563546050914e+00
   19200  2.880000000000e+02  5.568637685026e+00
   19250  2.887500000000e+02  5.563284506807e+00
   19300  2.895000000000e+02  5.546992776213e+00
   19350  2.902500000000e+02  5.518859014916e+00
   19400  2.910000000000e+02  5.478259958956e+00
   19450  2.917500000000e+02  5.425038719834e+00
   19500  2.925000000000e+02  5.359283046850e+00
   19550  2.932500000000e+02  5.281090817240e+00
   19600  2.940000000000e+02  5.190690175125e+00
   19650  2.947500000000e+02  5.088606599364e+00
   19700  2.955000000000e+02  4.975364638566e+00
   19750  2.962500000000e+02  4.851032069964e+00
   19800  2.970000000000e+02  4.715386595177e+00
   19850  2.977500000000e+02  4.568756439225e+00
   19900  2.985000000000e+02  4.412486807737e+00
   19950  2.992500000000e+02  4.248246066901e+00
   20000  3.000000000000e+02  4.077018056309e+00
   20050  3.007500000000e+02  3.899072603692e+00
   20100  3.015000000000e+02  3.714543672319e+00
   20150  3.022500000000e+02  3.523726464480e+00
   20200  3.030000000000e+02  3.327253433899e+00
   20250  3.037500000000e+02  3.126357933590e+00
   20300  3.045000000000e+02  2.922797086332e+00
   20350  3.052500000000e+02  2.718416758373e+00
   20400  3.060000000000e+02  2.514852624397e+00
   20450  3.067500000000e+02  2.313593000841e+00
   20500  3.075000000000e+02  2.115990257366e+00
   20550  3.082500000000e+02  1.923099645127e+00
   20600  3.090000000000e+02  1.735857090002e+00
   20650  3.097500000000e+02  1.555680862151e+00
   20700  3.105000000000e+02  1.384582343206e+00
   20750  3.112500000000e+02  1.224548540313e+00
   20800  3.120000000000e+02  1.077112170287e+00
   20850  3.127500000000e+02  9.433371655820e-01
   20900  3.135000000000e+02  8.239281741251e-01
   20950  3.142500000000e+02  7.194159409207e-01
   21000  3.150000000000e+02  6.301454684699e-01
   21050  3.157500000000e+02  5.561717758212e-01
   21100  3.165000000000e+02  4.973898773341e-01
   21150  3.172500000000e+02  4.536269803694e-01
   21200  3.180000000000e+02  4.245001023268e-01
   21250  3.187500000000e+02  4.094689036693e-01
   21300  3.195000000000e+02  4.079698927805e-01
   21350  3.202500000000e+02  4.193149481332e-01
   21400  3.210000000000e+02  4.426294204213e-01
   21450  3.217500000000e+02  4.768589215576e-01
   21500  3.225000000000e+02  5.207270270005e-01
   21550  3.232500000000e+02  5.729383479390e-01
   21600  3.240000000000e+02  6.322811940965e-01
   21650  3.247500000000e+02  6.973619113940e-01
   21700  3.255000000000e+02  7.668231095095e-01
   21750  3.262500000000e+02  8.396602815035e-01
   21800  3.270000000000e+02  9.148848950575e-01
   21850  3.277500000000e+02  9.915984757719e-01
   21900  3.285000000000e+02  1.069089566076e+00
   21950  3.292500000000e+02  1.146498691331e+00
   22000  3.300000000000e+02  1.222857488524e+00
   22050  3.307500000000e+02  1.297358338517e+00
   22100  3.315000000000e+02  1.369390160479e+00
   22150  3.322500000000e+02  1.438195158075e+00
   22200  3.330000000000e+02  1.502904191719e+00
   22250  3.337500000000e+02  1.562871578840e+00
   22300  3.345000000000e+02  1.617776368891e+00
   22350  3.352500000000e+02  1.667313115355e+00
   22400  3.360000000000e+02  1.711312832082e+00
   22450  3.367500000000e+02  1.750123026640e+00
   22500  3.375000000000e+02  1.784077175689e+00
   22550  3.382500000000e+02  1.812853164803e+00
   22600  3.390000000000e+02  1.836054618845e+00
   22650  3.397500000000e+02  1.853510128161e+00
   22700  3.405000000000e+02  1.864834758395e+00
   22750  3.412500000000e+02  1.869844595489e+00
   22800  3.420000000000e+02  1.868842004791e+00
   22850  3.427500000000e+02  1.861905680599e+00
   22900  3.435000000000e+02  1.848789744097e+00
   22950  3.442500000000e+02  1.829403431330e+00
   23000  3.450000000000e+02  1.804050194926e+00
   23050  3.457500000000e+02  1.773225855077e+00
   23100  3.465000000000e+02  1.736881086428e+00
   23150  3.472500000000e+02  1.694716585188e+00
   23200  3.480000000000e+02  1.647100851058e+00
   23250  3.487500000000e+02  1.594814774765e+00
   23300  3.495000000000e+02  1.538640890306e+00
   23350  3.502500000000e+02  1.479203720230e+00
   23400  3.510000000000e+02  1.416760831563e+00
   23450  3.517500000000e+02  1.351630625947e+00
   23500  3.525000000000e+02  1.284239639971e+00
   23550  3.532500000000e+02  1.214665448097e+00
   23600  3.540000000000e+02  1.143262420668e+00
   23650  3.547500000000e+02  1.071029495840e+00
   23700  3.555000000000e+02  9.989546268323e-01
   23750  3.562500000000e+02  9.276710932006e-01
   23800  3.570000000000e+02  8.576991442859e-01
   23850  3.577500000000e+02  7.897622958863e-01
   23900  3.585000000000e+02  7.249575641412e-01
   23950  3.592500000000e+02  6.643803563069e-01
   24000  3.600000000000e+02  6.090208533081e-01
   24050  3.607500000000e+02  5.598964215743e-01
   24100  3.615000000000e+02  5.181366001916e-01
   24150  3.622500000000e+02  4.847607473492e-01
   24200  3.630000000000e+02  4.605666823511e-01
   24250  3.637500000000e+02  4.462152009353e-01
   24300  3.645000000000e+02  4.421072133587e-01
   24350  3.652500000000e+02  4.483856426980e-01
   24400  3.660000000000e+02  4.651217650067e-01
   24450  3.667500000000e+02  4.923427757595e-01
   24500  3.675000000000e+02  5.300435367428e-01
   24550  3.682500000000e+02  5.782317960024e-01
   24600  3.690000000000e+02  6.368465423492e-01
   24650  3.697500000000e+02  7.057475068098e-01
   24700  3.705000000000e+02  7.847922698568e-01
   24750  3.712500000000e+02  8.736922562471e-01
   24800  3.720000000000e+02  9.717342160829e-01
   24850  3.727500000000e+02  1.078327501081e+00
   24900  3.735000000000e+02  1.192722419459e+00
   24950  3.742500000000e+02  1.313241984105e+00
   25000  3.750000000000e+02  1.438075345948e+00
   25050  3.757500000000e+02  1.566093318995e+00
   25100  3.765000000000e+02  1.696335102777e+00
   25150  3.772500000000e+02  1.828146372695e+00
   25200  3.780000000000e+02  1.961045921047e+00
   25250  3.787500000000e+02  2.093690378993e+00
   25300  3.795000000000e+02  2.224311774058e+00
   25350  3.802500000000e+02  2.352109020739e+00
   25400  3.810000000000e+02  2.476403388161e+00
   25450  3.817500000000e+02  2.595865848296e+00
   25500  3.825000000000e+02  2.709260485613e+00
   25550  3.832500000000e+02  2.816092292201e+00
   25600  3.840000000000e+02  2.916687173876e+00
   25650  3.847500000000e+02  3.011640486245e+00
   25700  3.855000000000e+02  3.101033474845e+00
   25750  3.862500000000e+02  3.184161353108e+00
   25800  3.870000000000e+02  3.259977452584e+00
   25850  3.877500000000e+02  3.327798489187e+00
   25900  3.885000000000e+02  3.387136277684e+00
   25950  3.892500000000e+02  3.437272911980e+00
   26000  3.900000000000e+02  3.478086472064e+00
   26050  3.907500000000e+02  3.510890224486e+00
   26100  3.915000000000e+02  3.536430250667e+00
   26150  3.922500000000e+02  3.553677043425e+00
   26200  3.930000000000e+02  3.561719562280e+00
   26250  3.937500000000e+02  3.561369326072e+00
   26300  3.945000000000e+02  3.553921339870e+00
   26350  3.952500000000e+02  3.539794200567e+00
   26400  3.960000000000e+02  3.518328195081e+00
   26450  3.967500000000e+02  3.488496448205e+00
   26500  3.975000000000e+02  3.450050875052e+00
   26550  3.982500000000e+02  3.403925794503e+00
   26600  3.990000000000e+02  3.351195898895e+00
   26650  3.997500000000e+02  3.291641437648e+00
   26700  4.005000000000e+02  3.224980618258e+00
   26750  4.012500000000e+02  3.152013258053e+00
   26800  4.020000000000e+02  3.073606583641e+00
   26850  4.027500000000e+02  2.990535586881e+00
   26900  4.035000000000e+02  2.903896154045e+00
   26950  4.042500000000e+02  2.814381020307e+00
   27000  4.050000000000e+02  2.721847630283e+00
   27050  4.057500000000e+02  2.626775489316e+00
   27100  4.065000000000e+02  2.529295492069e+00
   27150  4.072500000000e+02  2.429390806011e+00
   27200  4.080000000000e+02  2.327778897399e+00
   27250  4.087500000000e+02  2.224783995068e+00
   27300  4.095000000000e+02  2.120633942110e+00
   27350  4.102500000000e+02  2.015646529860e+00
   27400  4.110000000000e+02  1.910446808670e+00
   27450  4.117500000000e+02  1.806071550687e+00
   27500  4.125000000000e+02  1.703546021218e+00
   27550  4.132500000000e+02  1.603455274887e+00
   27600  4.140000000000e+02  1.505866267151e+00
   27650  4.147500000000e+02  1.411328197787e+00
   27700  4.155000000000e+02  1.320611170011e+00
   27750  4.162500000000e+02  1.233769860109e+00
   27800  4.170000000000e+02  1.151301738887e+00
   27850  4.177500000000e+02  1.073677949569e+00
   27900  4.185000000000e+02  1.000571555358e+00
   27950  4.192500000000e+02  9.319081664732e-01
   28000  4.200000000000e+02  8.680049322604e-01
   28050  4.207500000000e+02  8.089077217954e-01
   28100  4.215000000000e+02  7.547050572471e-01
   28150  4.222500000000e+02  7.056701769764e-01
   28200  4.230000000000e+02  6.616384623659e-01
   28250  4.237500000000e+02  6.222055730899e-01
   28300  4.245000000000e+02  5.871166379337e-01
   28350  4.252500000000e+02  5.564362348278e-01
   28400  4.260000000000e+02  5.302783595166e-01
   28450  4.267500000000e+02  5.085331304698e-01
   28500  4.275000000000e+02  4.907536115615e-01
   28550  4.282500000000e+02  4.764948672449e-01
   28600  4.290000000000e+02  4.654459030195e-01
   28650  4.297500000000e+02  4.572847371977e-01
   28700  4.305000000000e+02  4.517014093130e-01
   28750  4.312500000000e+02  4.483695345270e-01
   28800  4.320000000000e+02  4.468854879940e-01
   28850  4.327500000000e+02  4.468159774847e-01
   28900  4.335000000000e+02  4.477927682476e-01
   28950  4.342500000000e+02  4.495206368215e-01
   29000  4.350000000000e+02  4.517693406455e-01
   29050  4.357500000000e+02  4.543702525579e-01
   29100  4.365000000000e+02  4.571694434599e-01
   29150  4.372500000000e+02  4.600142734433e-01
   29200  4.380000000000e+02  4.627386785564e-01
   29250  4.387500000000e+02  4.652207215428e-01
   29300  4.395000000000e+02  4.673403129754e-01
   29350  4.402500000000e+02  4.689193433851e-01
   29400  4.410000000000e+02  4.699649318619e-01
   29450  4.417500000000e+02  4.705373817427e-01
   29500  4.425000000000e+02  4.705625055169e-01
   29550  4.432500000000e+02  4.699139979935e-01
   29600  4.440000000000e+02  4.686158599786e-01
   29650  4.447500000000e+02  4.668172855343e-01
   29700  4.455000000000e+02  4.646422735243e-01
   29750  4.462500000000e+02  4.621865647761e-01
   29800  4.470000000000e+02  4.595863664102e-01
   29850  4.477500000000e+02  4.569425294330e-01
   29900  4.485000000000e+02  4.542980302908e-01
   29950  4.492500000000e+02  4.517333171019e-01
   30000  4.500000000000e+02  4.494111360890e-01
   30050  4.507500000000e+02  4.475093791072e-01
   30100  4.515000000000e+02  4.462353966523e-01
   30150  4.522500000000e+02  4.458328390869e-01
   30200  4.530000000000e+02  4.465844817976e-01
   30250  4.537500000000e+02  4.487969807309e-01
   30300  4.545000000000e+02  4.527494959998e-01
   30350  4.552500000000e+02  4.587448228748e-01
   30400  4.560000000000e+02  4.671023506087e-01
   30450  4.567500000000e+02  4.780795967473e-01
   30500  4.575000000000e+02  4.919372443649e-01
   30550  4.582500000000e+02  5.087934075499e-01
   30600  4.590000000000e+02  5.284769970054e-01
   30650  4.597500000000e+02  5.509844635928e-01
   30700  4.605000000000e+02  5.766309186530e-01
   30750  4.612500000000e+02  6.056365642710e-01
   30800  4.620000000000e+02  6.379326200083e-01
   30850  4.627500000000e+02  6.734226692631e-01
   30900  4.635000000000e+02  7.123209305266e-01
   30950  4.642500000000e+02  7.549659172725e-01
   31000  4.650000000000e+02  8.013133847348e-01
   31050  4.657500000000e+02  8.511402047459e-01
   31100  4.665000000000e+02  9.042272056594e-01
   31150  4.672500000000e+02  9.600731953706e-01
   31200  4.680000000000e+02  1.017883114416e+00
   31250  4.687500000000e+02  1.077072268714e+00
   31300  4.695000000000e+02  1.137512722763e+00
   31350  4.702500000000e+02  1.199029296950e+00
   31400  4.710000000000e+02  1.260858058078e+00
   31450  4.717500000000e+02  1.322272985458e+00
   31500  4.725000000000e+02  1.383331602646e+00
   31550  4.732500000000e+02  1.444414695049e+00
   31600  4.740000000000e+02  1.505440830612e+00
   31650  4.747500000000e+02  1.565670502261e+00
   31700  4.755000000000e+02  1.624600932398e+00
   31750  4.762500000000e+02  1.682733454042e+00
   31800  4.770000000000e+02  1.740790338237e+00
   31850  4.777500000000e+02  1.798787184016e+00
   31900  4.785000000000e+02  1.856587248139e+00
   31950  4.792500000000e+02  1.913809572446e+00
   32000  4.800000000000e+02  1.970333823771e+00
   32050  4.807500000000e+02  2.026159601186e+00
   32100  4.815000000000e+02  2.081118409204e+00
   32150  4.822500000000e+02  2.134908085307e+00
   32200  4.830000000000e+02  2.186848024370e+00
   32250  4.837500000000e+02  2.236618374818e+00
   32300  4.845000000000e+02  2.285034460878e+00
   32350  4.852500000000e+02  2.331941779087e+00
   32400  4.860000000000e+02  2.376231041933e+00
   32450  4.867500000000e+02  2.418007446407e+00
   32500  4.875000000000e+02  2.458006435852e+00
   32550  4.882500000000e+02  2.495460918494e+00
   32600  4.890000000000e+02  2.529545193526e+00
   32650  4.897500000000e+02  2.559986554487e+00
   32700  4.905000000000e+02  2.586209822704e+00
   32750  4.912500000000e+02  2.607879910127e+00
   32800  4.920000000000e+02  2.625988705685e+00
   32850  4.927500000000e+02  2.640753995450e+00
   32900  4.935000000000e+02  2.651473083888e+00
   32950  4.942500000000e+02  2.658479698958e+00
   33000  4.950000000000e+02  2.663154631435e+00
   33050  4.957500000000e+02  2.665430525396e+00
   33100  4.965000000000e+02  2.663598323038e+00
   33150  4.972500000000e+02  2.657131223042e+00
   33200  4.980000000000e+02  2.647274317898e+00
   33250  4.987500000000e+02  2.634989372320e+00
   33300  4.995000000000e+02  2.619327431876e+00
   33350  5.002500000000e+02  2.599753801088e+00
   33400  5.010000000000e+02  2.576463891008e+00
   33450  5.017500000000e+02  2.549561715126e+00
   33500  5.025000000000e+02  2.519913501034e+00
   33550  5.032500000000e+02  2.488225746036e+00
   33600  5.040000000000e+02  2.454439972987e+00
   33650  5.047500000000e+02  2.418356818362e+00
   33700  5.055000000000e+02  2.380446026382e+00
   33750  5.062500000000e+02  2.341347866056e+00
   33800  5.070000000000e+02  2.301610393884e+00
   33850  5.077500000000e+02  2.261452271373e+00
   33900  5.085000000000e+02  2.220136325232e+00
   33950  5.092500000000e+02  2.176966226669e+00
   34000  5.100000000000e+02  2.132160911702e+00
   34050  5.107500000000e+02  2.085862538508e+00
   34100  5.115000000000e+02  2.037649412894e+00
   34150  5.122500000000e+02  1.987392795718e+00
   34200  5.130000000000e+02  1.935712178284e+00
   34250  5.137500000000e+02  1.883252011875e+00
   34300  5.145000000000e+02  1.829971181644e+00
   34350  5.152500000000e+02  1.775943226425e+00
   34400  5.160000000000e+02  1.722000156895e+00
   34450  5.167500000000e+02  1.668376642341e+00
   34500  5.175000000000e+02  1.614169811474e+00
   34550  5.182500000000e+02  1.559292251670e+00
   34600  5.190000000000e+02  1.504487993578e+00
   34650  5.197500000000e+02  1.449973938881e+00
   34700  5.205000000000e+02  1.395866574349e+00
   34750  5.212500000000e+02  1.342557238090e+00
   34800  5.220000000000e+02  1.290534737801e+00
   34850  5.227500000000e+02  1.239532002204e+00
   34900  5.235000000000e+02  1.189150388847e+00
   34950  5.242500000000e+02  1.139819649767e+00
   35000  5.250000000000e+02  1.091683367499e+00
   35050  5.257500000000e+02  1.043982925197e+00
   35100  5.265000000000e+02  9.968896301461e-01
   35150  5.272500000000e+02  9.511714891365e-01
   35200  5.280000000000e+02  9.071908601810e-01
   35250  5.287500000000e+02  8.651583127051e-01
   35300  5.295000000000e+02  8.251258936867e-01
   35350  5.302500000000e+02  7.872859818908e-01
   35400  5.310000000000e+02  7.518155490567e-01
   35450  5.317500000000e+02  7.188628302527e-01
   35500  5.325000000000e+02  6.884283037639e-01
   35550  5.332500000000e+02  6.604461848290e-01
   35600  5.340000000000e+02  6.348815020042e-01
   35650  5.347500000000e+02  6.115351964101e-01
   35700  5.355000000000e+02  5.903939253873e-01
   35750  5.362500000000e+02  5.715888053748e-01
   35800  5.370000000000e+02  5.549863058632e-01
   35850  5.377500000000e+02  5.403141715442e-01
   35900  5.385000000000e+02  5.274528812735e-01
   35950  5.392500000000e+02  5.161496498414e-01
   36000  5.400000000000e+02  5.059820217386e-01
   36050  5.407500000000e+02  4.968930973718e-01
   36100  5.415000000000e+02  4.889514855295e-01
   36150  5.422500000000e+02  4.820630090007e-01
   36200  5.430000000000e+02  4.760723484371e-01
   36250  5.437500000000e+02  4.709172435982e-01
   36300  5.445000000000e+02  4.665533914825e-01
   36350  5.452500000000e+02  4.628892021581e-01
   36400  5.460000000000e+02  4.598076885171e-01
   36450  5.467500000000e+02  4.571640925785e-01
   36500  5.475000000000e+02  4.549466101014e-01
   36550  5.482500000000e+02  4.531477280607e-01
   36600  5.490000000000e+02  4.516691094943e-01
   36650  5.497500000000e+02  4.504247805313e-01
   36700  5.505000000000e+02  4.494296321296e-01
   36750  5.512500000000e+02  4.487260537389e-01
   36800  5.520000000000e+02  4.483061851053e-01
   36850  5.527500000000e+02  4.481401662962e-01
   36900  5.535000000000e+02  4.481555929136e-01
   36950  5.542500000000e+02  4.483707107922e-01
   37000  5.550000000000e+02  4.488423628107e-01
   37050  5.557500000000e+02  4.495934222590e-01
   37100  5.565000000000e+02  4.506185967898e-01
   37150  5.572500000000e+02  4.519120247429e-01
   37200  5.580000000000e+02  4.534419719794e-01
   37250  5.587500000000e+02  4.552390146666e-01
   37300  5.595000000000e+02  4.573228296870e-01
   37350  5.602500000000e+02  4.597010093048e-01
   37400  5.610000000000e+02  4.625140395600e-01
   37450  5.617500000000e+02  4.658735325447e-01
   37500  5.625000000000e+02  4.697271346485e-01
   37550  5.632500000000e+02  4.741067291292e-01
   37600  5.640000000000e+02  4.791600648774e-01
   37650  5.647500000000e+02  4.848991197002e-01
   37700  5.655000000000e+02  4.912398179303e-01
   37750  5.662500000000e+02  4.981484552028e-01
   37800  5.670000000000e+02  5.057744148392e-01
   37850  5.677500000000e+02  5.143698179757e-01
   37900  5.685000000000e+02  5.241079551911e-01
   37950  5.692500000000e+02  5.350361444619e-01
   38000  5.700000000000e+02  5.471211098551e-01
   38050  5.707500000000e+02  5.602594571081e-01
   38100  5.715000000000e+02  5.745826610438e-01
   38150  5.722500000000e+02  5.900179555025e-01
   38200  5.730000000000e+02  6.062782537089e-01
   38250  5.737500000000e+02  6.235036341977e-01
   38300  5.745000000000e+02  6.419666155241e-01
   38350  5.752500000000e+02  6.614173298068e-01
   38400  5.760000000000e+02  6.813685392360e-01
   38450  5.767500000000e+02  7.017798358405e-01
   38500  5.775000000000e+02  7.231411922058e-01
   38550  5.782500000000e+02  7.460675270645e-01
   38600  5.790000000000e+02  7.705867010967e-01
   38650  5.797500000000e+02  7.964552359973e-01
   38700  5.805000000000e+02  8.237279393620e-01
   38750  5.812500000000e+02  8.524677263751e-01
   38800  5.820000000000e+02  8.825789437147e-01
   38850  5.827500000000e+02  9.138976107856e-01
   38900  5.835000000000e+02  9.462846677300e-01
   38950  5.842500000000e+02  9.793631401576e-01
   39000  5.850000000000e+02  1.013109693729e+00
   39050  5.857500000000e+02  1.047348264485e+00
   39100  5.865000000000e+02  1.081944435507e+00
   39150  5.872500000000e+02  1.116947991991e+00
   39200  5.880000000000e+02  1.152662883911e+00
   39250  5.887500000000e+02  1.189178655786e+00
   39300  5.895000000000e+02  1.226503135556e+00
   39350  5.902500000000e+02  1.264557001673e+00
   39400  5.910000000000e+02  1.302888980921e+00
   39450  5.917500000000e+02  1.341182186745e+00
   39500  5.925000000000e+02  1.379259571452e+00
   39550  5.932500000000e+02  1.417218154227e+00
   39600  5.940000000000e+02  1.455194831604e+00
   39650  5.947500000000e+02  1.492741484156e+00
   39700  5.955000000000e+02  1.529696510565e+00
   39750  5.962500000000e+02  1.565623542050e+00
   39800  5.970000000000e+02  1.599616964811e+00
   39850  5.977500000000e+02  1.631973980658e+00
   39900  5.985000000000e+02  1.663732454699e+00
   39950  5.992500000000e+02  1.695176090425e+00
   40000  6.000000000000e+02  1.725677736924e+00
