################################################################################
# HEADER
# nspin         1
#%
# nik       186
#  st         1      26
# ust         1      26
# Iter             t            #  iter t Nex(t)  
################################################################################
       0  0.000000000000e+00  1.082467449010e-15
      50  7.500000000000e-01  5.123471091828e-12
     100  1.500000000000e+00  4.838270062368e-11
     150  2.250000000000e+00  5.192077739968e-10
     200  3.000000000000e+00  2.875229609955e-09
     250  3.750000000000e+00  1.048380935537e-08
     300  4.500000000000e+00  2.937282508886e-08
     350  5.250000000000e+00  6.882262032493e-08
     400  6.000000000000e+00  1.419034925329e-07
     450  6.750000000000e+00  2.660229121015e-07
     500  7.500000000000e+00  4.638191996448e-07
     550  8.250000000000e+00  7.641192590960e-07
     600  9.000000000000e+00  1.202972120785e-06
     650  9.750000000000e+00  1.824556603781e-06
     700  1.050000000000e+01  2.681525661248e-06
     750  1.125000000000e+01  3.835307112933e-06
     800  1.200000000000e+01  5.356164236900e-06
     850  1.275000000000e+01  7.323061753155e-06
     900  1.350000000000e+01  9.823216597787e-06
     950  1.425000000000e+01  1.295012763975e-05
    1000  1.500000000000e+01  1.680124610621e-05
    1050  1.575000000000e+01  2.147775301636e-05
    1100  1.650000000000e+01  2.708416452875e-05
    1150  1.725000000000e+01  3.372665755033e-05
    1200  1.800000000000e+01  4.151170474403e-05
    1250  1.875000000000e+01  5.054422124252e-05
    1300  1.950000000000e+01  6.092469011526e-05
    1350  2.025000000000e+01  7.274494658260e-05
    1400  2.100000000000e+01  8.608480150146e-05
    1450  2.175000000000e+01  1.010082433054e-04
    1500  2.250000000000e+01  1.175613318517e-04
    1550  2.325000000000e+01  1.357689974472e-04
    1600  2.400000000000e+01  1.556309520372e-04
    1650  2.475000000000e+01  1.771164468483e-04
    1700  2.550000000000e+01  2.001631616331e-04
    1750  2.625000000000e+01  2.246770989152e-04
    1800  2.700000000000e+01  2.505329276671e-04
    1850  2.775000000000e+01  2.775740997723e-04
    1900  2.850000000000e+01  3.056105982726e-04
    1950  2.925000000000e+01  3.344187993779e-04
    2000  3.000000000000e+01  3.637405449599e-04
    2050  3.075000000000e+01  3.932818322604e-04
    2100  3.150000000000e+01  4.227179713752e-04
    2150  3.225000000000e+01  4.516957039844e-04
    2200  3.300000000000e+01  4.798373463253e-04
    2250  3.375000000000e+01  5.067463772007e-04
    2300  3.450000000000e+01  5.320106709035e-04
    2350  3.525000000000e+01  5.552093920596e-04
    2400  3.600000000000e+01  5.759181281663e-04
    2450  3.675000000000e+01  5.937176039881e-04
    2500  3.750000000000e+01  6.082023735334e-04
    2550  3.825000000000e+01  6.189900665893e-04
    2600  3.900000000000e+01  6.257313635318e-04
    2650  3.975000000000e+01  6.281188783062e-04
    2700  4.050000000000e+01  6.258943437781e-04
    2750  4.125000000000e+01  6.188593502699e-04
    2800  4.200000000000e+01  6.068860185954e-04
    2850  4.275000000000e+01  5.899313480866e-04
    2900  4.350000000000e+01  5.680490218094e-04
    2950  4.425000000000e+01  5.413977237752e-04
    3000  4.500000000000e+01  5.102488040857e-04
    3050  4.575000000000e+01  4.749925572872e-04
    3100  4.650000000000e+01  4.361445190421e-04
    3150  4.725000000000e+01  3.943536038836e-04
    3200  4.800000000000e+01  3.504078417264e-04
    3250  4.875000000000e+01  3.052370002501e-04
    3300  4.950000000000e+01  2.599140887619e-04
    3350  5.025000000000e+01  2.156546819589e-04
    3400  5.100000000000e+01  1.738134772848e-04
    3450  5.175000000000e+01  1.358789083532e-04
    3500  5.250000000000e+01  1.034666368993e-04
    3550  5.325000000000e+01  7.831147501668e-05
    3600  5.400000000000e+01  6.225550986420e-05
    3650  5.475000000000e+01  5.723454462382e-05
    3700  5.550000000000e+01  6.526245732136e-05
    3750  5.625000000000e+01  8.841412887112e-05
    3800  5.700000000000e+01  1.288066404529e-04
    3850  5.775000000000e+01  1.885778945576e-04
    3900  5.850000000000e+01  2.698625971393e-04
    3950  5.925000000000e+01  3.747656015178e-04
    4000  6.000000000000e+01  5.053354298539e-04
    4050  6.075000000000e+01  6.635355197182e-04
    4100  6.150000000000e+01  8.512145886244e-04
    4150  6.225000000000e+01  1.070077635297e-03
    4200  6.300000000000e+01  1.321652809738e-03
    4250  6.375000000000e+01  1.607258753974e-03
    4300  6.450000000000e+01  1.927976030813e-03
    4350  6.525000000000e+01  2.284621764657e-03
    4400  6.600000000000e+01  2.677724808664e-03
    4450  6.675000000000e+01  3.107498481580e-03
    4500  6.750000000000e+01  3.573814316698e-03
    4550  6.825000000000e+01  4.076181061378e-03
    4600  6.900000000000e+01  4.613720904580e-03
    4650  6.975000000000e+01  5.185154968887e-03
    4700  7.050000000000e+01  5.788789804084e-03
    4750  7.125000000000e+01  6.422509032529e-03
    4800  7.200000000000e+01  7.083774931237e-03
    4850  7.275000000000e+01  7.769630847874e-03
    4900  7.350000000000e+01  8.476704730807e-03
    4950  7.425000000000e+01  9.201215418658e-03
    5000  7.500000000000e+01  9.938985087571e-03
    5050  7.575000000000e+01  1.068546947864e-02
    5100  7.650000000000e+01  1.143578452630e-02
    5150  7.725000000000e+01  1.218473877411e-02
    5200  7.800000000000e+01  1.292686812765e-02
    5250  7.875000000000e+01  1.365648089253e-02
    5300  7.950000000000e+01  1.436769668808e-02
    5350  8.025000000000e+01  1.505450453220e-02
    5400  8.100000000000e+01  1.571081367398e-02
    5450  8.175000000000e+01  1.633051401545e-02
    5500  8.250000000000e+01  1.690754245499e-02
    5550  8.325000000000e+01  1.743594824737e-02
    5600  8.400000000000e+01  1.790995510243e-02
    5650  8.475000000000e+01  1.832403112311e-02
    5700  8.550000000000e+01  1.867295744189e-02
    5750  8.625000000000e+01  1.895190396813e-02
    5800  8.700000000000e+01  1.915649864270e-02
    5850  8.775000000000e+01  1.928289645341e-02
    5900  8.850000000000e+01  1.932784333737e-02
    5950  8.925000000000e+01  1.928874109561e-02
    6000  9.000000000000e+01  1.916371264282e-02
    6050  9.075000000000e+01  1.895166718215e-02
    6100  9.150000000000e+01  1.865235832670e-02
    6150  9.225000000000e+01  1.826642620135e-02
    6200  9.300000000000e+01  1.779542935804e-02
    6250  9.375000000000e+01  1.724187880185e-02
    6300  9.450000000000e+01  1.660925871924e-02
    6350  9.525000000000e+01  1.590203952942e-02
    6400  9.600000000000e+01  1.512569335282e-02
    6450  9.675000000000e+01  1.428669858738e-02
    6500  9.750000000000e+01  1.339252032736e-02
    6550  9.825000000000e+01  1.245158871801e-02
    6600  9.900000000000e+01  1.147325570178e-02
    6650  9.975000000000e+01  1.046775675717e-02
    6700  1.005000000000e+02  9.446159420933e-03
    6750  1.012500000000e+02  8.420295458246e-03
    6800  1.020000000000e+02  7.402686085506e-03
    6850  1.027500000000e+02  6.406455022804e-03
    6900  1.035000000000e+02  5.445229396849e-03
    6950  1.042500000000e+02  4.533036069873e-03
    7000  1.050000000000e+02  3.684185224303e-03
    7050  1.057500000000e+02  2.913155068873e-03
    7100  1.065000000000e+02  2.234464092586e-03
    7150  1.072500000000e+02  1.662533914433e-03
    7200  1.080000000000e+02  1.211547231343e-03
    7250  1.087500000000e+02  8.953023445896e-04
    7300  1.095000000000e+02  7.270640854480e-04
    7350  1.102500000000e+02  7.194134441942e-04
    7400  1.110000000000e+02  8.840989127591e-04
    7450  1.117500000000e+02  1.231890380652e-03
    7500  1.125000000000e+02  1.772438456421e-03
    7550  1.132500000000e+02  2.514138351366e-03
    7600  1.140000000000e+02  3.464000689018e-03
    7650  1.147500000000e+02  4.627531547652e-03
    7700  1.155000000000e+02  6.008624533741e-03
    7750  1.162500000000e+02  7.609463298036e-03
    7800  1.170000000000e+02  9.430428604623e-03
    7850  1.177500000000e+02  1.147002509704e-02
    7900  1.185000000000e+02  1.372482839165e-02
    7950  1.192500000000e+02  1.618945150879e-02
    8000  1.200000000000e+02  1.885651537947e-02
    8050  1.207500000000e+02  2.171665475875e-02
    8100  1.215000000000e+02  2.475852568892e-02
    8150  1.222500000000e+02  2.796885082374e-02
    8200  1.230000000000e+02  3.133248058252e-02
    8250  1.237500000000e+02  3.483246293695e-02
    8300  1.245000000000e+02  3.845013507298e-02
    8350  1.252500000000e+02  4.216523565040e-02
    8400  1.260000000000e+02  4.595602289384e-02
    8450  1.267500000000e+02  4.979943489235e-02
    8500  1.275000000000e+02  5.367123146856e-02
    8550  1.282500000000e+02  5.754617557303e-02
    8600  1.290000000000e+02  6.139822599918e-02
    8650  1.297500000000e+02  6.520074284547e-02
    8700  1.305000000000e+02  6.892668763719e-02
    8750  1.312500000000e+02  7.254885665669e-02
    8800  1.320000000000e+02  7.604010988421e-02
    8850  1.327500000000e+02  7.937361602141e-02
    8900  1.335000000000e+02  8.252306823312e-02
    8950  1.342500000000e+02  8.546293071038e-02
    9000  1.350000000000e+02  8.816866448875e-02
    9050  1.357500000000e+02  9.061695957083e-02
    9100  1.365000000000e+02  9.278596540613e-02
    9150  1.372500000000e+02  9.465552142675e-02
    9200  1.380000000000e+02  9.620734731673e-02
    9250  1.387500000000e+02  9.742525524231e-02
    9300  1.395000000000e+02  9.829533003091e-02
    9350  1.402500000000e+02  9.880611356640e-02
    9400  1.410000000000e+02  9.894875249146e-02
    9450  1.417500000000e+02  9.871712687250e-02
    9500  1.425000000000e+02  9.810797482434e-02
    9550  1.432500000000e+02  9.712099296651e-02
    9600  1.440000000000e+02  9.575891378248e-02
    9650  1.447500000000e+02  9.402756746022e-02
    9700  1.455000000000e+02  9.193590128663e-02
    9750  1.462500000000e+02  8.949602318154e-02
    9800  1.470000000000e+02  8.672319138980e-02
    9850  1.477500000000e+02  8.363578062947e-02
    9900  1.485000000000e+02  8.025522838701e-02
    9950  1.492500000000e+02  7.660595635073e-02
   10000  1.500000000000e+02  7.271526500540e-02
   10050  1.507500000000e+02  6.861319453289e-02
   10100  1.515000000000e+02  6.433235162146e-02
   10150  1.522500000000e+02  5.990772705257e-02
   10200  1.530000000000e+02  5.537648161769e-02
   10250  1.537500000000e+02  5.077769003241e-02
   10300  1.545000000000e+02  4.615207824351e-02
   10350  1.552500000000e+02  4.154172282454e-02
   10400  1.560000000000e+02  3.698974208089e-02
   10450  1.567500000000e+02  3.253996787546e-02
   10500  1.575000000000e+02  2.823658171682e-02
   10550  1.582500000000e+02  2.412373615478e-02
   10600  1.590000000000e+02  2.024517053082e-02
   10650  1.597500000000e+02  1.664381413243e-02
   10700  1.605000000000e+02  1.336139212797e-02
   10750  1.612500000000e+02  1.043801748844e-02
   10800  1.620000000000e+02  7.911795644696e-03
   10850  1.627500000000e+02  5.818424869202e-03
   10900  1.635000000000e+02  4.190809512005e-03
   10950  1.642500000000e+02  3.058691828729e-03
   11000  1.650000000000e+02  2.448303845645e-03
   11050  1.657500000000e+02  2.382043940132e-03
   11100  1.665000000000e+02  2.878184113889e-03
   11150  1.672500000000e+02  3.950610453789e-03
   11200  1.680000000000e+02  5.608603515757e-03
   11250  1.687500000000e+02  7.856660513016e-03
   11300  1.695000000000e+02  1.069436297082e-02
   11350  1.702500000000e+02  1.411629123704e-02
   11400  1.710000000000e+02  1.811198448231e-02
   11450  1.717500000000e+02  2.266595382008e-02
   11500  1.725000000000e+02  2.775773857220e-02
   11550  1.732500000000e+02  3.336202451589e-02
   11600  1.740000000000e+02  3.944880036022e-02
   11650  1.747500000000e+02  4.598355624267e-02
   11700  1.755000000000e+02  5.292754876888e-02
   11750  1.762500000000e+02  6.023808206254e-02
   11800  1.770000000000e+02  6.786883603247e-02
   11850  1.777500000000e+02  7.577023868379e-02
   11900  1.785000000000e+02  8.388986725843e-02
   11950  1.792500000000e+02  9.217286728474e-02
   12000  1.800000000000e+02  1.005623901042e-01
   12050  1.807500000000e+02  1.090000465500e-01
   12100  1.815000000000e+02  1.174263670370e-01
   12150  1.822500000000e+02  1.257812679328e-01
   12200  1.830000000000e+02  1.340045326803e-01
   12250  1.837500000000e+02  1.420362995523e-01
   12300  1.845000000000e+02  1.498175353233e-01
   12350  1.852500000000e+02  1.572905016644e-01
   12400  1.860000000000e+02  1.643991927513e-01
   12450  1.867500000000e+02  1.710897690728e-01
   12500  1.875000000000e+02  1.773109709247e-01
   12550  1.882500000000e+02  1.830145203767e-01
   12600  1.890000000000e+02  1.881555111595e-01
   12650  1.897500000000e+02  1.926927684823e-01
   12700  1.905000000000e+02  1.965891774210e-01
   12750  1.912500000000e+02  1.998119891580e-01
   12800  1.920000000000e+02  2.023330794144e-01
   12850  1.927500000000e+02  2.041292174309e-01
   12900  1.935000000000e+02  2.051822799659e-01
   12950  1.942500000000e+02  2.054794653989e-01
   13000  1.950000000000e+02  2.050134403398e-01
   13050  1.957500000000e+02  2.037824967894e-01
   13100  1.965000000000e+02  2.017906120628e-01
   13150  1.972500000000e+02  1.990475187920e-01
   13200  1.980000000000e+02  1.955687046191e-01
   13250  1.987500000000e+02  1.913754276488e-01
   13300  1.995000000000e+02  1.864946719076e-01
   13350  2.002500000000e+02  1.809590479508e-01
   13400  2.010000000000e+02  1.748066689944e-01
   13450  2.017500000000e+02  1.680809647928e-01
   13500  2.025000000000e+02  1.608304591189e-01
   13550  2.032500000000e+02  1.531085192733e-01
   13600  2.040000000000e+02  1.449730597992e-01
   13650  2.047500000000e+02  1.364861958867e-01
   13700  2.055000000000e+02  1.277138672775e-01
   13750  2.062500000000e+02  1.187253806682e-01
   13800  2.070000000000e+02  1.095929308390e-01
   13850  2.077500000000e+02  1.003910833765e-01
   13900  2.085000000000e+02  9.119622340619e-02
   13950  2.092500000000e+02  8.208599460013e-02
   14000  2.100000000000e+02  7.313867909733e-02
   14050  2.107500000000e+02  6.443256730571e-02
   14100  2.115000000000e+02  5.604527391803e-02
   14150  2.122500000000e+02  4.805305243666e-02
   14200  2.130000000000e+02  4.053007842153e-02
   14250  2.137500000000e+02  3.354776218358e-02
   14300  2.145000000000e+02  2.717403461111e-02
   14350  2.152500000000e+02  2.147265300644e-02
   14400  2.160000000000e+02  1.650252504671e-02
   14450  2.167500000000e+02  1.231706127345e-02
   14500  2.175000000000e+02  8.963566492464e-03
   14550  2.182500000000e+02  6.482697967938e-03
   14600  2.190000000000e+02  4.907977267572e-03
   14650  2.197500000000e+02  4.265370160421e-03
   14700  2.205000000000e+02  4.572941799204e-03
   14750  2.212500000000e+02  5.840596317078e-03
   14800  2.220000000000e+02  8.069906063132e-03
   14850  2.227500000000e+02  1.125403590950e-02
   14900  2.235000000000e+02  1.537776514916e-02
   14950  2.242500000000e+02  2.041761215095e-02
   15000  2.250000000000e+02  2.634204587069e-02
   15050  2.257500000000e+02  3.311179379470e-02
   15100  2.265000000000e+02  4.068022673878e-02
   15150  2.272500000000e+02  4.899385336535e-02
   15200  2.280000000000e+02  5.799285651682e-02
   15250  2.287500000000e+02  6.761169903513e-02
   15300  2.295000000000e+02  7.777975978384e-02
   15350  2.302500000000e+02  8.842202936840e-02
   15400  2.310000000000e+02  9.945981612505e-02
   15450  2.317500000000e+02  1.108114613771e-01
   15500  2.325000000000e+02  1.223930777954e-01
   15550  2.332500000000e+02  1.341192795496e-01
   15600  2.340000000000e+02  1.459039044339e-01
   15650  2.347500000000e+02  1.576607064310e-01
   15700  2.355000000000e+02  1.693040353686e-01
   15750  2.362500000000e+02  1.807494827738e-01
   15800  2.370000000000e+02  1.919144876904e-01
   15850  2.377500000000e+02  2.027188967485e-01
   15900  2.385000000000e+02  2.130855202144e-01
   15950  2.392500000000e+02  2.229406238052e-01
   16000  2.400000000000e+02  2.322144142269e-01
   16050  2.407500000000e+02  2.408414590092e-01
   16100  2.415000000000e+02  2.487610777631e-01
   16150  2.422500000000e+02  2.559177177110e-01
   16200  2.430000000000e+02  2.622612817762e-01
   16250  2.437500000000e+02  2.677474136488e-01
   16300  2.445000000000e+02  2.723377662382e-01
   16350  2.452500000000e+02  2.760002211786e-01
   16400  2.460000000000e+02  2.787090622687e-01
   16450  2.467500000000e+02  2.804451069807e-01
   16500  2.475000000000e+02  2.811958003920e-01
   16550  2.482500000000e+02  2.809552962390e-01
   16600  2.490000000000e+02  2.797244826973e-01
   16650  2.497500000000e+02  2.775110093154e-01
   16700  2.505000000000e+02  2.743292188281e-01
   16750  2.512500000000e+02  2.702000786333e-01
   16800  2.520000000000e+02  2.651511057963e-01
   16850  2.527500000000e+02  2.592162499941e-01
   16900  2.535000000000e+02  2.524357452976e-01
   16950  2.542500000000e+02  2.448559101380e-01
   17000  2.550000000000e+02  2.365289272314e-01
   17050  2.557500000000e+02  2.275125737282e-01
   17100  2.565000000000e+02  2.178699154270e-01
   17150  2.572500000000e+02  2.076689709340e-01
   17200  2.580000000000e+02  1.969823054006e-01
   17250  2.587500000000e+02  1.858865981622e-01
   17300  2.595000000000e+02  1.744621863625e-01
   17350  2.602500000000e+02  1.627925418491e-01
   17400  2.610000000000e+02  1.509636817820e-01
   17450  2.617500000000e+02  1.390635503504e-01
   17500  2.625000000000e+02  1.271813392408e-01
   17550  2.632500000000e+02  1.154067865167e-01
   17600  2.640000000000e+02  1.038294586712e-01
   17650  2.647500000000e+02  9.253799337116e-02
   17700  2.655000000000e+02  8.161931515010e-02
   17750  2.662500000000e+02  7.115783823583e-02
   17800  2.670000000000e+02  6.123467422374e-02
   17850  2.677500000000e+02  5.192684378539e-02
   17900  2.685000000000e+02  4.330651257314e-02
   17950  2.692500000000e+02  3.544025652731e-02
   18000  2.700000000000e+02  2.838836740097e-02
   18050  2.707500000000e+02  2.220420596737e-02
   18100  2.715000000000e+02  1.693362715999e-02
   18150  2.722500000000e+02  1.261446626578e-02
   18200  2.730000000000e+02  9.276115777103e-03
   18250  2.737500000000e+02  6.939203449808e-03
   18300  2.745000000000e+02  5.615375736707e-03
   18350  2.752500000000e+02  5.307185585075e-03
   18400  2.760000000000e+02  6.008094821540e-03
   18450  2.767500000000e+02  7.702593246102e-03
   18500  2.775000000000e+02  1.036643305485e-02
   18550  2.782500000000e+02  1.396697393577e-02
   18600  2.790000000000e+02  1.846362526394e-02
   18650  2.797500000000e+02  2.380838418323e-02
   18700  2.805000000000e+02  2.994645153212e-02
   18750  2.812500000000e+02  3.681691039337e-02
   18800  2.820000000000e+02  4.435344891790e-02
   18850  2.827500000000e+02  5.248513501151e-02
   18900  2.835000000000e+02  6.113720904801e-02
   18950  2.842500000000e+02  7.023188028750e-02
   19000  2.850000000000e+02  7.968910710644e-02
   19050  2.857500000000e+02  8.942737639827e-02
   19100  2.865000000000e+02  9.936447138572e-02
   19150  2.872500000000e+02  1.094181827827e-01
   19200  2.880000000000e+02  1.195069901618e-01
   19250  2.887500000000e+02  1.295506914155e-01
   19300  2.895000000000e+02  1.394709978329e-01
   19350  2.902500000000e+02  1.491920684490e-01
   19400  2.910000000000e+02  1.586410188317e-01
   19450  2.917500000000e+02  1.677483674149e-01
   19500  2.925000000000e+02  1.764484428913e-01
   19550  2.932500000000e+02  1.846797346622e-01
   19600  2.940000000000e+02  1.923851945196e-01
   19650  2.947500000000e+02  1.995125159602e-01
   19700  2.955000000000e+02  2.060143525312e-01
   19750  2.962500000000e+02  2.118485284826e-01
   19800  2.970000000000e+02  2.169781763200e-01
   19850  2.977500000000e+02  2.213718490585e-01
   19900  2.985000000000e+02  2.250035908175e-01
   19950  2.992500000000e+02  2.278529846887e-01
   20000  3.000000000000e+02  2.299051626221e-01
   20050  3.007500000000e+02  2.311507674444e-01
   20100  3.015000000000e+02  2.315859127639e-01
   20150  3.022500000000e+02  2.312121011541e-01
   20200  3.030000000000e+02  2.300361332928e-01
   20250  3.037500000000e+02  2.280699940947e-01
   20300  3.045000000000e+02  2.253307310326e-01
   20350  3.052500000000e+02  2.218403077806e-01
   20400  3.060000000000e+02  2.176254648412e-01
   20450  3.067500000000e+02  2.127175549318e-01
   20500  3.075000000000e+02  2.071523577825e-01
   20550  3.082500000000e+02  2.009698763846e-01
   20600  3.090000000000e+02  1.942141071176e-01
   20650  3.097500000000e+02  1.869327871135e-01
   20700  3.105000000000e+02  1.791771360246e-01
   20750  3.112500000000e+02  1.710015511973e-01
   20800  3.120000000000e+02  1.624632815894e-01
   20850  3.127500000000e+02  1.536220724826e-01
   20900  3.135000000000e+02  1.445397774276e-01
   20950  3.142500000000e+02  1.352799448165e-01
   21000  3.150000000000e+02  1.259073942721e-01
   21050  3.157500000000e+02  1.164877445582e-01
   21100  3.165000000000e+02  1.070869235460e-01
   21150  3.172500000000e+02  9.777069300522e-02
   21200  3.180000000000e+02  8.860412217879e-02
   21250  3.187500000000e+02  7.965104759637e-02
   21300  3.195000000000e+02  7.097355056084e-02
   21350  3.202500000000e+02  6.263142923222e-02
   21400  3.210000000000e+02  5.468167772634e-02
   21450  3.217500000000e+02  4.717796225370e-02
   21500  3.225000000000e+02  4.017012457337e-02
   21550  3.232500000000e+02  3.370369199998e-02
   21600  3.240000000000e+02  2.781943583224e-02
   21650  3.247500000000e+02  2.255295968068e-02
   21700  3.255000000000e+02  1.793433218075e-02
   21750  3.262500000000e+02  1.398776742587e-02
   21800  3.270000000000e+02  1.073135460425e-02
   21850  3.277500000000e+02  8.176870657644e-03
   21900  3.285000000000e+02  6.329652693734e-03
   21950  3.292500000000e+02  5.188553304326e-03
   22000  3.300000000000e+02  4.745980442416e-03
   22050  3.307500000000e+02  4.988025343542e-03
   22100  3.315000000000e+02  5.894676488262e-03
   22150  3.322500000000e+02  7.440116950326e-03
   22200  3.330000000000e+02  9.593097777679e-03
   22250  3.337500000000e+02  1.231738561584e-02
   22300  3.345000000000e+02  1.557226698283e-02
   22350  3.352500000000e+02  1.931310941646e-02
   22400  3.360000000000e+02  2.349195282157e-02
   22450  3.367500000000e+02  2.805813240966e-02
   22500  3.375000000000e+02  3.295891469389e-02
   22550  3.382500000000e+02  3.814014026698e-02
   22600  3.390000000000e+02  4.354685890761e-02
   22650  3.397500000000e+02  4.912393432107e-02
   22700  3.405000000000e+02  5.481663643755e-02
   22750  3.412500000000e+02  6.057117791211e-02
   22800  3.420000000000e+02  6.633520575288e-02
   22850  3.427500000000e+02  7.205826694107e-02
   22900  3.435000000000e+02  7.769217326239e-02
   22950  3.442500000000e+02  8.319132681098e-02
   23000  3.450000000000e+02  8.851300613868e-02
   23050  3.457500000000e+02  9.361758695257e-02
   23100  3.465000000000e+02  9.846870277841e-02
   23150  3.472500000000e+02  1.030333785141e-01
   23200  3.480000000000e+02  1.072821315111e-01
   23250  3.487500000000e+02  1.111890113616e-01
   23300  3.495000000000e+02  1.147316236417e-01
   23350  3.502500000000e+02  1.178911095552e-01
   23400  3.510000000000e+02  1.206520949781e-01
   23450  3.517500000000e+02  1.230026335048e-01
   23500  3.525000000000e+02  1.249341074136e-01
   23550  3.532500000000e+02  1.264411311844e-01
   23600  3.540000000000e+02  1.275214016272e-01
   23650  3.547500000000e+02  1.281755633239e-01
   23700  3.555000000000e+02  1.284070601306e-01
   23750  3.562500000000e+02  1.282219633766e-01
   23800  3.570000000000e+02  1.276288074783e-01
   23850  3.577500000000e+02  1.266384376820e-01
   23900  3.585000000000e+02  1.252638228117e-01
   23950  3.592500000000e+02  1.235198928245e-01
   24000  3.600000000000e+02  1.214233792306e-01
   24050  3.607500000000e+02  1.189926472515e-01
   24100  3.615000000000e+02  1.162475467081e-01
   24150  3.622500000000e+02  1.132092631855e-01
   24200  3.630000000000e+02  1.099001723339e-01
   24250  3.637500000000e+02  1.063437011207e-01
   24300  3.645000000000e+02  1.025641921158e-01
   24350  3.652500000000e+02  9.858676653121e-02
   24400  3.660000000000e+02  9.443719003460e-02
   24450  3.667500000000e+02  9.014173459771e-02
   24500  3.675000000000e+02  8.572704809512e-02
   24550  3.682500000000e+02  8.122000445318e-02
   24600  3.690000000000e+02  7.664756845407e-02
   24650  3.697500000000e+02  7.203663137779e-02
   24700  3.705000000000e+02  6.741385430515e-02
   24750  3.712500000000e+02  6.280551172687e-02
   24800  3.720000000000e+02  5.823732630167e-02
   24850  3.727500000000e+02  5.373430212126e-02
   24900  3.735000000000e+02  4.932056323863e-02
   24950  3.742500000000e+02  4.501918664921e-02
   25000  3.750000000000e+02  4.085204439657e-02
   25050  3.757500000000e+02  3.683964738576e-02
   25100  3.765000000000e+02  3.300099895380e-02
   25150  3.772500000000e+02  2.935344149269e-02
   25200  3.780000000000e+02  2.591252335335e-02
   25250  3.787500000000e+02  2.269187734502e-02
   25300  3.795000000000e+02  1.970311854237e-02
   25350  3.802500000000e+02  1.695575020852e-02
   25400  3.810000000000e+02  1.445709520815e-02
   25450  3.817500000000e+02  1.221224250620e-02
   25500  3.825000000000e+02  1.022401788261e-02
   25550  3.832500000000e+02  8.492981364106e-03
   25600  3.840000000000e+02  7.017449945138e-03
   25650  3.847500000000e+02  5.793549230693e-03
   25700  3.855000000000e+02  4.815292425895e-03
   25750  3.862500000000e+02  4.074685468074e-03
   25800  3.870000000000e+02  3.561854247867e-03
   25850  3.877500000000e+02  3.265195744097e-03
   25900  3.885000000000e+02  3.171551546741e-03
   25950  3.892500000000e+02  3.266398941580e-03
   26000  3.900000000000e+02  3.534054957111e-03
   26050  3.907500000000e+02  3.957890628036e-03
   26100  3.915000000000e+02  4.520552779965e-03
   26150  3.922500000000e+02  5.204190364448e-03
   26200  3.930000000000e+02  5.990679906947e-03
   26250  3.937500000000e+02  6.861844837614e-03
   26300  3.945000000000e+02  7.799667004837e-03
   26350  3.952500000000e+02  8.786486858212e-03
   26400  3.960000000000e+02  9.805189846705e-03
   26450  3.967500000000e+02  1.083937665994e-02
   26500  3.975000000000e+02  1.187351124121e-02
   26550  3.982500000000e+02  1.289305006286e-02
   26600  3.990000000000e+02  1.388454210567e-02
   26650  3.997500000000e+02  1.483571439167e-02
   26700  4.005000000000e+02  1.573552849883e-02
   26750  4.012500000000e+02  1.657422244536e-02
   26800  4.020000000000e+02  1.734333240203e-02
   26850  4.027500000000e+02  1.803570561462e-02
   26900  4.035000000000e+02  1.864548268362e-02
   26950  4.042500000000e+02  1.916807211629e-02
   27000  4.050000000000e+02  1.960012053778e-02
   27050  4.057500000000e+02  1.993946709448e-02
   27100  4.065000000000e+02  2.018509761129e-02
   27150  4.072500000000e+02  2.033708643803e-02
   27200  4.080000000000e+02  2.039652769509e-02
   27250  4.087500000000e+02  2.036546577471e-02
   27300  4.095000000000e+02  2.024681939276e-02
   27350  4.102500000000e+02  2.004429792388e-02
   27400  4.110000000000e+02  1.976232119513e-02
   27450  4.117500000000e+02  1.940594324659e-02
   27500  4.125000000000e+02  1.898076853603e-02
   27550  4.132500000000e+02  1.849286332416e-02
   27600  4.140000000000e+02  1.794866434343e-02
   27650  4.147500000000e+02  1.735489209977e-02
   27700  4.155000000000e+02  1.671846733207e-02
   27750  4.162500000000e+02  1.604643133566e-02
   27800  4.170000000000e+02  1.534586344283e-02
   27850  4.177500000000e+02  1.462380047435e-02
   27900  4.185000000000e+02  1.388715815296e-02
   27950  4.192500000000e+02  1.314265670010e-02
   28000  4.200000000000e+02  1.239674802677e-02
   28050  4.207500000000e+02  1.165555134898e-02
   28100  4.215000000000e+02  1.092479176893e-02
   28150  4.222500000000e+02  1.020975307726e-02
   28200  4.230000000000e+02  9.515233910442e-03
   28250  4.237500000000e+02  8.845515598259e-03
   28300  4.245000000000e+02  8.204340060070e-03
   28350  4.252500000000e+02  7.594899219437e-03
   28400  4.260000000000e+02  7.019833591842e-03
   28450  4.267500000000e+02  6.481239932043e-03
   28500  4.275000000000e+02  5.980687003842e-03
   28550  4.282500000000e+02  5.519232674187e-03
   28600  4.290000000000e+02  5.097456021770e-03
   28650  4.297500000000e+02  4.715487999314e-03
   28700  4.305000000000e+02  4.373048178913e-03
   28750  4.312500000000e+02  4.069485219026e-03
   28800  4.320000000000e+02  3.803817664287e-03
   28850  4.327500000000e+02  3.574774742784e-03
   28900  4.335000000000e+02  3.380839197072e-03
   28950  4.342500000000e+02  3.220290566398e-03
   29000  4.350000000000e+02  3.091246522267e-03
   29050  4.357500000000e+02  2.991701921828e-03
   29100  4.365000000000e+02  2.919565075881e-03
   29150  4.372500000000e+02  2.872690574930e-03
   29200  4.380000000000e+02  2.848908447324e-03
   29250  4.387500000000e+02  2.846050326903e-03
   29300  4.395000000000e+02  2.861971307965e-03
   29350  4.402500000000e+02  2.894568717253e-03
   29400  4.410000000000e+02  2.941797666692e-03
   29450  4.417500000000e+02  3.001684021199e-03
   29500  4.425000000000e+02  3.072335215683e-03
   29550  4.432500000000e+02  3.151948795669e-03
   29600  4.440000000000e+02  3.238818544770e-03
   29650  4.447500000000e+02  3.331338749086e-03
   29700  4.455000000000e+02  3.428006891150e-03
   29750  4.462500000000e+02  3.527424757069e-03
   29800  4.470000000000e+02  3.628298073736e-03
   29850  4.477500000000e+02  3.729435365419e-03
   29900  4.485000000000e+02  3.829745317956e-03
   29950  4.492500000000e+02  3.928234058906e-03
   30000  4.500000000000e+02  4.024001158604e-03
   30050  4.507500000000e+02  4.116236011909e-03
   30100  4.515000000000e+02  4.204214395206e-03
   30150  4.522500000000e+02  4.287294506594e-03
   30200  4.530000000000e+02  4.364913160011e-03
   30250  4.537500000000e+02  4.436579803549e-03
   30300  4.545000000000e+02  4.501874205087e-03
   30350  4.552500000000e+02  4.560440362996e-03
   30400  4.560000000000e+02  4.611981241275e-03
   30450  4.567500000000e+02  4.656256595623e-03
   30500  4.575000000000e+02  4.693077248922e-03
   30550  4.582500000000e+02  4.722301001056e-03
   30600  4.590000000000e+02  4.743827524170e-03
   30650  4.597500000000e+02  4.757598744526e-03
   30700  4.605000000000e+02  4.763594961734e-03
   30750  4.612500000000e+02  4.761834457160e-03
   30800  4.620000000000e+02  4.752375858850e-03
   30850  4.627500000000e+02  4.735317369892e-03
   30900  4.635000000000e+02  4.710800350616e-03
   30950  4.642500000000e+02  4.679010773962e-03
   31000  4.650000000000e+02  4.640179986450e-03
   31050  4.657500000000e+02  4.594588945070e-03
   31100  4.665000000000e+02  4.542571484379e-03
   31150  4.672500000000e+02  4.484517196644e-03
   31200  4.680000000000e+02  4.420870595463e-03
   31250  4.687500000000e+02  4.352130713274e-03
   31300  4.695000000000e+02  4.278851350492e-03
   31350  4.702500000000e+02  4.201640297672e-03
   31400  4.710000000000e+02  4.121153687494e-03
   31450  4.717500000000e+02  4.038090667957e-03
   31500  4.725000000000e+02  3.953186371216e-03
   31550  4.732500000000e+02  3.867201856212e-03
   31600  4.740000000000e+02  3.780912955318e-03
   31650  4.747500000000e+02  3.695096505039e-03
   31700  4.755000000000e+02  3.610519369081e-03
   31750  4.762500000000e+02  3.527922428897e-03
   31800  4.770000000000e+02  3.448005586898e-03
   31850  4.777500000000e+02  3.371412317086e-03
   31900  4.785000000000e+02  3.298714466271e-03
   31950  4.792500000000e+02  3.230399117641e-03
   32000  4.800000000000e+02  3.166859046785e-03
   32050  4.807500000000e+02  3.108384551130e-03
   32100  4.815000000000e+02  3.055159177400e-03
   32150  4.822500000000e+02  3.007259679468e-03
   32200  4.830000000000e+02  2.964659817185e-03
   32250  4.837500000000e+02  2.927237771613e-03
   32300  4.845000000000e+02  2.894788118386e-03
   32350  4.852500000000e+02  2.867037190839e-03
   32400  4.860000000000e+02  2.843660376228e-03
   32450  4.867500000000e+02  2.824300184209e-03
   32500  4.875000000000e+02  2.808585683103e-03
   32550  4.882500000000e+02  2.796151335332e-03
   32600  4.890000000000e+02  2.786654452791e-03
   32650  4.897500000000e+02  2.779789964744e-03
   32700  4.905000000000e+02  2.775302104709e-03
   32750  4.912500000000e+02  2.772992122501e-03
   32800  4.920000000000e+02  2.772721188963e-03
   32850  4.927500000000e+02  2.774408607104e-03
   32900  4.935000000000e+02  2.778025151348e-03
   32950  4.942500000000e+02  2.783583008803e-03
   33000  4.950000000000e+02  2.791121469508e-03
   33050  4.957500000000e+02  2.800689858411e-03
   33100  4.965000000000e+02  2.812328814951e-03
   33150  4.972500000000e+02  2.826051141986e-03
   33200  4.980000000000e+02  2.841822705701e-03
   33250  4.987500000000e+02  2.859546107217e-03
   33300  4.995000000000e+02  2.879047105254e-03
   33350  5.002500000000e+02  2.900066484573e-03
   33400  5.010000000000e+02  2.922384142337e-03
   33450  5.017500000000e+02  2.945840996782e-03
   33500  5.025000000000e+02  2.970142539561e-03
   33550  5.032500000000e+02  2.994880472457e-03
   33600  5.040000000000e+02  3.019576833720e-03
   33650  5.047500000000e+02  3.043701811406e-03
   33700  5.055000000000e+02  3.066697084937e-03
   33750  5.062500000000e+02  3.087997757134e-03
   33800  5.070000000000e+02  3.107076045287e-03
   33850  5.077500000000e+02  3.123453730008e-03
   33900  5.085000000000e+02  3.136715529525e-03
   33950  5.092500000000e+02  3.146524004912e-03
   34000  5.100000000000e+02  3.152615919028e-03
   34050  5.107500000000e+02  3.154817923381e-03
   34100  5.115000000000e+02  3.153062072684e-03
   34150  5.122500000000e+02  3.147391528703e-03
   34200  5.130000000000e+02  3.137966285418e-03
   34250  5.137500000000e+02  3.125038901102e-03
   34300  5.145000000000e+02  3.108932431784e-03
   34350  5.152500000000e+02  3.090054171700e-03
   34400  5.160000000000e+02  3.068884105440e-03
   34450  5.167500000000e+02  3.045944816581e-03
   34500  5.175000000000e+02  3.021781708872e-03
   34550  5.182500000000e+02  2.996941384175e-03
   34600  5.190000000000e+02  2.971948581242e-03
   34650  5.197500000000e+02  2.947286238338e-03
   34700  5.205000000000e+02  2.923383563097e-03
   34750  5.212500000000e+02  2.900608214842e-03
   34800  5.220000000000e+02  2.879268060089e-03
   34850  5.227500000000e+02  2.859604230280e-03
   34900  5.235000000000e+02  2.841784281099e-03
   34950  5.242500000000e+02  2.825904026177e-03
   35000  5.250000000000e+02  2.811997386858e-03
   35050  5.257500000000e+02  2.800047617181e-03
   35100  5.265000000000e+02  2.789999139797e-03
   35150  5.272500000000e+02  2.781767425667e-03
   35200  5.280000000000e+02  2.775250940713e-03
   35250  5.287500000000e+02  2.770343808844e-03
   35300  5.295000000000e+02  2.766947506345e-03
   35350  5.302500000000e+02  2.764980593950e-03
   35400  5.310000000000e+02  2.764388903495e-03
   35450  5.317500000000e+02  2.765151189698e-03
   35500  5.325000000000e+02  2.767278776859e-03
   35550  5.332500000000e+02  2.770815233622e-03
   35600  5.340000000000e+02  2.775831298929e-03
   35650  5.347500000000e+02  2.782415264284e-03
   35700  5.355000000000e+02  2.790664075609e-03
   35750  5.362500000000e+02  2.800672896215e-03
   35800  5.370000000000e+02  2.812522577869e-03
   35850  5.377500000000e+02  2.826266380723e-03
   35900  5.385000000000e+02  2.841919522535e-03
   35950  5.392500000000e+02  2.859446004683e-03
   36000  5.400000000000e+02  2.878746604328e-03
   36050  5.407500000000e+02  2.899652399622e-03
   36100  5.415000000000e+02  2.921922404609e-03
   36150  5.422500000000e+02  2.945249743141e-03
   36200  5.430000000000e+02  2.969266744979e-03
   36250  5.437500000000e+02  2.993550642283e-03
   36300  5.445000000000e+02  3.017632539630e-03
   36350  5.452500000000e+02  3.041009460992e-03
   36400  5.460000000000e+02  3.063160075515e-03
   36450  5.467500000000e+02  3.083564672588e-03
   36500  5.475000000000e+02  3.101726418585e-03
   36550  5.482500000000e+02  3.117187458306e-03
   36600  5.490000000000e+02  3.129546357341e-03
   36650  5.497500000000e+02  3.138473928553e-03
   36700  5.505000000000e+02  3.143724088262e-03
   36750  5.512500000000e+02  3.145141250216e-03
   36800  5.520000000000e+02  3.142668733681e-03
   36850  5.527500000000e+02  3.136355744552e-03
   36900  5.535000000000e+02  3.126354830347e-03
   36950  5.542500000000e+02  3.112915197326e-03
   37000  5.550000000000e+02  3.096371394590e-03
   37050  5.557500000000e+02  3.077128529091e-03
   37100  5.565000000000e+02  3.055650759258e-03
   37150  5.572500000000e+02  3.032444131062e-03
   37200  5.580000000000e+02  3.008039762218e-03
   37250  5.587500000000e+02  2.982975563270e-03
   37300  5.595000000000e+02  2.957771890115e-03
   37350  5.602500000000e+02  2.932912762114e-03
   37400  5.610000000000e+02  2.908834263480e-03
   37450  5.617500000000e+02  2.885909325688e-03
   37500  5.625000000000e+02  2.864441229233e-03
   37550  5.632500000000e+02  2.844662416323e-03
   37600  5.640000000000e+02  2.826729477757e-03
   37650  5.647500000000e+02  2.810724922908e-03
   37700  5.655000000000e+02  2.796664998240e-03
   37750  5.662500000000e+02  2.784510197116e-03
   37800  5.670000000000e+02  2.774178910402e-03
   37850  5.677500000000e+02  2.765559728644e-03
   37900  5.685000000000e+02  2.758526057628e-03
   37950  5.692500000000e+02  2.752949822020e-03
   38000  5.700000000000e+02  2.748711804972e-03
   38050  5.707500000000e+02  2.745710862688e-03
   38100  5.715000000000e+02  2.743869630701e-03
   38150  5.722500000000e+02  2.743136949434e-03
   38200  5.730000000000e+02  2.743489150407e-03
   38250  5.737500000000e+02  2.744926741996e-03
   38300  5.745000000000e+02  2.747468998053e-03
   38350  5.752500000000e+02  2.751143868888e-03
   38400  5.760000000000e+02  2.755978163307e-03
   38450  5.767500000000e+02  2.761987738495e-03
   38500  5.775000000000e+02  2.769167425891e-03
   38550  5.782500000000e+02  2.777483466795e-03
   38600  5.790000000000e+02  2.786869302007e-03
   38650  5.797500000000e+02  2.797219112309e-03
   38700  5.805000000000e+02  2.808387908826e-03
   38750  5.812500000000e+02  2.820194128549e-03
   38800  5.820000000000e+02  2.832421849675e-03
   38850  5.827500000000e+02  2.844829454929e-03
   38900  5.835000000000e+02  2.857157547250e-03
   38950  5.842500000000e+02  2.869138128730e-03
   39000  5.850000000000e+02  2.880505058744e-03
   39050  5.857500000000e+02  2.891002029912e-03
   39100  5.865000000000e+02  2.900391973144e-03
   39150  5.872500000000e+02  2.908467017248e-03
   39200  5.880000000000e+02  2.915054391041e-03
   39250  5.887500000000e+02  2.920020272142e-03
   39300  5.895000000000e+02  2.923272713434e-03
   39350  5.902500000000e+02  2.924763115873e-03
   39400  5.910000000000e+02  2.924483406262e-03
   39450  5.917500000000e+02  2.922465818494e-03
   39500  5.925000000000e+02  2.918784147528e-03
   39550  5.932500000000e+02  2.913545585708e-03
   39600  5.940000000000e+02  2.906888369155e-03
   39650  5.947500000000e+02  2.898976700760e-03
   39700  5.955000000000e+02  2.889990912080e-03
   39750  5.962500000000e+02  2.880120912956e-03
   39800  5.970000000000e+02  2.869561581147e-03
   39850  5.977500000000e+02  2.858508470943e-03
   39900  5.985000000000e+02  2.847152982245e-03
   39950  5.992500000000e+02  2.835677142028e-03
   40000  6.000000000000e+02  2.824246493001e-03
   40050  6.007500000000e+02  2.813009106607e-03
   40100  6.015000000000e+02  2.802094000214e-03
   40150  6.022500000000e+02  2.791610565830e-03
   40200  6.030000000000e+02  2.781647573251e-03
   40250  6.037500000000e+02  2.772273321820e-03
   40300  6.045000000000e+02  2.763537456300e-03
   40350  6.052500000000e+02  2.755471871366e-03
   40400  6.060000000000e+02  2.748090679863e-03
   40450  6.067500000000e+02  2.741394353984e-03
   40500  6.075000000000e+02  2.735372396073e-03
   40550  6.082500000000e+02  2.730006215360e-03
   40600  6.090000000000e+02  2.725270877151e-03
   40650  6.097500000000e+02  2.721136641120e-03
   40700  6.105000000000e+02  2.717571665441e-03
   40750  6.112500000000e+02  2.714544001167e-03
   40800  6.120000000000e+02  2.712023156155e-03
   40850  6.127500000000e+02  2.709980564380e-03
   40900  6.135000000000e+02  2.708388326432e-03
   40950  6.142500000000e+02  2.707220361051e-03
   41000  6.150000000000e+02  2.706452383295e-03
   41050  6.157500000000e+02  2.706060917325e-03
   41100  6.165000000000e+02  2.706021474661e-03
   41150  6.172500000000e+02  2.706307245760e-03
   41200  6.180000000000e+02  2.706889090256e-03
   41250  6.187500000000e+02  2.707735939181e-03
   41300  6.195000000000e+02  2.708812128359e-03
   41350  6.202500000000e+02  2.710077517901e-03
   41400  6.210000000000e+02  2.711488276742e-03
   41450  6.217500000000e+02  2.712997144306e-03
   41500  6.225000000000e+02  2.714554944565e-03
   41550  6.232500000000e+02  2.716110652828e-03
   41600  6.240000000000e+02  2.717612937923e-03
   41650  6.247500000000e+02  2.719011707346e-03
   41700  6.255000000000e+02  2.720258743977e-03
   41750  6.262500000000e+02  2.721311433121e-03
   41800  6.270000000000e+02  2.722133011876e-03
   41850  6.277500000000e+02  2.722693702974e-03
   41900  6.285000000000e+02  2.722972668945e-03
   41950  6.292500000000e+02  2.722958164309e-03
   42000  6.300000000000e+02  2.722646733890e-03
   42050  6.307500000000e+02  2.722043977813e-03
   42100  6.315000000000e+02  2.721164484335e-03
   42150  6.322500000000e+02  2.720031082987e-03
   42200  6.330000000000e+02  2.718672949800e-03
   42250  6.337500000000e+02  2.717124524161e-03
   42300  6.345000000000e+02  2.715424491888e-03
   42350  6.352500000000e+02  2.713613519047e-03
   42400  6.360000000000e+02  2.711733598665e-03
   42450  6.367500000000e+02  2.709827156396e-03
   42500  6.375000000000e+02  2.707934462017e-03
   42550  6.382500000000e+02  2.706092600121e-03
   42600  6.390000000000e+02  2.704334779837e-03
   42650  6.397500000000e+02  2.702690296184e-03
   42700  6.405000000000e+02  2.701183615203e-03
   42750  6.412500000000e+02  2.699833587303e-03
   42800  6.420000000000e+02  2.698653762732e-03
   42850  6.427500000000e+02  2.697653603057e-03
   42900  6.435000000000e+02  2.696837747499e-03
   42950  6.442500000000e+02  2.696206345205e-03
   43000  6.450000000000e+02  2.695754621834e-03
   43050  6.457500000000e+02  2.695473149824e-03
   43100  6.465000000000e+02  2.695348822395e-03
   43150  6.472500000000e+02  2.695363709665e-03
   43200  6.480000000000e+02  2.695494943064e-03
   43250  6.487500000000e+02  2.695715121980e-03
   43300  6.495000000000e+02  2.695991812122e-03
   43350  6.502500000000e+02  2.696287382659e-03
   43400  6.510000000000e+02  2.696558415073e-03
   43450  6.517500000000e+02  2.696756543761e-03
   43500  6.525000000000e+02  2.696829436249e-03
   43550  6.532500000000e+02  2.696721679882e-03
   43600  6.540000000000e+02  2.696377238336e-03
   43650  6.547500000000e+02  2.695741093042e-03
   43700  6.555000000000e+02  2.694761857952e-03
   43750  6.562500000000e+02  2.693395531992e-03
   43800  6.570000000000e+02  2.691608329875e-03
   43850  6.577500000000e+02  2.689379242828e-03
   43900  6.585000000000e+02  2.686703679422e-03
   43950  6.592500000000e+02  2.683594448882e-03
   44000  6.600000000000e+02  2.680083326465e-03
   44050  6.607500000000e+02  2.676221718658e-03
   44100  6.615000000000e+02  2.672079551316e-03
   44150  6.622500000000e+02  2.667742980941e-03
   44200  6.630000000000e+02  2.663310317000e-03
   44250  6.637500000000e+02  2.658887141544e-03
   44300  6.645000000000e+02  2.654581379125e-03
   44350  6.652500000000e+02  2.650496913565e-03
   44400  6.660000000000e+02  2.646727150331e-03
   44450  6.667500000000e+02  2.643350069121e-03
   44500  6.675000000000e+02  2.640423956035e-03
   44550  6.682500000000e+02  2.637983922771e-03
   44600  6.690000000000e+02  2.636039901360e-03
   44650  6.697500000000e+02  2.634576683921e-03
   44700  6.705000000000e+02  2.633555948558e-03
   44750  6.712500000000e+02  2.632919653514e-03
   44800  6.720000000000e+02  2.632595109169e-03
   44850  6.727500000000e+02  2.632501266917e-03
   44900  6.735000000000e+02  2.632555843686e-03
   44950  6.742500000000e+02  2.632682703957e-03
   45000  6.750000000000e+02  2.632818783750e-03
   45050  6.757500000000e+02  2.632920185869e-03
   45100  6.765000000000e+02  2.632966810397e-03
   45150  6.772500000000e+02  2.632964934113e-03
   45200  6.780000000000e+02  2.632947523036e-03
   45250  6.787500000000e+02  2.632972121829e-03
   45300  6.795000000000e+02  2.633116376612e-03
   45350  6.802500000000e+02  2.633471532706e-03
   45400  6.810000000000e+02  2.634134322288e-03
   45450  6.817500000000e+02  2.635197902088e-03
   45500  6.825000000000e+02  2.636742555630e-03
   45550  6.832500000000e+02  2.638826879375e-03
   45600  6.840000000000e+02  2.641479977929e-03
   45650  6.847500000000e+02  2.644695747607e-03
   45700  6.855000000000e+02  2.648429751108e-03
   45750  6.862500000000e+02  2.652598877532e-03
   45800  6.870000000000e+02  2.657083730073e-03
   45850  6.877500000000e+02  2.661733409610e-03
   45900  6.885000000000e+02  2.666372332231e-03
   45950  6.892500000000e+02  2.670809751720e-03
   46000  6.900000000000e+02  2.674851093785e-03
   46050  6.907500000000e+02  2.678308993833e-03
   46100  6.915000000000e+02  2.681013440690e-03
   46150  6.922500000000e+02  2.682822643892e-03
   46200  6.930000000000e+02  2.683632210338e-03
   46250  6.937500000000e+02  2.683380900138e-03
   46300  6.945000000000e+02  2.682053943943e-03
   46350  6.952500000000e+02  2.679683670185e-03
   46400  6.960000000000e+02  2.676348334219e-03
   46450  6.967500000000e+02  2.672168769469e-03
   46500  6.975000000000e+02  2.667301454477e-03
   46550  6.982500000000e+02  2.661929243977e-03
   46600  6.990000000000e+02  2.656252017607e-03
   46650  6.997500000000e+02  2.650477058838e-03
