################################################################################
# HEADER
# nspin         1
#%
# nik       217
#  st         1      26
# ust         1      26
# Iter             t            #  iter t Nex(t)  
################################################################################
       0  0.000000000000e+00  2.922662112326e-14
      50  7.500000000000e-01  1.098275255462e-08
     100  1.500000000000e+00  2.348922758383e-08
     150  2.250000000000e+00  5.345395628215e-08
     200  3.000000000000e+00  1.624623462565e-07
     250  3.750000000000e+00  4.950351078711e-07
     300  4.500000000000e+00  1.310960963279e-06
     350  5.250000000000e+00  3.014190651705e-06
     400  6.000000000000e+00  6.173783917852e-06
     450  6.750000000000e+00  1.154735047007e-05
     500  7.500000000000e+00  2.011600379965e-05
     550  8.250000000000e+00  3.313247667125e-05
     600  9.000000000000e+00  5.213281640668e-05
     650  9.750000000000e+00  7.900579838360e-05
     700  1.050000000000e+01  1.160063960561e-04
     750  1.125000000000e+01  1.657799149450e-04
     800  1.200000000000e+01  2.313450947894e-04
     850  1.275000000000e+01  3.160677908279e-04
     900  1.350000000000e+01  4.236191316786e-04
     950  1.425000000000e+01  5.578899663654e-04
    1000  1.500000000000e+01  7.229287440582e-04
    1050  1.575000000000e+01  9.229607533808e-04
    1100  1.650000000000e+01  1.162284141208e-03
    1150  1.725000000000e+01  1.445268333182e-03
    1200  1.800000000000e+01  1.776267734355e-03
    1250  1.875000000000e+01  2.159463775449e-03
    1300  1.950000000000e+01  2.598776292039e-03
    1350  2.025000000000e+01  3.097783640985e-03
    1400  2.100000000000e+01  3.659523933783e-03
    1450  2.175000000000e+01  4.286444326041e-03
    1500  2.250000000000e+01  4.980097485451e-03
    1550  2.325000000000e+01  5.741166730159e-03
    1600  2.400000000000e+01  6.569238433779e-03
    1650  2.475000000000e+01  7.462720758036e-03
    1700  2.550000000000e+01  8.418699256438e-03
    1750  2.625000000000e+01  9.432872541947e-03
    1800  2.700000000000e+01  1.049962011328e-02
    1850  2.775000000000e+01  1.161173186199e-02
    1900  2.850000000000e+01  1.276076504617e-02
    1950  2.925000000000e+01  1.393687207278e-02
    2000  3.000000000000e+01  1.512887244133e-02
    2050  3.075000000000e+01  1.632426489879e-02
    2100  3.150000000000e+01  1.750939848890e-02
    2150  3.225000000000e+01  1.866950840943e-02
    2200  3.300000000000e+01  1.978878226566e-02
    2250  3.375000000000e+01  2.085087557897e-02
    2300  3.450000000000e+01  2.183883007548e-02
    2350  3.525000000000e+01  2.273564005845e-02
    2400  3.600000000000e+01  2.352426532549e-02
    2450  3.675000000000e+01  2.418803278068e-02
    2500  3.750000000000e+01  2.471114566550e-02
    2550  3.825000000000e+01  2.507901655714e-02
    2600  3.900000000000e+01  2.527851711526e-02
    2650  3.975000000000e+01  2.529836539469e-02
    2700  4.050000000000e+01  2.512945632412e-02
    2750  4.125000000000e+01  2.476548858567e-02
    2800  4.200000000000e+01  2.420305314407e-02
    2850  4.275000000000e+01  2.344246344926e-02
    2900  4.350000000000e+01  2.248781854125e-02
    2950  4.425000000000e+01  2.134775457081e-02
    3000  4.500000000000e+01  2.003530586267e-02
    3050  4.575000000000e+01  1.856853670209e-02
    3100  4.650000000000e+01  1.697082151278e-02
    3150  4.725000000000e+01  1.527089283406e-02
    3200  4.800000000000e+01  1.350314159375e-02
    3250  4.875000000000e+01  1.170768691485e-02
    3300  4.950000000000e+01  9.930397112019e-03
    3350  5.025000000000e+01  8.222796687387e-03
    3400  5.100000000000e+01  6.642020399811e-03
    3450  5.175000000000e+01  5.250608296184e-03
    3500  5.250000000000e+01  4.116087615027e-03
    3550  5.325000000000e+01  3.310537692636e-03
    3600  5.400000000000e+01  2.910122152594e-03
    3650  5.475000000000e+01  2.994458389256e-03
    3700  5.550000000000e+01  3.645864701101e-03
    3750  5.625000000000e+01  4.948626814602e-03
    3800  5.700000000000e+01  6.988045886349e-03
    3850  5.775000000000e+01  9.849387202665e-03
    3900  5.850000000000e+01  1.361691528292e-02
    3950  5.925000000000e+01  1.837260650739e-02
    4000  6.000000000000e+01  2.419496163879e-02
    4050  6.075000000000e+01  3.115792156058e-02
    4100  6.150000000000e+01  3.932914051587e-02
    4150  6.225000000000e+01  4.876907674979e-02
    4200  6.300000000000e+01  5.952923814065e-02
    4250  6.375000000000e+01  7.165101661062e-02
    4300  6.450000000000e+01  8.516444677495e-02
    4350  6.525000000000e+01  1.000866108283e-01
    4400  6.600000000000e+01  1.164213905027e-01
    4450  6.675000000000e+01  1.341577100803e-01
    4500  6.750000000000e+01  1.532690432529e-01
    4550  6.825000000000e+01  1.737131201420e-01
    4600  6.900000000000e+01  1.954310319154e-01
    4650  6.975000000000e+01  2.183469587131e-01
    4700  7.050000000000e+01  2.423683708156e-01
    4750  7.125000000000e+01  2.673863226552e-01
    4800  7.200000000000e+01  2.932752781050e-01
    4850  7.275000000000e+01  3.198946719803e-01
    4900  7.350000000000e+01  3.470883315113e-01
    4950  7.425000000000e+01  3.746872173734e-01
    5000  7.500000000000e+01  4.025098636100e-01
    5050  7.575000000000e+01  4.303638584295e-01
    5100  7.650000000000e+01  4.580478772604e-01
    5150  7.725000000000e+01  4.853526135266e-01
    5200  7.800000000000e+01  5.120641749565e-01
    5250  7.875000000000e+01  5.379640137224e-01
    5300  7.950000000000e+01  5.628327322652e-01
    5350  8.025000000000e+01  5.864509011794e-01
    5400  8.100000000000e+01  6.086011029376e-01
    5450  8.175000000000e+01  6.290706388426e-01
    5500  8.250000000000e+01  6.476539904963e-01
    5550  8.325000000000e+01  6.641529678997e-01
    5600  8.400000000000e+01  6.783806872985e-01
    5650  8.475000000000e+01  6.901629982185e-01
    5700  8.550000000000e+01  6.993398689245e-01
    5750  8.625000000000e+01  7.057676102822e-01
    5800  8.700000000000e+01  7.093218928986e-01
    5850  8.775000000000e+01  7.098986662593e-01
    5900  8.850000000000e+01  7.074169704311e-01
    5950  8.925000000000e+01  7.018197690161e-01
    6000  9.000000000000e+01  6.930763761264e-01
    6050  9.075000000000e+01  6.811852321700e-01
    6100  9.150000000000e+01  6.661747500015e-01
    6150  9.225000000000e+01  6.481048543440e-01
    6200  9.300000000000e+01  6.270694427971e-01
    6250  9.375000000000e+01  6.031973210408e-01
    6300  9.450000000000e+01  5.766533107794e-01
    6350  9.525000000000e+01  5.476388326375e-01
    6400  9.600000000000e+01  5.163943491488e-01
    6450  9.675000000000e+01  4.831978048366e-01
    6500  9.750000000000e+01  4.483647394486e-01
    6550  9.825000000000e+01  4.122492026715e-01
    6600  9.900000000000e+01  3.752413623785e-01
    6650  9.975000000000e+01  3.377655863658e-01
    6700  1.005000000000e+02  3.002799824573e-01
    6750  1.012500000000e+02  2.632721274830e-01
    6800  1.020000000000e+02  2.272566990527e-01
    6850  1.027500000000e+02  1.927700707143e-01
    6900  1.035000000000e+02  1.603660564247e-01
    6950  1.042500000000e+02  1.306088592539e-01
    7000  1.050000000000e+02  1.040665552858e-01
    7050  1.057500000000e+02  8.130233993647e-02
    7100  1.065000000000e+02  6.286643725690e-02
    7150  1.072500000000e+02  4.928569879429e-02
    7200  1.080000000000e+02  4.105383201630e-02
    7250  1.087500000000e+02  3.862048708156e-02
    7300  1.095000000000e+02  4.238057800698e-02
    7350  1.102500000000e+02  5.266373800600e-02
    7400  1.110000000000e+02  6.972474269621e-02
    7450  1.117500000000e+02  9.373505407214e-02
    7500  1.125000000000e+02  1.247756346699e-01
    7550  1.132500000000e+02  1.628327877423e-01
    7600  1.140000000000e+02  2.077954598486e-01
    7650  1.147500000000e+02  2.594561100958e-01
    7700  1.155000000000e+02  3.175133640764e-01
    7750  1.162500000000e+02  3.815773702874e-01
    7800  1.170000000000e+02  4.511776507757e-01
    7850  1.177500000000e+02  5.257729767349e-01
    7900  1.185000000000e+02  6.047599182150e-01
    7950  1.192500000000e+02  6.874849278439e-01
    8000  1.200000000000e+02  7.732533013527e-01
    8050  1.207500000000e+02  8.613401082943e-01
    8100  1.215000000000e+02  9.509987613972e-01
    8150  1.222500000000e+02  1.041467776423e+00
    8200  1.230000000000e+02  1.131979190504e+00
    8250  1.237500000000e+02  1.221762649656e+00
    8300  1.245000000000e+02  1.310052071342e+00
    8350  1.252500000000e+02  1.396090365852e+00
    8400  1.260000000000e+02  1.479134569683e+00
    8450  1.267500000000e+02  1.558462686867e+00
    8500  1.275000000000e+02  1.633377828408e+00
    8550  1.282500000000e+02  1.703215344565e+00
    8600  1.290000000000e+02  1.767347385301e+00
    8650  1.297500000000e+02  1.825192881611e+00
    8700  1.305000000000e+02  1.876219526869e+00
    8750  1.312500000000e+02  1.919950002254e+00
    8800  1.320000000000e+02  1.955965052665e+00
    8850  1.327500000000e+02  1.983903701359e+00
    8900  1.335000000000e+02  2.003465933876e+00
    8950  1.342500000000e+02  2.014407956143e+00
    9000  1.350000000000e+02  2.016541869859e+00
    9050  1.357500000000e+02  2.009734451155e+00
    9100  1.365000000000e+02  1.993906983789e+00
    9150  1.372500000000e+02  1.969033632013e+00
    9200  1.380000000000e+02  1.935144665350e+00
    9250  1.387500000000e+02  1.892333922551e+00
    9300  1.395000000000e+02  1.840762035405e+00
    9350  1.402500000000e+02  1.780667669168e+00
    9400  1.410000000000e+02  1.712377179559e+00
    9450  1.417500000000e+02  1.636315977326e+00
    9500  1.425000000000e+02  1.553018250806e+00
    9550  1.432500000000e+02  1.463138892714e+00
    9600  1.440000000000e+02  1.367460360998e+00
    9650  1.447500000000e+02  1.266898612922e+00
    9700  1.455000000000e+02  1.162508340902e+00
    9750  1.462500000000e+02  1.055482303230e+00
    9800  1.470000000000e+02  9.471518676778e-01
    9850  1.477500000000e+02  8.389820205514e-01
    9900  1.485000000000e+02  7.325653409474e-01
    9950  1.492500000000e+02  6.296111142144e-01
   10000  1.500000000000e+02  5.319275810616e-01
   10050  1.507500000000e+02  4.413977639718e-01
   10100  1.515000000000e+02  3.599460318796e-01
   10150  1.522500000000e+02  2.894975352892e-01
   10200  1.530000000000e+02  2.319307861945e-01
   10250  1.537500000000e+02  1.890263880955e-01
   10300  1.545000000000e+02  1.624142170296e-01
   10350  1.552500000000e+02  1.535210552212e-01
   10400  1.560000000000e+02  1.635208942669e-01
   10450  1.567500000000e+02  1.932903692552e-01
   10500  1.575000000000e+02  2.433736508348e-01
   10550  1.582500000000e+02  3.139615922293e-01
   10600  1.590000000000e+02  4.048899842260e-01
   10650  1.597500000000e+02  5.156563237280e-01
   10700  1.605000000000e+02  6.454497310382e-01
   10750  1.612500000000e+02  7.931815929897e-01
   10800  1.620000000000e+02  9.575054336490e-01
   10850  1.627500000000e+02  1.136827969496e+00
   10900  1.635000000000e+02  1.329315932518e+00
   10950  1.642500000000e+02  1.532923040828e+00
   11000  1.650000000000e+02  1.745454357361e+00
   11050  1.657500000000e+02  1.964673440545e+00
   11100  1.665000000000e+02  2.188429543557e+00
   11150  1.672500000000e+02  2.414771019891e+00
   11200  1.680000000000e+02  2.642016862293e+00
   11250  1.687500000000e+02  2.868769077214e+00
   11300  1.695000000000e+02  3.093903671284e+00
   11350  1.702500000000e+02  3.316530499687e+00
   11400  1.710000000000e+02  3.535926319442e+00
   11450  1.717500000000e+02  3.751419348722e+00
   11500  1.725000000000e+02  3.962244296232e+00
   11550  1.732500000000e+02  4.167447042797e+00
   11600  1.740000000000e+02  4.365861914583e+00
   11650  1.747500000000e+02  4.556174613957e+00
   11700  1.755000000000e+02  4.737004111236e+00
   11750  1.762500000000e+02  4.906983514927e+00
   11800  1.770000000000e+02  5.064828946653e+00
   11850  1.777500000000e+02  5.209426318430e+00
   11900  1.785000000000e+02  5.339924907909e+00
   11950  1.792500000000e+02  5.455766307180e+00
   12000  1.800000000000e+02  5.556588365892e+00
   12050  1.807500000000e+02  5.642054014063e+00
   12100  1.815000000000e+02  5.711734248585e+00
   12150  1.822500000000e+02  5.765156354746e+00
   12200  1.830000000000e+02  5.801967499743e+00
   12250  1.837500000000e+02  5.821979573667e+00
   12300  1.845000000000e+02  5.825024120102e+00
   12350  1.852500000000e+02  5.810761774311e+00
   12400  1.860000000000e+02  5.778690597799e+00
   12450  1.867500000000e+02  5.728362129583e+00
   12500  1.875000000000e+02  5.659576515635e+00
   12550  1.882500000000e+02  5.572362151465e+00
   12600  1.890000000000e+02  5.466812036134e+00
   12650  1.897500000000e+02  5.343028034718e+00
   12700  1.905000000000e+02  5.201248556791e+00
   12750  1.912500000000e+02  5.042027756002e+00
   12800  1.920000000000e+02  4.866284006468e+00
   12850  1.927500000000e+02  4.675172758343e+00
   12900  1.935000000000e+02  4.469941422307e+00
   12950  1.942500000000e+02  4.251877880867e+00
   13000  1.950000000000e+02  4.022383900888e+00
   13050  1.957500000000e+02  3.783037401690e+00
   13100  1.965000000000e+02  3.535526955779e+00
   13150  1.972500000000e+02  3.281534720408e+00
   13200  1.980000000000e+02  3.022800740660e+00
   13250  1.987500000000e+02  2.761389536325e+00
   13300  1.995000000000e+02  2.499931665671e+00
   13350  2.002500000000e+02  2.241561203431e+00
   13400  2.010000000000e+02  1.989600457558e+00
   13450  2.017500000000e+02  1.747237550705e+00
   13500  2.025000000000e+02  1.517451614709e+00
   13550  2.032500000000e+02  1.303173656412e+00
   13600  2.040000000000e+02  1.107378052926e+00
   13650  2.047500000000e+02  9.329264781898e-01
   13700  2.055000000000e+02  7.823534315076e-01
   13750  2.062500000000e+02  6.577026567822e-01
   13800  2.070000000000e+02  5.603455106144e-01
   13850  2.077500000000e+02  4.908685769460e-01
   13900  2.085000000000e+02  4.491008315959e-01
   13950  2.092500000000e+02  4.342132591242e-01
   14000  2.100000000000e+02  4.449261457956e-01
   14050  2.107500000000e+02  4.797561667712e-01
   14100  2.115000000000e+02  5.371418528958e-01
   14150  2.122500000000e+02  6.154348584218e-01
   14200  2.130000000000e+02  7.128087258183e-01
   14250  2.137500000000e+02  8.271868714248e-01
   14300  2.145000000000e+02  9.562495618127e-01
   14350  2.152500000000e+02  1.097488795449e+00
   14400  2.160000000000e+02  1.248355620922e+00
   14450  2.167500000000e+02  1.406516195922e+00
   14500  2.175000000000e+02  1.569969028141e+00
   14550  2.182500000000e+02  1.736836555941e+00
   14600  2.190000000000e+02  1.905099939474e+00
   14650  2.197500000000e+02  2.072673727097e+00
   14700  2.205000000000e+02  2.237777931356e+00
   14750  2.212500000000e+02  2.399224517381e+00
   14800  2.220000000000e+02  2.556337679322e+00
   14850  2.227500000000e+02  2.708602457303e+00
   14900  2.235000000000e+02  2.855447908672e+00
   14950  2.242500000000e+02  2.996014535174e+00
   15000  2.250000000000e+02  3.128697131127e+00
   15050  2.257500000000e+02  3.251207186777e+00
   15100  2.265000000000e+02  3.361486172384e+00
   15150  2.272500000000e+02  3.458446729340e+00
   15200  2.280000000000e+02  3.542028650771e+00
   15250  2.287500000000e+02  3.612657728012e+00
   15300  2.295000000000e+02  3.670609876596e+00
   15350  2.302500000000e+02  3.715769212732e+00
   15400  2.310000000000e+02  3.747907324325e+00
   15450  2.317500000000e+02  3.766900899943e+00
   15500  2.325000000000e+02  3.772564559950e+00
   15550  2.332500000000e+02  3.764529503686e+00
   15600  2.340000000000e+02  3.742040668393e+00
   15650  2.347500000000e+02  3.704321410769e+00
   15700  2.355000000000e+02  3.651269268918e+00
   15750  2.362500000000e+02  3.582990653110e+00
   15800  2.370000000000e+02  3.498918723039e+00
   15850  2.377500000000e+02  3.398282902775e+00
   15900  2.385000000000e+02  3.281330348738e+00
   15950  2.392500000000e+02  3.149523532019e+00
   16000  2.400000000000e+02  3.004624135952e+00
   16050  2.407500000000e+02  2.847847353293e+00
   16100  2.415000000000e+02  2.680049835674e+00
   16150  2.422500000000e+02  2.502574822722e+00
   16200  2.430000000000e+02  2.317649524504e+00
   16250  2.437500000000e+02  2.128212634901e+00
   16300  2.445000000000e+02  1.937411874134e+00
   16350  2.452500000000e+02  1.748235801761e+00
   16400  2.460000000000e+02  1.563475458331e+00
   16450  2.467500000000e+02  1.385857769537e+00
   16500  2.475000000000e+02  1.218478310683e+00
   16550  2.482500000000e+02  1.065009602710e+00
   16600  2.490000000000e+02  9.292828148673e-01
   16650  2.497500000000e+02  8.147842820532e-01
   16700  2.505000000000e+02  7.244750877009e-01
   16750  2.512500000000e+02  6.608214431036e-01
   16800  2.520000000000e+02  6.257565576457e-01
   16850  2.527500000000e+02  6.206949234740e-01
   16900  2.535000000000e+02  6.466556922733e-01
   16950  2.542500000000e+02  7.043605947246e-01
   17000  2.550000000000e+02  7.942186658552e-01
   17050  2.557500000000e+02  9.159896659324e-01
   17100  2.565000000000e+02  1.068538996433e+00
   17150  2.572500000000e+02  1.249872112174e+00
   17200  2.580000000000e+02  1.457020034727e+00
   17250  2.587500000000e+02  1.686641588308e+00
   17300  2.595000000000e+02  1.936002740818e+00
   17350  2.602500000000e+02  2.202773945348e+00
   17400  2.610000000000e+02  2.484161379197e+00
   17450  2.617500000000e+02  2.775629727008e+00
   17500  2.625000000000e+02  3.072348943109e+00
   17550  2.632500000000e+02  3.372428937043e+00
   17600  2.640000000000e+02  3.675883140403e+00
   17650  2.647500000000e+02  3.981941331445e+00
   17700  2.655000000000e+02  4.289908778385e+00
   17750  2.662500000000e+02  4.600247873301e+00
   17800  2.670000000000e+02  4.911738399382e+00
   17850  2.677500000000e+02  5.220643196102e+00
   17900  2.685000000000e+02  5.523482967290e+00
   17950  2.692500000000e+02  5.818538095772e+00
   18000  2.700000000000e+02  6.103498041441e+00
   18050  2.707500000000e+02  6.376866170307e+00
   18100  2.715000000000e+02  6.640716379635e+00
   18150  2.722500000000e+02  6.897546796870e+00
   18200  2.730000000000e+02  7.147247901259e+00
   18250  2.737500000000e+02  7.387681913270e+00
   18300  2.745000000000e+02  7.616107108653e+00
   18350  2.752500000000e+02  7.830366666204e+00
   18400  2.760000000000e+02  8.030451863265e+00
   18450  2.767500000000e+02  8.216777588782e+00
   18500  2.775000000000e+02  8.388963159385e+00
   18550  2.782500000000e+02  8.549349442893e+00
   18600  2.790000000000e+02  8.699691077266e+00
   18650  2.797500000000e+02  8.838161253521e+00
   18700  2.805000000000e+02  8.961759625149e+00
   18750  2.812500000000e+02  9.065834821201e+00
   18800  2.820000000000e+02  9.147211812797e+00
   18850  2.827500000000e+02  9.206342529044e+00
   18900  2.835000000000e+02  9.243616434767e+00
   18950  2.842500000000e+02  9.258207606138e+00
   19000  2.850000000000e+02  9.251763628544e+00
   19050  2.857500000000e+02  9.227016106238e+00
   19100  2.865000000000e+02  9.184227078185e+00
   19150  2.872500000000e+02  9.125918484438e+00
   19200  2.880000000000e+02  9.055035944296e+00
   19250  2.887500000000e+02  8.971170672472e+00
   19300  2.895000000000e+02  8.873234752011e+00
   19350  2.902500000000e+02  8.758349587013e+00
   19400  2.910000000000e+02  8.622793682153e+00
   19450  2.917500000000e+02  8.468993084527e+00
   19500  2.925000000000e+02  8.300755793484e+00
   19550  2.932500000000e+02  8.115764034030e+00
   19600  2.940000000000e+02  7.907991431025e+00
   19650  2.947500000000e+02  7.677281548140e+00
   19700  2.955000000000e+02  7.430158306814e+00
   19750  2.962500000000e+02  7.174229417394e+00
   19800  2.970000000000e+02  6.913262726479e+00
   19850  2.977500000000e+02  6.645064353197e+00
   19900  2.985000000000e+02  6.365344141391e+00
   19950  2.992500000000e+02  6.073426386363e+00
   20000  3.000000000000e+02  5.772574359408e+00
   20050  3.007500000000e+02  5.465665642063e+00
   20100  3.015000000000e+02  5.154203358667e+00
   20150  3.022500000000e+02  4.840146504968e+00
   20200  3.030000000000e+02  4.527505770076e+00
   20250  3.037500000000e+02  4.220718538928e+00
   20300  3.045000000000e+02  3.922115719430e+00
   20350  3.052500000000e+02  3.631497891323e+00
   20400  3.060000000000e+02  3.348717589351e+00
   20450  3.067500000000e+02  3.075782291101e+00
   20500  3.075000000000e+02  2.815027192301e+00
   20550  3.082500000000e+02  2.566864961860e+00
   20600  3.090000000000e+02  2.330801762039e+00
   20650  3.097500000000e+02  2.107241147091e+00
   20700  3.105000000000e+02  1.898439005002e+00
   20750  3.112500000000e+02  1.707031687692e+00
   20800  3.120000000000e+02  1.534932998938e+00
   20850  3.127500000000e+02  1.382934628465e+00
   20900  3.135000000000e+02  1.250837469292e+00
   20950  3.142500000000e+02  1.138507336441e+00
   21000  3.150000000000e+02  1.045754389401e+00
   21050  3.157500000000e+02  9.721926146791e-01
   21100  3.165000000000e+02  9.178619385616e-01
   21150  3.172500000000e+02  8.826158995960e-01
   21200  3.180000000000e+02  8.650796064576e-01
   21250  3.187500000000e+02  8.631964063253e-01
   21300  3.195000000000e+02  8.749934159395e-01
   21350  3.202500000000e+02  8.986093998884e-01
   21400  3.210000000000e+02  9.323164516302e-01
   21450  3.217500000000e+02  9.746769984122e-01
   21500  3.225000000000e+02  1.024595699617e+00
   21550  3.232500000000e+02  1.081372435936e+00
   21600  3.240000000000e+02  1.144444966107e+00
   21650  3.247500000000e+02  1.213482586534e+00
   21700  3.255000000000e+02  1.288143246730e+00
   21750  3.262500000000e+02  1.367535481639e+00
   21800  3.270000000000e+02  1.449835314460e+00
   21850  3.277500000000e+02  1.532613450345e+00
   21900  3.285000000000e+02  1.613903929564e+00
   21950  3.292500000000e+02  1.691791816392e+00
   22000  3.300000000000e+02  1.764579957514e+00
   22050  3.307500000000e+02  1.833449352937e+00
   22100  3.315000000000e+02  1.898972641075e+00
   22150  3.322500000000e+02  1.958871489798e+00
   22200  3.330000000000e+02  2.010953520587e+00
   22250  3.337500000000e+02  2.055092880398e+00
   22300  3.345000000000e+02  2.091186319778e+00
   22350  3.352500000000e+02  2.118120456641e+00
   22400  3.360000000000e+02  2.135042293060e+00
   22450  3.367500000000e+02  2.141750186656e+00
   22500  3.375000000000e+02  2.138730308624e+00
   22550  3.382500000000e+02  2.127661389590e+00
   22600  3.390000000000e+02  2.109184512809e+00
   22650  3.397500000000e+02  2.081787904668e+00
   22700  3.405000000000e+02  2.045587092486e+00
   22750  3.412500000000e+02  2.002381179245e+00
   22800  3.420000000000e+02  1.953299624936e+00
   22850  3.427500000000e+02  1.899755869925e+00
   22900  3.435000000000e+02  1.841543067392e+00
   22950  3.442500000000e+02  1.777374571831e+00
   23000  3.450000000000e+02  1.707120080492e+00
   23050  3.457500000000e+02  1.631831314563e+00
   23100  3.465000000000e+02  1.553207026648e+00
   23150  3.472500000000e+02  1.473612131118e+00
   23200  3.480000000000e+02  1.394243651663e+00
   23250  3.487500000000e+02  1.315275584508e+00
   23300  3.495000000000e+02  1.238019425203e+00
   23350  3.502500000000e+02  1.164625386276e+00
   23400  3.510000000000e+02  1.097147615751e+00
   23450  3.517500000000e+02  1.036928234073e+00
   23500  3.525000000000e+02  9.843730733653e-01
   23550  3.532500000000e+02  9.402176267989e-01
   23600  3.540000000000e+02  9.058878288626e-01
   23650  3.547500000000e+02  8.830861885479e-01
   23700  3.555000000000e+02  8.733564960921e-01
   23750  3.562500000000e+02  8.779556164724e-01
   23800  3.570000000000e+02  8.978056641010e-01
   23850  3.577500000000e+02  9.333516646146e-01
   23900  3.585000000000e+02  9.849301241661e-01
   23950  3.592500000000e+02  1.052840132202e+00
   24000  3.600000000000e+02  1.136977239114e+00
   24050  3.607500000000e+02  1.237115032836e+00
   24100  3.615000000000e+02  1.354075184951e+00
   24150  3.622500000000e+02  1.487908548288e+00
   24200  3.630000000000e+02  1.636064163655e+00
   24250  3.637500000000e+02  1.797076024220e+00
   24300  3.645000000000e+02  1.969311207259e+00
   24350  3.652500000000e+02  2.149270821606e+00
   24400  3.660000000000e+02  2.335153317073e+00
   24450  3.667500000000e+02  2.524071413190e+00
   24500  3.675000000000e+02  2.712986767934e+00
   24550  3.682500000000e+02  2.902472843244e+00
   24600  3.690000000000e+02  3.092113588529e+00
   24650  3.697500000000e+02  3.279581805406e+00
   24700  3.705000000000e+02  3.463007340668e+00
   24750  3.712500000000e+02  3.643793156207e+00
   24800  3.720000000000e+02  3.822481232664e+00
   24850  3.727500000000e+02  3.999626339591e+00
   24900  3.735000000000e+02  4.176705292277e+00
   24950  3.742500000000e+02  4.353166177084e+00
   25000  3.750000000000e+02  4.529106310214e+00
   25050  3.757500000000e+02  4.700952603351e+00
   25100  3.765000000000e+02  4.865596172981e+00
   25150  3.772500000000e+02  5.023371591281e+00
   25200  3.780000000000e+02  5.174270318346e+00
   25250  3.787500000000e+02  5.317343645731e+00
   25300  3.795000000000e+02  5.449250069214e+00
   25350  3.802500000000e+02  5.571348521239e+00
   25400  3.810000000000e+02  5.683478637953e+00
   25450  3.817500000000e+02  5.783088068808e+00
   25500  3.825000000000e+02  5.873643285622e+00
   25550  3.832500000000e+02  5.957211680409e+00
   25600  3.840000000000e+02  6.033434768895e+00
   25650  3.847500000000e+02  6.100449083595e+00
   25700  3.855000000000e+02  6.150773103195e+00
   25750  3.862500000000e+02  6.183156279627e+00
   25800  3.870000000000e+02  6.198133099541e+00
   25850  3.877500000000e+02  6.197874907294e+00
   25900  3.885000000000e+02  6.184294297638e+00
   25950  3.892500000000e+02  6.161668504235e+00
   26000  3.900000000000e+02  6.132526381123e+00
   26050  3.907500000000e+02  6.095886934411e+00
   26100  3.915000000000e+02  6.050832089307e+00
   26150  3.922500000000e+02  5.998047225777e+00
   26200  3.930000000000e+02  5.941239171086e+00
   26250  3.937500000000e+02  5.879867137286e+00
   26300  3.945000000000e+02  5.810159476213e+00
   26350  3.952500000000e+02  5.728058017508e+00
   26400  3.960000000000e+02  5.632386876915e+00
   26450  3.967500000000e+02  5.522719237687e+00
   26500  3.975000000000e+02  5.400383204908e+00
   26550  3.982500000000e+02  5.269558373198e+00
   26600  3.990000000000e+02  5.130674183831e+00
   26650  3.997500000000e+02  4.985083876045e+00
   26700  4.005000000000e+02  4.834764110797e+00
   26750  4.012500000000e+02  4.681453143913e+00
   26800  4.020000000000e+02  4.528271771970e+00
   26850  4.027500000000e+02  4.376263069686e+00
   26900  4.035000000000e+02  4.223693627650e+00
   26950  4.042500000000e+02  4.069085275999e+00
   27000  4.050000000000e+02  3.914137170403e+00
   27050  4.057500000000e+02  3.757949309599e+00
   27100  4.065000000000e+02  3.598747507501e+00
   27150  4.072500000000e+02  3.438572796360e+00
   27200  4.080000000000e+02  3.279924344926e+00
   27250  4.087500000000e+02  3.122552262031e+00
   27300  4.095000000000e+02  2.967529349312e+00
   27350  4.102500000000e+02  2.817357898213e+00
   27400  4.110000000000e+02  2.674288635648e+00
   27450  4.117500000000e+02  2.536403083760e+00
   27500  4.125000000000e+02  2.404969130116e+00
   27550  4.132500000000e+02  2.280516273050e+00
   27600  4.140000000000e+02  2.160988907005e+00
   27650  4.147500000000e+02  2.045944925033e+00
   27700  4.155000000000e+02  1.936171900658e+00
   27750  4.162500000000e+02  1.832143525207e+00
   27800  4.170000000000e+02  1.734594965243e+00
   27850  4.177500000000e+02  1.643993515285e+00
   27900  4.185000000000e+02  1.559500600834e+00
   27950  4.192500000000e+02  1.481112456854e+00
   28000  4.200000000000e+02  1.409652900968e+00
   28050  4.207500000000e+02  1.344588800889e+00
   28100  4.215000000000e+02  1.284292122051e+00
   28150  4.222500000000e+02  1.229683847915e+00
   28200  4.230000000000e+02  1.181246547455e+00
   28250  4.237500000000e+02  1.138577030107e+00
   28300  4.245000000000e+02  1.101697818054e+00
   28350  4.252500000000e+02  1.069587290287e+00
   28400  4.260000000000e+02  1.042230198249e+00
   28450  4.267500000000e+02  1.019270845825e+00
   28500  4.275000000000e+02  9.998326647405e-01
   28550  4.282500000000e+02  9.837182765059e-01
   28600  4.290000000000e+02  9.707710603706e-01
   28650  4.297500000000e+02  9.607348977764e-01
   28700  4.305000000000e+02  9.530272199053e-01
   28750  4.312500000000e+02  9.471865953722e-01
   28800  4.320000000000e+02  9.427957124995e-01
   28850  4.327500000000e+02  9.395213471475e-01
   28900  4.335000000000e+02  9.369951517101e-01
   28950  4.342500000000e+02  9.354208819340e-01
   29000  4.350000000000e+02  9.349055155584e-01
   29050  4.357500000000e+02  9.358061566694e-01
   29100  4.365000000000e+02  9.379701763407e-01
   29150  4.372500000000e+02  9.410891569982e-01
   29200  4.380000000000e+02  9.450254566170e-01
   29250  4.387500000000e+02  9.498961197794e-01
   29300  4.395000000000e+02  9.560366259096e-01
   29350  4.402500000000e+02  9.637422822394e-01
   29400  4.410000000000e+02  9.729587675950e-01
   29450  4.417500000000e+02  9.841347086526e-01
   29500  4.425000000000e+02  9.971172449286e-01
   29550  4.432500000000e+02  1.011571011487e+00
   29600  4.440000000000e+02  1.027896478005e+00
   29650  4.447500000000e+02  1.046655436848e+00
   29700  4.455000000000e+02  1.067878117313e+00
   29750  4.462500000000e+02  1.092162809874e+00
   29800  4.470000000000e+02  1.120307545621e+00
   29850  4.477500000000e+02  1.151586693321e+00
   29900  4.485000000000e+02  1.186176209045e+00
   29950  4.492500000000e+02  1.225095296358e+00
   30000  4.500000000000e+02  1.267950412618e+00
   30050  4.507500000000e+02  1.315132355586e+00
   30100  4.515000000000e+02  1.367129403202e+00
   30150  4.522500000000e+02  1.422273132339e+00
   30200  4.530000000000e+02  1.479844059983e+00
   30250  4.537500000000e+02  1.540054743972e+00
   30300  4.545000000000e+02  1.603249924550e+00
   30350  4.552500000000e+02  1.670044015633e+00
   30400  4.560000000000e+02  1.740295374769e+00
   30450  4.567500000000e+02  1.814108178418e+00
   30500  4.575000000000e+02  1.890982610167e+00
   30550  4.582500000000e+02  1.969863873798e+00
   30600  4.590000000000e+02  2.051116035234e+00
   30650  4.597500000000e+02  2.133787671318e+00
   30700  4.605000000000e+02  2.216703434310e+00
   30750  4.612500000000e+02  2.298152561568e+00
   30800  4.620000000000e+02  2.377405097752e+00
   30850  4.627500000000e+02  2.454453815995e+00
   30900  4.635000000000e+02  2.531081460000e+00
   30950  4.642500000000e+02  2.604874161371e+00
   31000  4.650000000000e+02  2.677009455125e+00
   31050  4.657500000000e+02  2.750920647638e+00
   31100  4.665000000000e+02  2.823156629099e+00
   31150  4.672500000000e+02  2.892786671628e+00
   31200  4.680000000000e+02  2.961481158313e+00
   31250  4.687500000000e+02  3.026001249492e+00
   31300  4.695000000000e+02  3.083966617572e+00
   31350  4.702500000000e+02  3.138056550466e+00
   31400  4.710000000000e+02  3.190289386898e+00
   31450  4.717500000000e+02  3.239916786172e+00
   31500  4.725000000000e+02  3.285303569922e+00
   31550  4.732500000000e+02  3.326688604606e+00
   31600  4.740000000000e+02  3.361244316640e+00
   31650  4.747500000000e+02  3.390233370748e+00
   31700  4.755000000000e+02  3.420486217540e+00
   31750  4.762500000000e+02  3.448239801190e+00
   31800  4.770000000000e+02  3.471947989175e+00
   31850  4.777500000000e+02  3.493685627739e+00
   31900  4.785000000000e+02  3.510404150025e+00
   31950  4.792500000000e+02  3.524106394746e+00
   32000  4.800000000000e+02  3.535735389243e+00
   32050  4.807500000000e+02  3.541646339022e+00
   32100  4.815000000000e+02  3.541474015440e+00
   32150  4.822500000000e+02  3.536935101629e+00
   32200  4.830000000000e+02  3.524745317320e+00
   32250  4.837500000000e+02  3.507865532743e+00
   32300  4.845000000000e+02  3.489840645381e+00
   32350  4.852500000000e+02  3.468147138253e+00
   32400  4.860000000000e+02  3.440882687164e+00
   32450  4.867500000000e+02  3.409293817885e+00
   32500  4.875000000000e+02  3.377156702579e+00
   32550  4.882500000000e+02  3.345537197159e+00
   32600  4.890000000000e+02  3.314877189290e+00
   32650  4.897500000000e+02  3.284577063886e+00
   32700  4.905000000000e+02  3.252439855695e+00
   32750  4.912500000000e+02  3.218803579214e+00
   32800  4.920000000000e+02  3.185616948653e+00
   32850  4.927500000000e+02  3.150061494413e+00
   32900  4.935000000000e+02  3.111877615675e+00
   32950  4.942500000000e+02  3.071646446236e+00
   33000  4.950000000000e+02  3.029046639495e+00
   33050  4.957500000000e+02  2.985385549151e+00
   33100  4.965000000000e+02  2.942515790837e+00
   33150  4.972500000000e+02  2.900924146097e+00
   33200  4.980000000000e+02  2.858572839738e+00
   33250  4.987500000000e+02  2.815016735986e+00
   33300  4.995000000000e+02  2.770313275919e+00
   33350  5.002500000000e+02  2.724807693668e+00
   33400  5.010000000000e+02  2.679100376986e+00
   33450  5.017500000000e+02  2.632436358459e+00
   33500  5.025000000000e+02  2.583985047320e+00
   33550  5.032500000000e+02  2.534920760987e+00
   33600  5.040000000000e+02  2.483038031946e+00
   33650  5.047500000000e+02  2.427418317010e+00
   33700  5.055000000000e+02  2.370992231629e+00
   33750  5.062500000000e+02  2.316033384523e+00
   33800  5.070000000000e+02  2.263194628996e+00
   33850  5.077500000000e+02  2.212057408151e+00
   33900  5.085000000000e+02  2.161146227177e+00
   33950  5.092500000000e+02  2.111154960684e+00
   34000  5.100000000000e+02  2.061733637913e+00
   34050  5.107500000000e+02  2.011761068205e+00
   34100  5.115000000000e+02  1.960930783364e+00
   34150  5.122500000000e+02  1.910088090465e+00
   34200  5.130000000000e+02  1.859462507262e+00
   34250  5.137500000000e+02  1.809511873431e+00
   34300  5.145000000000e+02  1.761111901107e+00
   34350  5.152500000000e+02  1.713774630443e+00
   34400  5.160000000000e+02  1.667964646538e+00
   34450  5.167500000000e+02  1.624820825704e+00
   34500  5.175000000000e+02  1.585082958307e+00
   34550  5.182500000000e+02  1.548141311086e+00
   34600  5.190000000000e+02  1.512584724420e+00
   34650  5.197500000000e+02  1.479368102083e+00
   34700  5.205000000000e+02  1.447258153161e+00
   34750  5.212500000000e+02  1.416599964537e+00
   34800  5.220000000000e+02  1.389527472883e+00
   34850  5.227500000000e+02  1.366110650309e+00
   34900  5.235000000000e+02  1.344056720997e+00
   34950  5.242500000000e+02  1.323237969073e+00
   35000  5.250000000000e+02  1.303439891085e+00
   35050  5.257500000000e+02  1.284932813658e+00
   35100  5.265000000000e+02  1.268680004006e+00
   35150  5.272500000000e+02  1.254661149583e+00
   35200  5.280000000000e+02  1.242212126911e+00
   35250  5.287500000000e+02  1.231173905742e+00
   35300  5.295000000000e+02  1.221742936164e+00
   35350  5.302500000000e+02  1.213631113801e+00
   35400  5.310000000000e+02  1.205663861901e+00
   35450  5.317500000000e+02  1.198026948151e+00
   35500  5.325000000000e+02  1.191843003792e+00
   35550  5.332500000000e+02  1.185842070828e+00
   35600  5.340000000000e+02  1.179358231645e+00
   35650  5.347500000000e+02  1.173345075338e+00
   35700  5.355000000000e+02  1.167778378786e+00
   35750  5.362500000000e+02  1.163412796795e+00
   35800  5.370000000000e+02  1.161338519662e+00
   35850  5.377500000000e+02  1.160416367466e+00
   35900  5.385000000000e+02  1.159476306984e+00
   35950  5.392500000000e+02  1.158300836387e+00
   36000  5.400000000000e+02  1.157500260059e+00
   36050  5.407500000000e+02  1.157604472366e+00
   36100  5.415000000000e+02  1.159259706161e+00
   36150  5.422500000000e+02  1.161430423221e+00
   36200  5.430000000000e+02  1.163441882671e+00
   36250  5.437500000000e+02  1.166040360168e+00
   36300  5.445000000000e+02  1.170093907714e+00
   36350  5.452500000000e+02  1.175650340242e+00
   36400  5.460000000000e+02  1.182247180520e+00
   36450  5.467500000000e+02  1.190539142774e+00
   36500  5.475000000000e+02  1.199925467276e+00
   36550  5.482500000000e+02  1.209989137367e+00
   36600  5.490000000000e+02  1.221563297323e+00
   36650  5.497500000000e+02  1.234766783735e+00
   36700  5.505000000000e+02  1.248734794989e+00
   36750  5.512500000000e+02  1.263920215134e+00
   36800  5.520000000000e+02  1.280908271960e+00
   36850  5.527500000000e+02  1.299679094639e+00
   36900  5.535000000000e+02  1.320048419149e+00
   36950  5.542500000000e+02  1.342029626905e+00
   37000  5.550000000000e+02  1.365515873867e+00
   37050  5.557500000000e+02  1.390796294920e+00
   37100  5.565000000000e+02  1.419583906882e+00
   37150  5.572500000000e+02  1.451316948846e+00
   37200  5.580000000000e+02  1.483861735645e+00
   37250  5.587500000000e+02  1.517631895667e+00
   37300  5.595000000000e+02  1.553513002597e+00
   37350  5.602500000000e+02  1.590356679198e+00
   37400  5.610000000000e+02  1.627410920584e+00
   37450  5.617500000000e+02  1.665099290437e+00
   37500  5.625000000000e+02  1.703788273956e+00
   37550  5.632500000000e+02  1.742281890255e+00
   37600  5.640000000000e+02  1.779710990532e+00
   37650  5.647500000000e+02  1.816563931464e+00
   37700  5.655000000000e+02  1.854643833527e+00
   37750  5.662500000000e+02  1.893744473417e+00
   37800  5.670000000000e+02  1.931419904486e+00
   37850  5.677500000000e+02  1.966240881913e+00
   37900  5.685000000000e+02  1.999575358824e+00
   37950  5.692500000000e+02  2.033007546974e+00
   38000  5.700000000000e+02  2.066962308069e+00
   38050  5.707500000000e+02  2.100661490476e+00
   38100  5.715000000000e+02  2.134269326188e+00
   38150  5.722500000000e+02  2.166618427090e+00
   38200  5.730000000000e+02  2.197549485253e+00
   38250  5.737500000000e+02  2.227543982745e+00
   38300  5.745000000000e+02  2.257195846622e+00
   38350  5.752500000000e+02  2.287227289396e+00
   38400  5.760000000000e+02  2.316189978919e+00
   38450  5.767500000000e+02  2.344697884609e+00
   38500  5.775000000000e+02  2.374599276828e+00
   38550  5.782500000000e+02  2.404564330752e+00
   38600  5.790000000000e+02  2.432340667440e+00
   38650  5.797500000000e+02  2.458619568995e+00
   38700  5.805000000000e+02  2.485147998152e+00
   38750  5.812500000000e+02  2.510435555673e+00
   38800  5.820000000000e+02  2.534913674758e+00
   38850  5.827500000000e+02  2.558107402807e+00
   38900  5.835000000000e+02  2.579100287812e+00
   38950  5.842500000000e+02  2.600078595427e+00
   39000  5.850000000000e+02  2.621469190592e+00
   39050  5.857500000000e+02  2.642963408345e+00
   39100  5.865000000000e+02  2.662289493760e+00
   39150  5.872500000000e+02  2.680093465357e+00
   39200  5.880000000000e+02  2.698441297800e+00
   39250  5.887500000000e+02  2.716396238218e+00
   39300  5.895000000000e+02  2.734526193315e+00
   39350  5.902500000000e+02  2.751677142842e+00
   39400  5.910000000000e+02  2.765504682130e+00
   39450  5.917500000000e+02  2.778908729441e+00
   39500  5.925000000000e+02  2.795072460372e+00
   39550  5.932500000000e+02  2.812968116463e+00
   39600  5.940000000000e+02  2.828908789247e+00
   39650  5.947500000000e+02  2.842698442112e+00
   39700  5.955000000000e+02  2.856911903146e+00
   39750  5.962500000000e+02  2.870154340485e+00
   39800  5.970000000000e+02  2.880242833613e+00
   39850  5.977500000000e+02  2.886088599339e+00
   39900  5.985000000000e+02  2.889035492000e+00
   39950  5.992500000000e+02  2.887833168329e+00
   40000  6.000000000000e+02  2.882242314957e+00
