################################################################################
# HEADER
# nspin         1
#%
# nik       217
#  st         1      26
# ust         1      26
# Iter             t            #  iter t Nex(t)  
################################################################################
       0  0.000000000000e+00 -2.560451850542e-15
      50  1.000000000000e+00  1.161812868133e-10
     100  2.000000000000e+00  1.879215047462e-10
     150  3.000000000000e+00  2.521554701151e-10
     200  4.000000000000e+00  4.299587560985e-10
     250  5.000000000000e+00  1.207677513548e-09
     300  6.000000000000e+00  3.747887097894e-09
     350  7.000000000000e+00  1.000216855174e-08
     400  8.000000000000e+00  2.346736947823e-08
     450  9.000000000000e+00  4.962263121938e-08
     500  1.000000000000e+01  9.674729024856e-08
     550  1.100000000000e+01  1.764591582160e-07
     600  1.200000000000e+01  3.044235079783e-07
     650  1.300000000000e+01  5.008287516581e-07
     700  1.400000000000e+01  7.915372012626e-07
     750  1.500000000000e+01  1.209047121829e-06
     800  1.600000000000e+01  1.793926718945e-06
     850  1.700000000000e+01  2.595484056671e-06
     900  1.800000000000e+01  3.673382571373e-06
     950  1.900000000000e+01  5.098815581979e-06
    1000  2.000000000000e+01  6.954605933057e-06
    1050  2.100000000000e+01  9.336812119405e-06
    1100  2.200000000000e+01  1.235682031694e-05
    1150  2.300000000000e+01  1.614139493072e-05
    1200  2.400000000000e+01  2.083429917921e-05
    1250  2.500000000000e+01  2.659893181381e-05
    1300  2.600000000000e+01  3.361732176441e-05
    1350  2.700000000000e+01  4.209406815071e-05
    1400  2.800000000000e+01  5.225852500589e-05
    1450  2.900000000000e+01  6.436560206677e-05
    1500  3.000000000000e+01  7.869698413745e-05
    1550  3.100000000000e+01  9.556061746602e-05
    1600  3.200000000000e+01  1.152931259574e-04
    1650  3.300000000000e+01  1.382604133032e-04
    1700  3.400000000000e+01  1.648568314761e-04
    1750  3.500000000000e+01  1.955106763641e-04
    1800  3.600000000000e+01  2.306826575275e-04
    1850  3.700000000000e+01  2.708651916966e-04
    1900  3.800000000000e+01  3.165856157427e-04
    1950  3.900000000000e+01  3.684100422195e-04
    2000  4.000000000000e+01  4.269436793500e-04
    2050  4.100000000000e+01  4.928318165442e-04
    2100  4.200000000000e+01  5.667576579348e-04
    2150  4.300000000000e+01  6.494521598097e-04
    2200  4.400000000000e+01  7.416835429021e-04
    2250  4.500000000000e+01  8.442603426033e-04
    2300  4.600000000000e+01  9.580340971104e-04
    2350  4.700000000000e+01  1.083897633478e-03
    2400  4.800000000000e+01  1.222789409888e-03
    2450  4.900000000000e+01  1.375692536647e-03
    2500  5.000000000000e+01  1.543630115060e-03
    2550  5.100000000000e+01  1.727668823862e-03
    2600  5.200000000000e+01  1.928922701759e-03
    2650  5.300000000000e+01  2.148541035207e-03
    2700  5.400000000000e+01  2.387724769472e-03
    2750  5.500000000000e+01  2.647706235425e-03
    2800  5.600000000000e+01  2.929757201609e-03
    2850  5.700000000000e+01  3.235193940927e-03
    2900  5.800000000000e+01  3.565357557221e-03
    2950  5.900000000000e+01  3.921642741026e-03
    3000  6.000000000000e+01  4.305476894076e-03
    3050  6.100000000000e+01  4.718323435501e-03
    3100  6.200000000000e+01  5.161683625747e-03
    3150  6.300000000000e+01  5.637087294587e-03
    3200  6.400000000000e+01  6.146090848129e-03
    3250  6.500000000000e+01  6.690285652165e-03
    3300  6.600000000000e+01  7.271292051078e-03
    3350  6.700000000000e+01  7.890746521637e-03
    3400  6.800000000000e+01  8.550295103315e-03
    3450  6.900000000000e+01  9.251601845144e-03
    3500  7.000000000000e+01  9.996352078968e-03
    3550  7.100000000000e+01  1.078625619687e-02
    3600  7.200000000000e+01  1.162301122118e-02
    3650  7.300000000000e+01  1.250833419526e-02
    3700  7.400000000000e+01  1.344392167648e-02
    3750  7.500000000000e+01  1.443147626715e-02
    3800  7.600000000000e+01  1.547271684711e-02
    3850  7.700000000000e+01  1.656934012245e-02
    3900  7.800000000000e+01  1.772300944705e-02
    3950  7.900000000000e+01  1.893536628172e-02
    4000  8.000000000000e+01  2.020802625946e-02
    4050  8.100000000000e+01  2.154260846817e-02
    4100  8.200000000000e+01  2.294070576952e-02
    4150  8.300000000000e+01  2.440384193508e-02
    4200  8.400000000000e+01  2.593352993387e-02
    4250  8.500000000000e+01  2.753122924713e-02
    4300  8.600000000000e+01  2.919839349063e-02
    4350  8.700000000000e+01  3.093641595689e-02
    4400  8.800000000000e+01  3.274660929133e-02
    4450  8.900000000000e+01  3.463021733938e-02
    4500  9.000000000000e+01  3.658838548925e-02
    4550  9.100000000000e+01  3.862223071827e-02
    4600  9.200000000000e+01  4.073277284892e-02
    4650  9.300000000000e+01  4.292092763179e-02
    4700  9.400000000000e+01  4.518752204222e-02
    4750  9.500000000000e+01  4.753330398403e-02
    4800  9.600000000000e+01  4.995897237699e-02
    4850  9.700000000000e+01  5.246511585626e-02
    4900  9.800000000000e+01  5.505221433731e-02
    4950  9.900000000000e+01  5.772061928399e-02
    5000  1.000000000000e+02  6.047058022446e-02
    5050  1.010000000000e+02  6.330227728773e-02
    5100  1.020000000000e+02  6.621573491633e-02
    5150  1.030000000000e+02  6.921081497429e-02
    5200  1.040000000000e+02  7.228722144280e-02
    5250  1.050000000000e+02  7.544456169077e-02
    5300  1.060000000000e+02  7.868233157343e-02
    5350  1.070000000000e+02  8.199990201817e-02
    5400  1.080000000000e+02  8.539645150252e-02
    5450  1.090000000000e+02  8.887100112653e-02
    5500  1.100000000000e+02  9.242245414901e-02
    5550  1.110000000000e+02  9.604957491968e-02
    5600  1.120000000000e+02  9.975100710224e-02
    5650  1.130000000000e+02  1.035251940849e-01
    5700  1.140000000000e+02  1.073703817949e-01
    5750  1.150000000000e+02  1.112846517040e-01
    5800  1.160000000000e+02  1.152659685660e-01
    5850  1.170000000000e+02  1.193121446108e-01
    5900  1.180000000000e+02  1.234208007419e-01
    5950  1.190000000000e+02  1.275893348550e-01
    6000  1.200000000000e+02  1.318150264353e-01
    6050  1.210000000000e+02  1.360950546585e-01
    6100  1.220000000000e+02  1.404264250993e-01
    6150  1.230000000000e+02  1.448059858024e-01
    6200  1.240000000000e+02  1.492303280647e-01
    6250  1.250000000000e+02  1.536959350285e-01
    6300  1.260000000000e+02  1.581991678939e-01
    6350  1.270000000000e+02  1.627361600895e-01
    6400  1.280000000000e+02  1.673028893186e-01
    6450  1.290000000000e+02  1.718951119657e-01
    6500  1.300000000000e+02  1.765084684982e-01
    6550  1.310000000000e+02  1.811385138572e-01
    6600  1.320000000000e+02  1.857806093477e-01
    6650  1.330000000000e+02  1.904300120016e-01
    6700  1.340000000000e+02  1.950818024674e-01
    6750  1.350000000000e+02  1.997309880745e-01
    6800  1.360000000000e+02  2.043724335512e-01
    6850  1.370000000000e+02  2.090009420717e-01
    6900  1.380000000000e+02  2.136111634986e-01
    6950  1.390000000000e+02  2.181976942744e-01
    7000  1.400000000000e+02  2.227549561968e-01
    7050  1.410000000000e+02  2.272773143144e-01
    7100  1.420000000000e+02  2.317589968716e-01
    7150  1.430000000000e+02  2.361941408397e-01
    7200  1.440000000000e+02  2.405767702411e-01
    7250  1.450000000000e+02  2.449007441009e-01
    7300  1.460000000000e+02  2.491599424000e-01
    7350  1.470000000000e+02  2.533481028349e-01
    7400  1.480000000000e+02  2.574589352426e-01
    7450  1.490000000000e+02  2.614861387768e-01
    7500  1.500000000000e+02  2.654233994097e-01
    7550  1.510000000000e+02  2.692644652133e-01
    7600  1.520000000000e+02  2.730031006617e-01
    7650  1.530000000000e+02  2.766331513505e-01
    7700  1.540000000000e+02  2.801484850457e-01
    7750  1.550000000000e+02  2.835429987109e-01
    7800  1.560000000000e+02  2.868105818965e-01
    7850  1.570000000000e+02  2.899451589276e-01
    7900  1.580000000000e+02  2.929407180374e-01
    7950  1.590000000000e+02  2.957912370527e-01
    8000  1.600000000000e+02  2.984907884812e-01
    8050  1.610000000000e+02  3.010334734443e-01
    8100  1.620000000000e+02  3.034135380270e-01
    8150  1.630000000000e+02  3.056253440494e-01
    8200  1.640000000000e+02  3.076633283649e-01
    8250  1.650000000000e+02  3.095221041471e-01
    8300  1.660000000000e+02  3.111964272984e-01
    8350  1.670000000000e+02  3.126811488793e-01
    8400  1.680000000000e+02  3.139713642196e-01
    8450  1.690000000000e+02  3.150623271051e-01
    8500  1.700000000000e+02  3.159494238820e-01
    8550  1.710000000000e+02  3.166283016361e-01
    8600  1.720000000000e+02  3.170947969598e-01
    8650  1.730000000000e+02  3.173450095067e-01
    8700  1.740000000000e+02  3.173754324675e-01
    8750  1.750000000000e+02  3.171827607181e-01
    8800  1.760000000000e+02  3.167639012113e-01
    8850  1.770000000000e+02  3.161160712645e-01
    8900  1.780000000000e+02  3.152368502761e-01
    8950  1.790000000000e+02  3.141241571486e-01
    9000  1.800000000000e+02  3.127761440850e-01
    9050  1.810000000000e+02  3.111912146473e-01
    9100  1.820000000000e+02  3.093681618661e-01
    9150  1.830000000000e+02  3.073060596716e-01
    9200  1.840000000000e+02  3.050045024279e-01
    9250  1.850000000000e+02  3.024633858260e-01
    9300  1.860000000000e+02  2.996830512971e-01
    9350  1.870000000000e+02  2.966641892809e-01
    9400  1.880000000000e+02  2.934079679112e-01
    9450  1.890000000000e+02  2.899160454897e-01
    9500  1.900000000000e+02  2.861905085005e-01
    9550  1.910000000000e+02  2.822338849250e-01
    9600  1.920000000000e+02  2.780491650799e-01
    9650  1.930000000000e+02  2.736398069262e-01
    9700  1.940000000000e+02  2.690097522564e-01
    9750  1.950000000000e+02  2.641634995527e-01
    9800  1.960000000000e+02  2.591060040075e-01
    9850  1.970000000000e+02  2.538427086403e-01
    9900  1.980000000000e+02  2.483796327617e-01
    9950  1.990000000000e+02  2.427233614126e-01
   10000  2.000000000000e+02  2.368810113705e-01
   10050  2.010000000000e+02  2.308601931250e-01
   10100  2.020000000000e+02  2.246690907597e-01
   10150  2.030000000000e+02  2.183164718730e-01
   10200  2.040000000000e+02  2.118116655461e-01
   10250  2.050000000000e+02  2.051646034456e-01
   10300  2.060000000000e+02  1.983856605209e-01
   10350  2.070000000000e+02  1.914858455141e-01
   10400  2.080000000000e+02  1.844767703986e-01
   10450  2.090000000000e+02  1.773706423175e-01
   10500  2.100000000000e+02  1.701802424055e-01
   10550  2.110000000000e+02  1.629189870409e-01
   10600  2.120000000000e+02  1.556007951099e-01
   10650  2.130000000000e+02  1.482402336349e-01
   10700  2.140000000000e+02  1.408525171907e-01
   10750  2.150000000000e+02  1.334533780743e-01
   10800  2.160000000000e+02  1.260591440321e-01
   10850  2.170000000000e+02  1.186866712890e-01
   10900  2.180000000000e+02  1.113534229988e-01
   10950  2.190000000000e+02  1.040774622154e-01
   11000  2.200000000000e+02  9.687739271975e-02
   11050  2.210000000000e+02  8.977236152320e-02
   11100  2.220000000000e+02  8.278200732498e-02
   11150  2.230000000000e+02  7.592656486494e-02
   11200  2.240000000000e+02  6.922673401250e-02
   11250  2.250000000000e+02  6.270374684995e-02
   11300  2.260000000000e+02  5.637929699056e-02
   11350  2.270000000000e+02  5.027552097242e-02
   11400  2.280000000000e+02  4.441502080873e-02
   11450  2.290000000000e+02  3.882082776444e-02
   11500  2.300000000000e+02  3.351638763138e-02
   11550  2.310000000000e+02  2.852546870681e-02
   11600  2.320000000000e+02  2.387223030992e-02
   11650  2.330000000000e+02  1.958113823629e-02
   11700  2.340000000000e+02  1.567694972329e-02
   11750  2.350000000000e+02  1.218468478806e-02
   11800  2.360000000000e+02  9.129584967249e-03
   11850  2.370000000000e+02  6.537078389637e-03
   11900  2.380000000000e+02  4.432746164946e-03
   11950  2.390000000000e+02  2.842295784752e-03
   12000  2.400000000000e+02  1.791514771405e-03
   12050  2.410000000000e+02  1.306239498881e-03
   12100  2.420000000000e+02  1.412307635629e-03
   12150  2.430000000000e+02  2.135516457321e-03
   12200  2.440000000000e+02  3.501579854821e-03
   12250  2.450000000000e+02  5.536091982960e-03
   12300  2.460000000000e+02  8.264463647345e-03
   12350  2.470000000000e+02  1.171188070459e-02
   12400  2.480000000000e+02  1.590326414390e-02
   12450  2.490000000000e+02  2.086321482451e-02
   12500  2.500000000000e+02  2.661597518759e-02
   12550  2.510000000000e+02  3.318536439528e-02
   12600  2.520000000000e+02  4.059473529758e-02
   12650  2.530000000000e+02  4.886693562266e-02
   12700  2.540000000000e+02  5.802423304592e-02
   12750  2.550000000000e+02  6.808828109020e-02
   12800  2.560000000000e+02  7.908006901738e-02
   12850  2.570000000000e+02  9.101990018149e-02
   12900  2.580000000000e+02  1.039272888791e-01
   12950  2.590000000000e+02  1.178209670143e-01
   13000  2.600000000000e+02  1.327187606194e-01
   13050  2.610000000000e+02  1.486375770310e-01
   13100  2.620000000000e+02  1.655933542235e-01
   13150  2.630000000000e+02  1.836010132438e-01
   13200  2.640000000000e+02  2.026744139115e-01
   13250  2.650000000000e+02  2.228262562059e-01
   13300  2.660000000000e+02  2.440680758595e-01
   13350  2.670000000000e+02  2.664101498552e-01
   13400  2.680000000000e+02  2.898616660190e-01
   13450  2.690000000000e+02  3.144306367557e-01
   13500  2.700000000000e+02  3.401238068112e-01
   13550  2.710000000000e+02  3.669467812395e-01
   13600  2.720000000000e+02  3.949038794037e-01
   13650  2.730000000000e+02  4.239983113725e-01
   13700  2.740000000000e+02  4.542321105194e-01
   13750  2.750000000000e+02  4.856062257343e-01
   13800  2.760000000000e+02  5.181203163775e-01
   13850  2.770000000000e+02  5.517727829879e-01
   13900  2.780000000000e+02  5.865608895131e-01
   13950  2.790000000000e+02  6.224807339003e-01
   14000  2.800000000000e+02  6.595270324409e-01
   14050  2.810000000000e+02  6.976931254604e-01
   14100  2.820000000000e+02  7.369709054294e-01
   14150  2.830000000000e+02  7.773506636772e-01
   14200  2.840000000000e+02  8.188211453378e-01
   14250  2.850000000000e+02  8.613693795348e-01
   14300  2.860000000000e+02  9.049806696991e-01
   14350  2.870000000000e+02  9.496385920567e-01
   14400  2.880000000000e+02  9.953251442082e-01
   14450  2.890000000000e+02  1.042020930414e+00
   14500  2.900000000000e+02  1.089705188845e+00
   14550  2.910000000000e+02  1.138356090845e+00
   14600  2.920000000000e+02  1.187950967993e+00
   14650  2.930000000000e+02  1.238466665235e+00
   14700  2.940000000000e+02  1.289879678557e+00
   14750  2.950000000000e+02  1.342166391292e+00
   14800  2.960000000000e+02  1.395303055296e+00
   14850  2.970000000000e+02  1.449265691329e+00
   14900  2.980000000000e+02  1.504030224693e+00
   14950  2.990000000000e+02  1.559572355559e+00
   15000  3.000000000000e+02  1.615866960929e+00
   15050  3.010000000000e+02  1.672887605098e+00
   15100  3.020000000000e+02  1.730606121304e+00
   15150  3.030000000000e+02  1.788992098420e+00
   15200  3.040000000000e+02  1.848012878810e+00
   15250  3.050000000000e+02  1.907633232816e+00
   15300  3.060000000000e+02  1.967815284522e+00
   15350  3.070000000000e+02  2.028518981103e+00
   15400  3.080000000000e+02  2.089702627143e+00
   15450  3.090000000000e+02  2.151323805970e+00
   15500  3.100000000000e+02  2.213340428515e+00
   15550  3.110000000000e+02  2.275711385622e+00
   15600  3.120000000000e+02  2.338397613810e+00
   15650  3.130000000000e+02  2.401362742254e+00
   15700  3.140000000000e+02  2.464573488769e+00
   15750  3.150000000000e+02  2.527999185515e+00
   15800  3.160000000000e+02  2.591611385955e+00
   15850  3.170000000000e+02  2.655382600788e+00
   15900  3.180000000000e+02  2.719285128865e+00
   15950  3.190000000000e+02  2.783289753661e+00
   16000  3.200000000000e+02  2.847364268498e+00
   16050  3.210000000000e+02  2.911471961761e+00
   16100  3.220000000000e+02  2.975571061284e+00
   16150  3.230000000000e+02  3.039614763717e+00
   16200  3.240000000000e+02  3.103552047197e+00
   16250  3.250000000000e+02  3.167328981942e+00
   16300  3.260000000000e+02  3.230890445990e+00
   16350  3.270000000000e+02  3.294182247517e+00
   16400  3.280000000000e+02  3.357153211009e+00
   16450  3.290000000000e+02  3.419757652376e+00
   16500  3.300000000000e+02  3.481956660745e+00
   16550  3.310000000000e+02  3.543718700790e+00
   16600  3.320000000000e+02  3.605018749855e+00
   16650  3.330000000000e+02  3.665837154807e+00
   16700  3.340000000000e+02  3.726157523079e+00
   16750  3.350000000000e+02  3.785963556148e+00
   16800  3.360000000000e+02  3.845236633972e+00
   16850  3.370000000000e+02  3.903952261758e+00
   16900  3.380000000000e+02  3.962077861273e+00
   16950  3.390000000000e+02  4.019571851031e+00
   17000  3.400000000000e+02  4.076383942084e+00
   17050  3.410000000000e+02  4.132456621977e+00
   17100  3.420000000000e+02  4.187728000377e+00
   17150  3.430000000000e+02  4.242135086606e+00
   17200  3.440000000000e+02  4.295617935280e+00
   17250  3.450000000000e+02  4.348123569885e+00
   17300  3.460000000000e+02  4.399608860290e+00
   17350  3.470000000000e+02  4.450042465562e+00
   17400  3.480000000000e+02  4.499404649727e+00
   17450  3.490000000000e+02  4.547685864775e+00
   17500  3.500000000000e+02  4.594883989077e+00
   17550  3.510000000000e+02  4.641000493057e+00
   17600  3.520000000000e+02  4.686035948955e+00
   17650  3.530000000000e+02  4.729984985918e+00
   17700  3.540000000000e+02  4.772833087243e+00
   17750  3.550000000000e+02  4.814554285860e+00
   17800  3.560000000000e+02  4.855110303495e+00
   17850  3.570000000000e+02  4.894452039463e+00
   17900  3.580000000000e+02  4.932521665645e+00
   17950  3.590000000000e+02  4.969257135826e+00
   18000  3.600000000000e+02  5.004596884651e+00
   18050  3.610000000000e+02  5.038484744107e+00
   18100  3.620000000000e+02  5.070874186309e+00
   18150  3.630000000000e+02  5.101731095124e+00
   18200  3.640000000000e+02  5.131034989168e+00
   18250  3.650000000000e+02  5.158778365923e+00
   18300  3.660000000000e+02  5.184964582653e+00
   18350  3.670000000000e+02  5.209604352353e+00
   18400  3.680000000000e+02  5.232710951482e+00
   18450  3.690000000000e+02  5.254295735791e+00
   18500  3.700000000000e+02  5.274363481446e+00
   18550  3.710000000000e+02  5.292910161878e+00
   18600  3.720000000000e+02  5.309920845457e+00
   18650  3.730000000000e+02  5.325370630746e+00
   18700  3.740000000000e+02  5.339225643443e+00
   18750  3.750000000000e+02  5.351446328369e+00
   18800  3.760000000000e+02  5.361990716674e+00
   18850  3.770000000000e+02  5.370818498255e+00
   18900  3.780000000000e+02  5.377894030931e+00
   18950  3.790000000000e+02  5.383188448763e+00
   19000  3.800000000000e+02  5.386681010689e+00
   19050  3.810000000000e+02  5.388358814577e+00
   19100  3.820000000000e+02  5.388215350077e+00
   19150  3.830000000000e+02  5.386249103142e+00
   19200  3.840000000000e+02  5.382461489910e+00
   19250  3.850000000000e+02  5.376854893564e+00
   19300  3.860000000000e+02  5.369431431813e+00
   19350  3.870000000000e+02  5.360192356153e+00
   19400  3.880000000000e+02  5.349137982451e+00
   19450  3.890000000000e+02  5.336268483501e+00
   19500  3.900000000000e+02  5.321584431762e+00
   19550  3.910000000000e+02  5.305086987125e+00
   19600  3.920000000000e+02  5.286778840851e+00
   19650  3.930000000000e+02  5.266663998329e+00
   19700  3.940000000000e+02  5.244746906280e+00
   19750  3.950000000000e+02  5.221031887043e+00
   19800  3.960000000000e+02  5.195522110848e+00
   19850  3.970000000000e+02  5.168219004295e+00
   19900  3.980000000000e+02  5.139121928423e+00
   19950  3.990000000000e+02  5.108228452434e+00
   20000  4.000000000000e+02  5.075534932548e+00
   20050  4.010000000000e+02  5.041038025773e+00
   20100  4.020000000000e+02  5.004735910647e+00
   20150  4.030000000000e+02  4.966629264898e+00
   20200  4.040000000000e+02  4.926722781137e+00
   20250  4.050000000000e+02  4.885025234090e+00
   20300  4.060000000000e+02  4.841549535375e+00
   20350  4.070000000000e+02  4.796312570989e+00
   20400  4.080000000000e+02  4.749333888090e+00
   20450  4.090000000000e+02  4.700635334388e+00
   20500  4.100000000000e+02  4.650239618914e+00
   20550  4.110000000000e+02  4.598170244433e+00
   20600  4.120000000000e+02  4.544451197254e+00
   20650  4.130000000000e+02  4.489107223874e+00
   20700  4.140000000000e+02  4.432164323593e+00
   20750  4.150000000000e+02  4.373650246255e+00
   20800  4.160000000000e+02  4.313595221952e+00
   20850  4.170000000000e+02  4.252031758144e+00
   20900  4.180000000000e+02  4.188994711369e+00
   20950  4.190000000000e+02  4.124520807314e+00
   21000  4.200000000000e+02  4.058647963841e+00
   21050  4.210000000000e+02  3.991414676013e+00
   21100  4.220000000000e+02  3.922859479004e+00
   21150  4.230000000000e+02  3.853020753404e+00
   21200  4.240000000000e+02  3.781936941599e+00
   21250  4.250000000000e+02  3.709647023437e+00
   21300  4.260000000000e+02  3.636191088225e+00
   21350  4.270000000000e+02  3.561611195272e+00
   21400  4.280000000000e+02  3.485952255768e+00
   21450  4.290000000000e+02  3.409262084110e+00
   21500  4.300000000000e+02  3.331591773696e+00
   21550  4.310000000000e+02  3.252995360297e+00
   21600  4.320000000000e+02  3.173529680929e+00
   21650  4.330000000000e+02  3.093253980195e+00
   21700  4.340000000000e+02  3.012229543939e+00
   21750  4.350000000000e+02  2.930519635943e+00
   21800  4.360000000000e+02  2.848189704092e+00
   21850  4.370000000000e+02  2.765307662931e+00
   21900  4.380000000000e+02  2.681944105582e+00
   21950  4.390000000000e+02  2.598173053823e+00
   22000  4.400000000000e+02  2.514072051560e+00
   22050  4.410000000000e+02  2.429722440277e+00
   22100  4.420000000000e+02  2.345208965780e+00
   22150  4.430000000000e+02  2.260619653713e+00
   22200  4.440000000000e+02  2.176045098403e+00
   22250  4.450000000000e+02  2.091578135526e+00
   22300  4.460000000000e+02  2.007313143637e+00
   22350  4.470000000000e+02  1.923345768479e+00
   22400  4.480000000000e+02  1.839772507168e+00
   22450  4.490000000000e+02  1.756691117125e+00
   22500  4.500000000000e+02  1.674200436327e+00
   22550  4.510000000000e+02  1.592400589523e+00
   22600  4.520000000000e+02  1.511393550180e+00
   22650  4.530000000000e+02  1.431283379046e+00
   22700  4.540000000000e+02  1.352176289580e+00
   22750  4.550000000000e+02  1.274180549834e+00
   22800  4.560000000000e+02  1.197406614703e+00
   22850  4.570000000000e+02  1.121967010098e+00
   22900  4.580000000000e+02  1.047976013570e+00
   22950  4.590000000000e+02  9.755496927221e-01
   23000  4.600000000000e+02  9.048055061337e-01
   23050  4.610000000000e+02  8.358621707257e-01
   23100  4.620000000000e+02  7.688395967394e-01
   23150  4.630000000000e+02  7.038586216632e-01
   23200  4.640000000000e+02  6.410408642422e-01
   23250  4.650000000000e+02  5.805083228148e-01
   23300  4.660000000000e+02  5.223832966745e-01
   23350  4.670000000000e+02  4.667879940328e-01
   23400  4.680000000000e+02  4.138440820862e-01
   23450  4.690000000000e+02  3.636722956771e-01
   23500  4.700000000000e+02  3.163918566999e-01
   23550  4.710000000000e+02  2.721198106105e-01
   23600  4.720000000000e+02  2.309702916197e-01
   23650  4.730000000000e+02  1.930538464682e-01
   23700  4.740000000000e+02  1.584770169616e-01
   23750  4.750000000000e+02  1.273415179832e-01
   23800  4.760000000000e+02  9.974381969838e-02
   23850  4.770000000000e+02  7.577507066176e-02
   23900  4.780000000000e+02  5.552076755074e-02
   23950  4.790000000000e+02  3.906112226490e-02
   24000  4.800000000000e+02  2.647004936051e-02
   24050  4.810000000000e+02  1.781513570646e-02
   24100  4.820000000000e+02  1.315644457891e-02
   24150  4.830000000000e+02  1.254561826009e-02
   24200  4.840000000000e+02  1.602511640155e-02
   24250  4.850000000000e+02  2.362759167179e-02
   24300  4.860000000000e+02  3.537661971988e-02
   24350  4.870000000000e+02  5.128716191884e-02
   24400  4.880000000000e+02  7.136792962343e-02
   24450  4.890000000000e+02  9.562161022622e-02
   24500  4.900000000000e+02  1.240462877446e-01
   24550  4.910000000000e+02  1.566331077361e-01
   24600  4.920000000000e+02  1.933645791883e-01
   24650  4.930000000000e+02  2.342101209817e-01
   24700  4.940000000000e+02  2.791236782456e-01
   24750  4.950000000000e+02  3.280416518045e-01
   24800  4.960000000000e+02  3.808867413188e-01
   24850  4.970000000000e+02  4.375714706503e-01
   24900  4.980000000000e+02  4.980085301786e-01
   24950  4.990000000000e+02  5.621157911377e-01
   25000  5.000000000000e+02  6.298238207630e-01
   25050  5.010000000000e+02  7.010725740116e-01
   25100  5.020000000000e+02  7.758058509602e-01
   25150  5.030000000000e+02  8.539593663359e-01
   25200  5.040000000000e+02  9.354490286927e-01
   25250  5.050000000000e+02  1.020162498312e+00
   25300  5.060000000000e+02  1.107961744139e+00
   25350  5.070000000000e+02  1.198690420641e+00
   25400  5.080000000000e+02  1.292192332606e+00
   25450  5.090000000000e+02  1.388328397298e+00
   25500  5.100000000000e+02  1.486988371003e+00
   25550  5.110000000000e+02  1.588094290672e+00
   25600  5.120000000000e+02  1.691586224673e+00
   25650  5.130000000000e+02  1.797407779569e+00
   25700  5.140000000000e+02  1.905479833437e+00
   25750  5.150000000000e+02  2.015692500971e+00
   25800  5.160000000000e+02  2.127899116678e+00
   25850  5.170000000000e+02  2.241930222787e+00
   25900  5.180000000000e+02  2.357614561048e+00
   25950  5.190000000000e+02  2.474797881921e+00
   26000  5.200000000000e+02  2.593361883806e+00
   26050  5.210000000000e+02  2.713220368975e+00
   26100  5.220000000000e+02  2.834313285881e+00
   26150  5.230000000000e+02  2.956582348073e+00
   26200  5.240000000000e+02  3.079955760743e+00
   26250  5.250000000000e+02  3.204335404482e+00
   26300  5.260000000000e+02  3.329594717359e+00
   26350  5.270000000000e+02  3.455593036861e+00
   26400  5.280000000000e+02  3.582189873252e+00
   26450  5.290000000000e+02  3.709256261919e+00
   26500  5.300000000000e+02  3.836684959178e+00
   26550  5.310000000000e+02  3.964387802875e+00
   26600  5.320000000000e+02  4.092285259557e+00
   26650  5.330000000000e+02  4.220300514230e+00
   26700  5.340000000000e+02  4.348350668008e+00
   26750  5.350000000000e+02  4.476345094661e+00
   26800  5.360000000000e+02  4.604190738591e+00
   26850  5.370000000000e+02  4.731796072198e+00
   26900  5.380000000000e+02  4.859078119116e+00
   26950  5.390000000000e+02  4.985956479188e+00
   27000  5.400000000000e+02  5.112352081602e+00
   27050  5.410000000000e+02  5.238184628112e+00
   27100  5.420000000000e+02  5.363367960572e+00
   27150  5.430000000000e+02  5.487816256654e+00
   27200  5.440000000000e+02  5.611450542327e+00
   27250  5.450000000000e+02  5.734203924224e+00
   27300  5.460000000000e+02  5.856022378088e+00
   27350  5.470000000000e+02  5.976862134738e+00
   27400  5.480000000000e+02  6.096677254980e+00
   27450  5.490000000000e+02  6.215409604414e+00
   27500  5.500000000000e+02  6.332980930139e+00
   27550  5.510000000000e+02  6.449295974560e+00
   27600  5.520000000000e+02  6.564252160202e+00
   27650  5.530000000000e+02  6.677756633218e+00
   27700  5.540000000000e+02  6.789739815190e+00
   27750  5.550000000000e+02  6.900161276590e+00
   27800  5.560000000000e+02  7.009007585879e+00
   27850  5.570000000000e+02  7.116280740552e+00
   27900  5.580000000000e+02  7.221977669272e+00
   27950  5.590000000000e+02  7.326073022265e+00
   28000  5.600000000000e+02  7.428507322347e+00
   28050  5.610000000000e+02  7.529189995363e+00
   28100  5.620000000000e+02  7.628015454846e+00
   28150  5.630000000000e+02  7.724887653553e+00
   28200  5.640000000000e+02  7.819740614652e+00
   28250  5.650000000000e+02  7.912551411053e+00
   28300  5.660000000000e+02  8.003340321939e+00
   28350  5.670000000000e+02  8.092153894385e+00
   28400  5.680000000000e+02  8.179039698506e+00
   28450  5.690000000000e+02  8.264014797162e+00
   28500  5.700000000000e+02  8.347042225338e+00
   28550  5.710000000000e+02  8.428029523112e+00
   28600  5.720000000000e+02  8.506844210271e+00
   28650  5.730000000000e+02  8.583348130006e+00
   28700  5.740000000000e+02  8.657434583424e+00
   28750  5.750000000000e+02  8.729055493836e+00
   28800  5.760000000000e+02  8.798230192271e+00
   28850  5.770000000000e+02  8.865033481791e+00
   28900  5.780000000000e+02  8.929562480067e+00
   28950  5.790000000000e+02  8.991894578888e+00
   29000  5.800000000000e+02  9.052052594121e+00
   29050  5.810000000000e+02  9.109986090124e+00
   29100  5.820000000000e+02  9.165579159165e+00
   29150  5.830000000000e+02  9.218682976804e+00
   29200  5.840000000000e+02  9.269158815276e+00
   29250  5.850000000000e+02  9.316919226658e+00
   29300  5.860000000000e+02  9.361953044238e+00
   29350  5.870000000000e+02  9.404321137124e+00
   29400  5.880000000000e+02  9.444130402308e+00
   29450  5.890000000000e+02  9.481491930019e+00
   29500  5.900000000000e+02  9.516481127841e+00
   29550  5.910000000000e+02  9.549112651729e+00
   29600  5.920000000000e+02  9.579339634093e+00
   29650  5.930000000000e+02  9.607073943233e+00
   29700  5.940000000000e+02  9.632221122397e+00
   29750  5.950000000000e+02  9.654716124848e+00
   29800  5.960000000000e+02  9.674543464011e+00
   29850  5.970000000000e+02  9.691735595366e+00
   29900  5.980000000000e+02  9.706351013119e+00
   29950  5.990000000000e+02  9.718438800789e+00
   30000  6.000000000000e+02  9.728008575530e+00
   30050  6.010000000000e+02  9.735014133377e+00
   30100  6.020000000000e+02  9.739361048129e+00
   30150  6.030000000000e+02  9.740937890654e+00
   30200  6.040000000000e+02  9.739657900389e+00
   30250  6.050000000000e+02  9.735497005140e+00
   30300  6.060000000000e+02  9.728513283067e+00
   30350  6.070000000000e+02  9.718840275261e+00
   30400  6.080000000000e+02  9.706653908013e+00
   30450  6.090000000000e+02  9.692125139593e+00
   30500  6.100000000000e+02  9.675371019487e+00
   30550  6.110000000000e+02  9.656420425584e+00
   30600  6.120000000000e+02  9.635205023151e+00
   30650  6.130000000000e+02  9.611577880454e+00
   30700  6.140000000000e+02  9.585354764872e+00
   30750  6.150000000000e+02  9.556364909094e+00
   30800  6.160000000000e+02  9.524493607454e+00
   30850  6.170000000000e+02  9.489708370307e+00
   30900  6.180000000000e+02  9.452065448961e+00
   30950  6.190000000000e+02  9.411694638523e+00
   31000  6.200000000000e+02  9.368766961525e+00
   31050  6.210000000000e+02  9.323454704758e+00
   31100  6.220000000000e+02  9.275892137261e+00
   31150  6.230000000000e+02  9.226149120844e+00
   31200  6.240000000000e+02  9.174227843251e+00
   31250  6.250000000000e+02  9.120075885704e+00
   31300  6.260000000000e+02  9.063613566270e+00
   31350  6.270000000000e+02  9.004763781071e+00
   31400  6.280000000000e+02  8.943474932012e+00
   31450  6.290000000000e+02  8.879735662118e+00
   31500  6.300000000000e+02  8.813577892573e+00
   31550  6.310000000000e+02  8.745066501491e+00
   31600  6.320000000000e+02  8.674277147464e+00
   31650  6.330000000000e+02  8.601269246945e+00
   31700  6.340000000000e+02  8.526061393500e+00
   31750  6.350000000000e+02  8.448624044975e+00
   31800  6.360000000000e+02  8.368894422058e+00
   31850  6.370000000000e+02  8.286807638738e+00
   31900  6.380000000000e+02  8.202335621780e+00
   31950  6.390000000000e+02  8.115517158397e+00
   32000  6.400000000000e+02  8.026467004699e+00
   32050  6.410000000000e+02  7.935363320222e+00
   32100  6.420000000000e+02  7.842412056430e+00
   32150  6.430000000000e+02  7.747796521847e+00
   32200  6.440000000000e+02  7.651629564155e+00
   32250  6.450000000000e+02  7.553921845094e+00
   32300  6.460000000000e+02  7.454581673064e+00
   32350  6.470000000000e+02  7.353450414906e+00
   32400  6.480000000000e+02  7.250364269439e+00
   32450  6.490000000000e+02  7.145219697057e+00
   32500  6.500000000000e+02  7.038025504242e+00
   32550  6.510000000000e+02  6.928920954584e+00
   32600  6.520000000000e+02  6.818154040498e+00
   32650  6.530000000000e+02  6.706027786954e+00
   32700  6.540000000000e+02  6.592828421517e+00
   32750  6.550000000000e+02  6.478758019370e+00
   32800  6.560000000000e+02  6.363893249226e+00
   32850  6.570000000000e+02  6.248178182192e+00
   32900  6.580000000000e+02  6.131454313179e+00
   32950  6.590000000000e+02  6.013517892270e+00
   33000  6.600000000000e+02  5.894185011517e+00
   33050  6.610000000000e+02  5.773350820388e+00
   33100  6.620000000000e+02  5.651025002451e+00
   33150  6.630000000000e+02  5.527335212572e+00
   33200  6.640000000000e+02  5.402501028795e+00
   33250  6.650000000000e+02  5.276788771743e+00
   33300  6.660000000000e+02  5.150460391819e+00
   33350  6.670000000000e+02  5.023732518224e+00
   33400  6.680000000000e+02  4.896755803984e+00
   33450  6.690000000000e+02  4.769615925650e+00
   33500  6.700000000000e+02  4.642353951106e+00
   33550  6.710000000000e+02  4.514995388743e+00
   33600  6.720000000000e+02  4.387577000577e+00
   33650  6.730000000000e+02  4.260164838427e+00
   33700  6.740000000000e+02  4.132856657224e+00
   33750  6.750000000000e+02  4.005768659205e+00
   33800  6.760000000000e+02  3.879017563128e+00
   33850  6.770000000000e+02  3.752705467301e+00
   33900  6.780000000000e+02  3.626910988331e+00
   33950  6.790000000000e+02  3.501688662434e+00
   34000  6.800000000000e+02  3.377074656136e+00
   34050  6.810000000000e+02  3.253099071451e+00
   34100  6.820000000000e+02  3.129798867380e+00
   34150  6.830000000000e+02  3.007233125215e+00
   34200  6.840000000000e+02  2.885490761130e+00
   34250  6.850000000000e+02  2.764689442720e+00
   34300  6.860000000000e+02  2.644963211623e+00
   34350  6.870000000000e+02  2.526443609149e+00
   34400  6.880000000000e+02  2.409250548995e+00
   34450  6.890000000000e+02  2.293492631126e+00
   34500  6.900000000000e+02  2.179273897707e+00
   34550  6.910000000000e+02  2.066705712771e+00
   34600  6.920000000000e+02  1.955914830164e+00
   34650  6.930000000000e+02  1.847038828066e+00
   34700  6.940000000000e+02  1.740224541018e+00
   34750  6.950000000000e+02  1.635627731037e+00
   34800  6.960000000000e+02  1.533407878322e+00
   34850  6.970000000000e+02  1.433726152440e+00
   34900  6.980000000000e+02  1.336733084580e+00
   34950  6.990000000000e+02  1.242561931844e+00
   35000  7.000000000000e+02  1.151324135574e+00
   35050  7.010000000000e+02  1.063113684691e+00
   35100  7.020000000000e+02  9.780152048995e-01
   35150  7.030000000000e+02  8.961085506686e-01
   35200  7.040000000000e+02  8.174734933706e-01
   35250  7.050000000000e+02  7.421842994752e-01
   35300  7.060000000000e+02  6.703059134188e-01
   35350  7.070000000000e+02  6.018919230626e-01
   35400  7.080000000000e+02  5.369888360451e-01
   35450  7.090000000000e+02  4.756447665435e-01
   35500  7.100000000000e+02  4.179177291040e-01
   35550  7.110000000000e+02  3.638777975153e-01
   35600  7.120000000000e+02  3.136071618708e-01
   35650  7.130000000000e+02  2.671947105071e-01
   35700  7.140000000000e+02  2.247247362373e-01
   35750  7.150000000000e+02  1.862668428116e-01
   35800  7.160000000000e+02  1.518660563524e-01
   35850  7.170000000000e+02  1.215413674410e-01
   35900  7.180000000000e+02  9.529152517335e-02
   35950  7.190000000000e+02  7.310701365606e-02
   36000  7.200000000000e+02  5.497996421221e-02
   36050  7.210000000000e+02  4.090922242786e-02
   36100  7.220000000000e+02  3.089738796954e-02
   36150  7.230000000000e+02  2.494310553353e-02
   36200  7.240000000000e+02  2.303250855655e-02
   36250  7.250000000000e+02  2.513356504727e-02
   36300  7.260000000000e+02  3.119502912553e-02
   36350  7.270000000000e+02  4.114964596245e-02
   36400  7.280000000000e+02  5.492011292294e-02
   36450  7.290000000000e+02  7.242434928038e-02
   36500  7.300000000000e+02  9.357812585116e-02
   36550  7.310000000000e+02  1.182926678312e-01
   36600  7.320000000000e+02  1.464696118282e-01
   36650  7.330000000000e+02  1.780016337765e-01
   36700  7.340000000000e+02  2.127794999900e-01
   36750  7.350000000000e+02  2.507017048519e-01
   36800  7.360000000000e+02  2.916796607124e-01
   36850  7.370000000000e+02  3.356343085116e-01
   36900  7.380000000000e+02  3.824837807726e-01
   36950  7.390000000000e+02  4.321328911797e-01
   37000  7.400000000000e+02  4.844692868684e-01
   37050  7.410000000000e+02  5.393650110460e-01
   37100  7.420000000000e+02  5.966876845115e-01
   37150  7.430000000000e+02  6.563118254800e-01
   37200  7.440000000000e+02  7.181226142597e-01
   37250  7.450000000000e+02  7.820105926561e-01
   37300  7.460000000000e+02  8.478664871885e-01
   37350  7.470000000000e+02  9.155869896181e-01
   37400  7.480000000000e+02  9.850893442040e-01
   37450  7.490000000000e+02  1.056323190420e+00
   37500  7.500000000000e+02  1.129260675724e+00
   37550  7.510000000000e+02  1.203857127642e+00
   37600  7.520000000000e+02  1.280005932146e+00
   37650  7.530000000000e+02  1.357507897925e+00
   37700  7.540000000000e+02  1.436077210522e+00
   37750  7.550000000000e+02  1.515397855635e+00
   37800  7.560000000000e+02  1.595216394513e+00
   37850  7.570000000000e+02  1.675413938943e+00
   37900  7.580000000000e+02  1.756003525723e+00
   37950  7.590000000000e+02  1.837049462610e+00
   38000  7.600000000000e+02  1.918561323678e+00
   38050  7.610000000000e+02  2.000432329647e+00
   38100  7.620000000000e+02  2.082464738972e+00
   38150  7.630000000000e+02  2.164461446077e+00
   38200  7.640000000000e+02  2.246318260237e+00
   38250  7.650000000000e+02  2.328052769302e+00
   38300  7.660000000000e+02  2.409742556205e+00
   38350  7.670000000000e+02  2.491407445610e+00
   38400  7.680000000000e+02  2.572914294673e+00
   38450  7.690000000000e+02  2.653975069100e+00
   38500  7.700000000000e+02  2.734256397392e+00
   38550  7.710000000000e+02  2.813538715553e+00
   38600  7.720000000000e+02  2.891821856722e+00
   38650  7.730000000000e+02  2.969310489139e+00
   38700  7.740000000000e+02  3.046297825906e+00
   38750  7.750000000000e+02  3.123025914047e+00
   38800  7.760000000000e+02  3.199581954612e+00
   38850  7.770000000000e+02  3.275841707433e+00
   38900  7.780000000000e+02  3.351465173637e+00
   38950  7.790000000000e+02  3.425976509852e+00
   39000  7.800000000000e+02  3.498931072342e+00
   39050  7.810000000000e+02  3.570105873317e+00
   39100  7.820000000000e+02  3.639621364507e+00
   39150  7.830000000000e+02  3.707901381719e+00
   39200  7.840000000000e+02  3.775441732051e+00
   39250  7.850000000000e+02  3.842509842821e+00
   39300  7.860000000000e+02  3.908966027713e+00
   39350  7.870000000000e+02  3.974307659796e+00
   39400  7.880000000000e+02  4.037906806175e+00
   39450  7.890000000000e+02  4.099314933013e+00
   39500  7.900000000000e+02  4.158460102016e+00
   39550  7.910000000000e+02  4.215623158987e+00
   39600  7.920000000000e+02  4.271230626176e+00
   39650  7.930000000000e+02  4.325617878552e+00
   39700  7.940000000000e+02  4.378908965036e+00
   39750  7.950000000000e+02  4.431058172632e+00
   39800  7.960000000000e+02  4.481961876067e+00
   39850  7.970000000000e+02  4.531518992109e+00
   39900  7.980000000000e+02  4.579612874360e+00
   39950  7.990000000000e+02  4.626072156400e+00
   40000  8.000000000000e+02  4.670677347989e+00
   40050  8.010000000000e+02  4.713238476939e+00
   40100  8.020000000000e+02  4.753693186039e+00
   40150  8.030000000000e+02  4.792143313321e+00
   40200  8.040000000000e+02  4.828786596816e+00
   40250  8.050000000000e+02  4.863791581990e+00
   40300  8.060000000000e+02  4.897219921554e+00
   40350  8.070000000000e+02  4.929046884324e+00
   40400  8.080000000000e+02  4.959231594361e+00
   40450  8.090000000000e+02  4.987755797964e+00
   40500  8.100000000000e+02  5.014600077179e+00
   40550  8.110000000000e+02  5.039693019053e+00
   40600  8.120000000000e+02  5.062899021655e+00
   40650  8.130000000000e+02  5.084074478043e+00
   40700  8.140000000000e+02  5.103159104698e+00
   40750  8.150000000000e+02  5.120242985127e+00
   40800  8.160000000000e+02  5.135557553592e+00
   40850  8.170000000000e+02  5.149374573716e+00
   40900  8.180000000000e+02  5.161858778290e+00
   40950  8.190000000000e+02  5.172951876786e+00
   41000  8.200000000000e+02  5.182362958155e+00
   41050  8.210000000000e+02  5.189698471671e+00
   41100  8.220000000000e+02  5.194671666097e+00
   41150  8.230000000000e+02  5.197254582570e+00
   41200  8.240000000000e+02  5.197681778529e+00
   41250  8.250000000000e+02  5.196321888665e+00
   41300  8.260000000000e+02  5.193509355129e+00
   41350  8.270000000000e+02  5.189444843162e+00
   41400  8.280000000000e+02  5.184208301466e+00
   41450  8.290000000000e+02  5.177817627668e+00
   41500  8.300000000000e+02  5.170245007838e+00
   41550  8.310000000000e+02  5.161375752489e+00
   41600  8.320000000000e+02  5.150968863768e+00
   41650  8.330000000000e+02  5.138698222674e+00
   41700  8.340000000000e+02  5.124291609691e+00
   41750  8.350000000000e+02  5.107682236080e+00
   41800  8.360000000000e+02  5.089049250500e+00
   41850  8.370000000000e+02  5.068701910530e+00
   41900  8.380000000000e+02  5.046903159553e+00
   41950  8.390000000000e+02  5.023773841767e+00
   42000  8.400000000000e+02  4.999322755569e+00
   42050  8.410000000000e+02  4.973524300276e+00
   42100  8.420000000000e+02  4.946351352488e+00
   42150  8.430000000000e+02  4.917758154272e+00
   42200  8.440000000000e+02  4.887671430419e+00
   42250  8.450000000000e+02  4.856023455682e+00
   42300  8.460000000000e+02  4.822809155950e+00
   42350  8.470000000000e+02  4.788124882347e+00
   42400  8.480000000000e+02  4.752148953858e+00
   42450  8.490000000000e+02  4.715068966614e+00
   42500  8.500000000000e+02  4.677006135680e+00
   42550  8.510000000000e+02  4.637980143981e+00
   42600  8.520000000000e+02  4.597912034060e+00
   42650  8.530000000000e+02  4.556652193542e+00
   42700  8.540000000000e+02  4.514038653902e+00
   42750  8.550000000000e+02  4.469974393494e+00
   42800  8.560000000000e+02  4.424488347921e+00
   42850  8.570000000000e+02  4.377750922255e+00
   42900  8.580000000000e+02  4.330029636841e+00
   42950  8.590000000000e+02  4.281599196132e+00
   43000  8.600000000000e+02  4.232643010844e+00
   43050  8.610000000000e+02  4.183187500762e+00
   43100  8.620000000000e+02  4.133095251221e+00
   43150  8.630000000000e+02  4.082133606436e+00
   43200  8.640000000000e+02  4.030100928358e+00
   43250  8.650000000000e+02  3.976945613500e+00
   43300  8.660000000000e+02  3.922796750252e+00
   43350  8.670000000000e+02  3.867881210143e+00
   43400  8.680000000000e+02  3.812377068187e+00
   43450  8.690000000000e+02  3.756303428681e+00
   43500  8.700000000000e+02  3.699543719389e+00
   43550  8.710000000000e+02  3.641987770935e+00
   43600  8.720000000000e+02  3.583669401527e+00
   43650  8.730000000000e+02  3.524794313115e+00
   43700  8.740000000000e+02  3.465634344260e+00
   43750  8.750000000000e+02  3.406353340801e+00
   43800  8.760000000000e+02  3.346903449162e+00
   43850  8.770000000000e+02  3.287081483157e+00
   43900  8.780000000000e+02  3.226694253635e+00
   43950  8.790000000000e+02  3.165707235198e+00
   44000  8.800000000000e+02  3.104273815369e+00
   44050  8.810000000000e+02  3.042640683945e+00
   44100  8.820000000000e+02  2.981014992668e+00
   44150  8.830000000000e+02  2.919485834149e+00
   44200  8.840000000000e+02  2.858032132896e+00
   44250  8.850000000000e+02  2.796582959465e+00
   44300  8.860000000000e+02  2.735080887658e+00
   44350  8.870000000000e+02  2.673521117622e+00
   44400  8.880000000000e+02  2.611968868744e+00
   44450  8.890000000000e+02  2.550552462373e+00
   44500  8.900000000000e+02  2.489427421399e+00
   44550  8.910000000000e+02  2.428730135099e+00
   44600  8.920000000000e+02  2.368536291220e+00
   44650  8.930000000000e+02  2.308831949962e+00
   44700  8.940000000000e+02  2.249515731869e+00
   44750  8.950000000000e+02  2.190439206537e+00
   44800  8.960000000000e+02  2.131462222599e+00
   44850  8.970000000000e+02  2.072502962605e+00
   44900  8.980000000000e+02  2.013579361801e+00
   44950  8.990000000000e+02  1.954823042997e+00
   45000  9.000000000000e+02  1.896443025850e+00
   45050  9.010000000000e+02  1.838653795665e+00
   45100  9.020000000000e+02  1.781611490868e+00
   45150  9.030000000000e+02  1.725386232272e+00
   45200  9.040000000000e+02  1.669966026734e+00
   45250  9.050000000000e+02  1.615272077289e+00
   45300  9.060000000000e+02  1.561183163343e+00
   45350  9.070000000000e+02  1.507574885420e+00
   45400  9.080000000000e+02  1.454366159693e+00
   45450  9.090000000000e+02  1.401559079967e+00
   45500  9.100000000000e+02  1.349242781123e+00
   45550  9.110000000000e+02  1.297550410845e+00
   45600  9.120000000000e+02  1.246603501094e+00
   45650  9.130000000000e+02  1.196484103917e+00
   45700  9.140000000000e+02  1.147242357428e+00
   45750  9.150000000000e+02  1.098919700770e+00
   45800  9.160000000000e+02  1.051566755756e+00
   45850  9.170000000000e+02  1.005245230737e+00
   45900  9.180000000000e+02  9.600205739060e-01
   45950  9.190000000000e+02  9.159607151193e-01
   46000  9.200000000000e+02  8.731389192129e-01
   46050  9.210000000000e+02  8.316290777064e-01
   46100  9.220000000000e+02  7.914867416473e-01
   46150  9.230000000000e+02  7.527183710367e-01
   46200  9.240000000000e+02  7.152606718366e-01
   46250  9.250000000000e+02  6.789952184594e-01
   46300  9.260000000000e+02  6.437964130511e-01
   46350  9.270000000000e+02  6.095821560337e-01
   46400  9.280000000000e+02  5.763332358465e-01
   46450  9.290000000000e+02  5.440751736440e-01
   46500  9.300000000000e+02  5.128478472050e-01
   46550  9.310000000000e+02  4.826825170931e-01
   46600  9.320000000000e+02  4.535881274394e-01
   46650  9.330000000000e+02  4.255477078133e-01
   46700  9.340000000000e+02  3.985200692734e-01
   46750  9.350000000000e+02  3.724446259856e-01
   46800  9.360000000000e+02  3.472565738763e-01
   46850  9.370000000000e+02  3.229060627911e-01
   46900  9.380000000000e+02  2.993693766343e-01
   46950  9.390000000000e+02  2.766582761662e-01
   47000  9.400000000000e+02  2.548249755192e-01
   47050  9.410000000000e+02  2.339524143765e-01
   47100  9.420000000000e+02  2.141376012254e-01
   47150  9.430000000000e+02  1.954711566910e-01
   47200  9.440000000000e+02  1.780118826560e-01
   47250  9.450000000000e+02  1.617651401735e-01
   47300  9.460000000000e+02  1.466739874259e-01
   47350  9.470000000000e+02  1.326334865353e-01
   47400  9.480000000000e+02  1.195264733881e-01
   47450  9.490000000000e+02  1.072604076820e-01
   47500  9.500000000000e+02  9.578932385901e-02
   47550  9.510000000000e+02  8.511252568980e-02
   47600  9.520000000000e+02  7.525263961376e-02
   47650  9.530000000000e+02  6.623289303268e-02
   47700  9.540000000000e+02  5.806416230174e-02
   47750  9.550000000000e+02  5.074018546660e-02
   47800  9.560000000000e+02  4.424095490102e-02
   47850  9.570000000000e+02  3.853842889363e-02
   47900  9.580000000000e+02  3.359954218569e-02
   47950  9.590000000000e+02  2.938916209363e-02
   48000  9.600000000000e+02  2.587241223007e-02
   48050  9.610000000000e+02  2.301608029810e-02
   48100  9.620000000000e+02  2.079130310792e-02
   48150  9.630000000000e+02  1.917545261665e-02
   48200  9.640000000000e+02  1.815102875482e-02
   48250  9.650000000000e+02  1.770243923245e-02
   48300  9.660000000000e+02  1.781214507240e-02
   48350  9.670000000000e+02  1.845816556898e-02
   48400  9.680000000000e+02  1.961370499362e-02
   48450  9.690000000000e+02  2.124807120505e-02
   48500  9.700000000000e+02  2.332857384842e-02
   48550  9.710000000000e+02  2.582352696342e-02
   48600  9.720000000000e+02  2.870589839318e-02
   48650  9.730000000000e+02  3.195571847574e-02
   48700  9.740000000000e+02  3.555855921053e-02
   48750  9.750000000000e+02  3.950030878747e-02
   48800  9.760000000000e+02  4.376290017767e-02
   48850  9.770000000000e+02  4.832485770223e-02
   48900  9.780000000000e+02  5.316567755171e-02
   48950  9.790000000000e+02  5.827015585271e-02
   49000  9.800000000000e+02  6.362801477566e-02
   49050  9.810000000000e+02  6.922654635830e-02
   49100  9.820000000000e+02  7.504300578451e-02
   49150  9.830000000000e+02  8.104441148490e-02
   49200  9.840000000000e+02  8.719156474676e-02
   49250  9.850000000000e+02  9.344152456278e-02
   49300  9.860000000000e+02  9.974835325379e-02
   49350  9.870000000000e+02  1.060654777906e-01
   49400  9.880000000000e+02  1.123549971244e-01
   49450  9.890000000000e+02  1.186027183998e-01
   49500  9.900000000000e+02  1.248286274898e-01
   49550  9.910000000000e+02  1.310826645757e-01
   49600  9.920000000000e+02  1.374235931031e-01
   49650  9.930000000000e+02  1.438886813871e-01
   49700  9.940000000000e+02  1.504669966608e-01
   49750  9.950000000000e+02  1.570885550570e-01
   49800  9.960000000000e+02  1.636383905306e-01
   49850  9.970000000000e+02  1.699925792939e-01
   49900  9.980000000000e+02  1.760603937882e-01
   49950  9.990000000000e+02  1.818155589224e-01
   50000  1.000000000000e+03  1.873038976191e-01
   50050  1.001000000000e+03  1.926237906462e-01
   50100  1.002000000000e+03  1.978924159547e-01
   50150  1.003000000000e+03  2.032115484964e-01
   50200  1.004000000000e+03  2.086345567599e-01
   50250  1.005000000000e+03  2.141433181123e-01
   50300  1.006000000000e+03  2.196505968452e-01
   50350  1.007000000000e+03  2.250308213088e-01
   50400  1.008000000000e+03  2.301701153262e-01
   50450  1.009000000000e+03  2.350119474571e-01
   50500  1.010000000000e+03  2.395706363315e-01
   50550  1.011000000000e+03  2.439112132833e-01
   50600  1.012000000000e+03  2.481165802734e-01
   50650  1.013000000000e+03  2.522593785211e-01
   50700  1.014000000000e+03  2.563868956475e-01
   50750  1.015000000000e+03  2.605172457029e-01
   50800  1.016000000000e+03  2.646356418875e-01
   50850  1.017000000000e+03  2.686878212558e-01
   50900  1.018000000000e+03  2.725787204652e-01
   50950  1.019000000000e+03  2.761841120640e-01
   51000  1.020000000000e+03  2.793802108281e-01
   51050  1.021000000000e+03  2.820839633717e-01
   51100  1.022000000000e+03  2.842802599309e-01
   51150  1.023000000000e+03  2.860203421143e-01
   51200  1.024000000000e+03  2.873994756669e-01
   51250  1.025000000000e+03  2.885279973157e-01
   51300  1.026000000000e+03  2.895034904923e-01
   51350  1.027000000000e+03  2.903841797159e-01
   51400  1.028000000000e+03  2.911649561376e-01
   51450  1.029000000000e+03  2.917729502682e-01
   51500  1.030000000000e+03  2.921010016262e-01
   51550  1.031000000000e+03  2.920666145996e-01
   51600  1.032000000000e+03  2.916564926850e-01
   51650  1.033000000000e+03  2.909270587430e-01
   51700  1.034000000000e+03  2.899674171591e-01
   51750  1.035000000000e+03  2.888558308826e-01
   51800  1.036000000000e+03  2.876397006805e-01
   51850  1.037000000000e+03  2.863443106595e-01
   51900  1.038000000000e+03  2.849898439995e-01
   51950  1.039000000000e+03  2.835948962622e-01
   52000  1.040000000000e+03  2.821632411560e-01
   52050  1.041000000000e+03  2.806710906262e-01
   52100  1.042000000000e+03  2.790737105154e-01
   52150  1.043000000000e+03  2.773266006737e-01
   52200  1.044000000000e+03  2.754000825579e-01
   52250  1.045000000000e+03  2.732789059089e-01
   52300  1.046000000000e+03  2.709566975594e-01
   52350  1.047000000000e+03  2.684353065941e-01
   52400  1.048000000000e+03  2.657327924095e-01
   52450  1.049000000000e+03  2.628888407212e-01
   52500  1.050000000000e+03  2.599522629774e-01
   52550  1.051000000000e+03  2.569575565003e-01
   52600  1.052000000000e+03  2.539087518437e-01
   52650  1.053000000000e+03  2.507831972441e-01
   52700  1.054000000000e+03  2.475576628174e-01
   52750  1.055000000000e+03  2.442368759410e-01
   52800  1.056000000000e+03  2.408597771852e-01
   52850  1.057000000000e+03  2.374810004199e-01
   52900  1.058000000000e+03  2.341387327066e-01
   52950  1.059000000000e+03  2.308288756237e-01
   53000  1.060000000000e+03  2.275068925422e-01
   53050  1.061000000000e+03  2.241108128913e-01
   53100  1.062000000000e+03  2.205807007671e-01
   53150  1.063000000000e+03  2.168684430255e-01
   53200  1.064000000000e+03  2.129477874609e-01
   53250  1.065000000000e+03  2.088285160610e-01
   53300  1.066000000000e+03  2.045670808757e-01
   53350  1.067000000000e+03  2.002588730838e-01
   53400  1.068000000000e+03  1.960060217309e-01
   53450  1.069000000000e+03  1.918761355076e-01
   53500  1.070000000000e+03  1.878755679069e-01
   53550  1.071000000000e+03  1.839525087324e-01
   53600  1.072000000000e+03  1.800278301223e-01
   53650  1.073000000000e+03  1.760337356416e-01
   53700  1.074000000000e+03  1.719398106663e-01
   53750  1.075000000000e+03  1.677591447930e-01
   53800  1.076000000000e+03  1.635360120499e-01
   53850  1.077000000000e+03  1.593220611101e-01
   53900  1.078000000000e+03  1.551558434957e-01
   53950  1.079000000000e+03  1.510559396147e-01
   54000  1.080000000000e+03  1.470237138926e-01
   54050  1.081000000000e+03  1.430517802192e-01
   54100  1.082000000000e+03  1.391336663736e-01
   54150  1.083000000000e+03  1.352661830484e-01
   54200  1.084000000000e+03  1.314435397613e-01
   54250  1.085000000000e+03  1.276522984583e-01
   54300  1.086000000000e+03  1.238726726567e-01
   54350  1.087000000000e+03  1.200860718941e-01
   54400  1.088000000000e+03  1.162874841566e-01
   54450  1.089000000000e+03  1.124944527405e-01
   54500  1.090000000000e+03  1.087433029389e-01
   54550  1.091000000000e+03  1.050754984727e-01
   54600  1.092000000000e+03  1.015251190179e-01
   54650  1.093000000000e+03  9.811449971915e-02
   54700  1.094000000000e+03  9.485506141890e-02
   54750  1.095000000000e+03  9.174626367202e-02
   54800  1.096000000000e+03  8.877531846644e-02
   54850  1.097000000000e+03  8.592438167594e-02
   54900  1.098000000000e+03  8.318088837817e-02
   54950  1.099000000000e+03  8.054212640767e-02
   55000  1.100000000000e+03  7.801066371485e-02
   55050  1.101000000000e+03  7.558284210924e-02
   55100  1.102000000000e+03  7.324095953405e-02
   55150  1.103000000000e+03  7.095981074788e-02
   55200  1.104000000000e+03  6.872264001587e-02
   55250  1.105000000000e+03  6.653111137196e-02
   55300  1.106000000000e+03  6.440170997571e-02
   55350  1.107000000000e+03  6.235084835224e-02
   55400  1.108000000000e+03  6.037832799095e-02
   55450  1.109000000000e+03  5.846127771412e-02
   55500  1.110000000000e+03  5.656224660000e-02
   55550  1.111000000000e+03  5.464569426643e-02
   55600  1.112000000000e+03  5.269342844166e-02
   55650  1.113000000000e+03  5.071027724699e-02
   55700  1.114000000000e+03  4.871998896489e-02
   55750  1.115000000000e+03  4.675770887778e-02
   55800  1.116000000000e+03  4.486140322639e-02
   55850  1.117000000000e+03  4.306186015695e-02
   55900  1.118000000000e+03  4.137396137415e-02
   55950  1.119000000000e+03  3.979256922174e-02
   56000  1.120000000000e+03  3.829592554708e-02
   56050  1.121000000000e+03  3.685715165392e-02
   56100  1.122000000000e+03  3.545846128530e-02
   56150  1.123000000000e+03  3.409935591691e-02
   56200  1.124000000000e+03  3.279401561116e-02
   56250  1.125000000000e+03  3.156073145648e-02
   56300  1.126000000000e+03  3.041175692666e-02
   56350  1.127000000000e+03  2.935121068873e-02
   56400  1.128000000000e+03  2.837919964533e-02
   56450  1.129000000000e+03  2.749469956309e-02
   56500  1.130000000000e+03  2.669487732172e-02
   56550  1.131000000000e+03  2.597330425633e-02
   56600  1.132000000000e+03  2.531937929671e-02
   56650  1.133000000000e+03  2.471916318178e-02
   56700  1.134000000000e+03  2.415661684595e-02
   56750  1.135000000000e+03  2.361575546706e-02
   56800  1.136000000000e+03  2.308510241188e-02
   56850  1.137000000000e+03  2.256199389539e-02
   56900  1.138000000000e+03  2.205314151394e-02
   56950  1.139000000000e+03  2.157101015083e-02
   57000  1.140000000000e+03  2.112744482691e-02
   57050  1.141000000000e+03  2.072771710681e-02
   57100  1.142000000000e+03  2.036848547006e-02
   57150  1.143000000000e+03  2.003985952557e-02
   57200  1.144000000000e+03  1.972974156141e-02
   57250  1.145000000000e+03  1.942872915715e-02
   57300  1.146000000000e+03  1.913264692223e-02
   57350  1.147000000000e+03  1.884190411487e-02
   57400  1.148000000000e+03  1.856008566831e-02
   57450  1.149000000000e+03  1.829293268252e-02
   57500  1.150000000000e+03  1.804735309907e-02
   57550  1.151000000000e+03  1.782961455600e-02
   57600  1.152000000000e+03  1.764249868167e-02
   57650  1.153000000000e+03  1.748349671213e-02
   57700  1.154000000000e+03  1.734620547222e-02
   57750  1.155000000000e+03  1.722384330648e-02
   57800  1.156000000000e+03  1.711197430660e-02
   57850  1.157000000000e+03  1.700881481516e-02
   57900  1.158000000000e+03  1.691373744779e-02
   57950  1.159000000000e+03  1.682599692380e-02
   58000  1.160000000000e+03  1.674488456868e-02
   58050  1.161000000000e+03  1.667037921874e-02
   58100  1.162000000000e+03  1.660309903983e-02
   58150  1.163000000000e+03  1.654359113164e-02
   58200  1.164000000000e+03  1.649155917949e-02
   58250  1.165000000000e+03  1.644557829144e-02
   58300  1.166000000000e+03  1.640351666424e-02
   58350  1.167000000000e+03  1.636335572384e-02
   58400  1.168000000000e+03  1.632396249672e-02
   58450  1.169000000000e+03  1.628548384899e-02
   58500  1.170000000000e+03  1.624917490154e-02
   58550  1.171000000000e+03  1.621679883699e-02
   58600  1.172000000000e+03  1.618992597057e-02
   58650  1.173000000000e+03  1.616936349920e-02
   58700  1.174000000000e+03  1.615492857846e-02
   58750  1.175000000000e+03  1.614558137210e-02
   58800  1.176000000000e+03  1.613973234535e-02
   58850  1.177000000000e+03  1.613567157523e-02
   58900  1.178000000000e+03  1.613206019929e-02
   58950  1.179000000000e+03  1.612822419098e-02
   59000  1.180000000000e+03  1.612407221881e-02
   59050  1.181000000000e+03  1.611982585935e-02
   59100  1.182000000000e+03  1.611585149622e-02
   59150  1.183000000000e+03  1.611258453056e-02
   59200  1.184000000000e+03  1.611039650137e-02
   59250  1.185000000000e+03  1.610942541816e-02
   59300  1.186000000000e+03  1.610952148599e-02
   59350  1.187000000000e+03  1.611036060150e-02
   59400  1.188000000000e+03  1.611158539538e-02
   59450  1.189000000000e+03  1.611288469101e-02
   59500  1.190000000000e+03  1.611403312560e-02
   59550  1.191000000000e+03  1.611488811584e-02
   59600  1.192000000000e+03  1.611535657527e-02
   59650  1.193000000000e+03  1.611539978909e-02
   59700  1.194000000000e+03  1.611508150621e-02
   59750  1.195000000000e+03  1.611461470983e-02
   59800  1.196000000000e+03  1.611434622463e-02
   59850  1.197000000000e+03  1.611456632574e-02
   59900  1.198000000000e+03  1.611526675715e-02
   59950  1.199000000000e+03  1.611613619988e-02
   60000  1.200000000000e+03  1.611674192182e-02
   60050  1.201000000000e+03  1.611670630778e-02
   60100  1.202000000000e+03  1.611585181000e-02
   60150  1.203000000000e+03  1.611430931588e-02
   60200  1.204000000000e+03  1.611251062493e-02
   60250  1.205000000000e+03  1.611101653922e-02
   60300  1.206000000000e+03  1.611025606037e-02
   60350  1.207000000000e+03  1.611034243899e-02
   60400  1.208000000000e+03  1.611108306684e-02
   60450  1.209000000000e+03  1.611213859347e-02
   60500  1.210000000000e+03  1.611318783713e-02
   60550  1.211000000000e+03  1.611402313833e-02
   60600  1.212000000000e+03  1.611457296097e-02
   60650  1.213000000000e+03  1.611486275706e-02
   60700  1.214000000000e+03  1.611495442565e-02
   60750  1.215000000000e+03  1.611490966251e-02
   60800  1.216000000000e+03  1.611478991533e-02
   60850  1.217000000000e+03  1.611465765935e-02
   60900  1.218000000000e+03  1.611454359207e-02
   60950  1.219000000000e+03  1.611440035344e-02
   61000  1.220000000000e+03  1.611411091212e-02
   61050  1.221000000000e+03  1.611358983363e-02
   61100  1.222000000000e+03  1.611290707818e-02
   61150  1.223000000000e+03  1.611230513170e-02
   61200  1.224000000000e+03  1.611205366651e-02
   61250  1.225000000000e+03  1.611224014793e-02
   61300  1.226000000000e+03  1.611269251036e-02
   61350  1.227000000000e+03  1.611310428346e-02
   61400  1.228000000000e+03  1.611324945685e-02
   61450  1.229000000000e+03  1.611311860663e-02
   61500  1.230000000000e+03  1.611286675256e-02
   61550  1.231000000000e+03  1.611264699869e-02
   61600  1.232000000000e+03  1.611252405660e-02
   61650  1.233000000000e+03  1.611250681811e-02
   61700  1.234000000000e+03  1.611257881680e-02
   61750  1.235000000000e+03  1.611268985122e-02
   61800  1.236000000000e+03  1.611276806172e-02
   61850  1.237000000000e+03  1.611275778635e-02
   61900  1.238000000000e+03  1.611265573598e-02
   61950  1.239000000000e+03  1.611250976644e-02
   62000  1.240000000000e+03  1.611237381050e-02
   62050  1.241000000000e+03  1.611226976452e-02
   62100  1.242000000000e+03  1.611218436444e-02
   62150  1.243000000000e+03  1.611209099669e-02
   62200  1.244000000000e+03  1.611195033479e-02
   62250  1.245000000000e+03  1.611171979590e-02
   62300  1.246000000000e+03  1.611139500948e-02
   62350  1.247000000000e+03  1.611102082066e-02
   62400  1.248000000000e+03  1.611067225369e-02
   62450  1.249000000000e+03  1.611044914733e-02
   62500  1.250000000000e+03  1.611043572805e-02
   62550  1.251000000000e+03  1.611063389199e-02
   62600  1.252000000000e+03  1.611097516723e-02
   62650  1.253000000000e+03  1.611138163796e-02
   62700  1.254000000000e+03  1.611180542923e-02
   62750  1.255000000000e+03  1.611224900227e-02
   62800  1.256000000000e+03  1.611275231949e-02
   62850  1.257000000000e+03  1.611331466146e-02
   62900  1.258000000000e+03  1.611379461942e-02
   62950  1.259000000000e+03  1.611393878332e-02
   63000  1.260000000000e+03  1.611359290436e-02
   63050  1.261000000000e+03  1.611284799743e-02
   63100  1.262000000000e+03  1.611195679008e-02
   63150  1.263000000000e+03  1.611116210662e-02
   63200  1.264000000000e+03  1.611059589210e-02
   63250  1.265000000000e+03  1.611027174990e-02
   63300  1.266000000000e+03  1.611013981287e-02
   63350  1.267000000000e+03  1.611014675602e-02
   63400  1.268000000000e+03  1.611025613914e-02
   63450  1.269000000000e+03  1.611044462972e-02
   63500  1.270000000000e+03  1.611070083386e-02
   63550  1.271000000000e+03  1.611100754156e-02
   63600  1.272000000000e+03  1.611130898765e-02
   63650  1.273000000000e+03  1.611152169079e-02
   63700  1.274000000000e+03  1.611158211300e-02
   63750  1.275000000000e+03  1.611147963250e-02
   63800  1.276000000000e+03  1.611127361736e-02
   63850  1.277000000000e+03  1.611108274588e-02
   63900  1.278000000000e+03  1.611101257002e-02
   63950  1.279000000000e+03  1.611105289122e-02
   64000  1.280000000000e+03  1.611106609652e-02
   64050  1.281000000000e+03  1.611089522570e-02
   64100  1.282000000000e+03  1.611046799525e-02
   64150  1.283000000000e+03  1.610983864706e-02
   64200  1.284000000000e+03  1.610919367746e-02
   64250  1.285000000000e+03  1.610879259062e-02
   64300  1.286000000000e+03  1.610881676048e-02
   64350  1.287000000000e+03  1.610921186644e-02
   64400  1.288000000000e+03  1.610971644290e-02
   64450  1.289000000000e+03  1.611007634190e-02
   64500  1.290000000000e+03  1.611020921220e-02
   64550  1.291000000000e+03  1.611018658335e-02
   64600  1.292000000000e+03  1.611012239344e-02
   64650  1.293000000000e+03  1.611010334772e-02
   64700  1.294000000000e+03  1.611018790961e-02
   64750  1.295000000000e+03  1.611040174597e-02
   64800  1.296000000000e+03  1.611075439897e-02
   64850  1.297000000000e+03  1.611126727742e-02
   64900  1.298000000000e+03  1.611191291000e-02
   64950  1.299000000000e+03  1.611250702324e-02
   65000  1.300000000000e+03  1.611271997218e-02
