################################################################################
# HEADER
# nspin         1
#%
# nik       217
#  st         1      26
# ust         1      26
# Iter             t            #  iter t Nex(t)  
################################################################################
       0  0.000000000000e+00 -2.560451850542e-15
      50  1.000000000000e+00  1.161417975681e-10
     100  2.000000000000e+00  1.860377962792e-10
     150  3.000000000000e+00  2.227231524210e-10
     200  4.000000000000e+00  2.356870879017e-10
     250  5.000000000000e+00  3.750350585641e-10
     300  6.000000000000e+00  1.013759486079e-09
     350  7.000000000000e+00  2.599494779154e-09
     400  8.000000000000e+00  6.002323006682e-09
     450  9.000000000000e+00  1.252650241174e-08
     500  1.000000000000e+01  2.426624598484e-08
     550  1.100000000000e+01  4.414097438260e-08
     600  1.200000000000e+01  7.612224361270e-08
     650  1.300000000000e+01  1.252476072786e-07
     700  1.400000000000e+01  1.979500031807e-07
     750  1.500000000000e+01  3.023188298104e-07
     800  1.600000000000e+01  4.485344706623e-07
     850  1.700000000000e+01  6.489101713192e-07
     900  1.800000000000e+01  9.183866674853e-07
     950  1.900000000000e+01  1.274838941065e-06
    1000  2.000000000000e+01  1.738848979839e-06
    1050  2.100000000000e+01  2.334300838083e-06
    1100  2.200000000000e+01  3.089188220833e-06
    1150  2.300000000000e+01  4.035250513582e-06
    1200  2.400000000000e+01  5.208413515971e-06
    1250  2.500000000000e+01  6.649734095240e-06
    1300  2.600000000000e+01  8.404486112050e-06
    1350  2.700000000000e+01  1.052369441098e-05
    1400  2.800000000000e+01  1.306476303012e-05
    1450  2.900000000000e+01  1.609146863889e-05
    1500  3.000000000000e+01  1.967435353571e-05
    1550  3.100000000000e+01  2.389030037412e-05
    1600  3.200000000000e+01  2.882346969215e-05
    1650  3.300000000000e+01  3.456541893121e-05
    1700  3.400000000000e+01  4.121440358081e-05
    1750  3.500000000000e+01  4.887778560028e-05
    1800  3.600000000000e+01  5.767108230321e-05
    1850  3.700000000000e+01  6.771728013610e-05
    1900  3.800000000000e+01  7.914801183621e-05
    1950  3.900000000000e+01  9.210492358154e-05
    2000  4.000000000000e+01  1.067392473115e-04
    2050  4.100000000000e+01  1.232121616981e-04
    2100  4.200000000000e+01  1.416938690015e-04
    2150  4.300000000000e+01  1.623683163515e-04
    2200  4.400000000000e+01  1.854276489471e-04
    2250  4.500000000000e+01  2.110736725886e-04
    2300  4.600000000000e+01  2.395191665741e-04
    2350  4.700000000000e+01  2.709871159424e-04
    2400  4.800000000000e+01  3.057127871642e-04
    2450  4.900000000000e+01  3.439428572865e-04
    2500  5.000000000000e+01  3.859328218219e-04
    2550  5.100000000000e+01  4.319487911190e-04
    2600  5.200000000000e+01  4.822697642428e-04
    2650  5.300000000000e+01  5.371822767826e-04
    2700  5.400000000000e+01  5.969886797415e-04
    2750  5.500000000000e+01  6.619968224233e-04
    2800  5.600000000000e+01  7.325242339606e-04
    2850  5.700000000000e+01  8.089016171359e-04
    2900  5.800000000000e+01  8.914624744923e-04
    2950  5.900000000000e+01  9.805578851474e-04
    3000  6.000000000000e+01  1.076545485977e-03
    3050  6.100000000000e+01  1.179791511677e-03
    3100  6.200000000000e+01  1.290672318625e-03
    3150  6.300000000000e+01  1.409570905644e-03
    3200  6.400000000000e+01  1.536876244686e-03
    3250  6.500000000000e+01  1.672987447036e-03
    3300  6.600000000000e+01  1.818312693394e-03
    3350  6.700000000000e+01  1.973262391956e-03
    3400  6.800000000000e+01  2.138248322594e-03
    3450  6.900000000000e+01  2.313687088104e-03
    3500  7.000000000000e+01  2.500002327587e-03
    3550  7.100000000000e+01  2.697626776190e-03
    3600  7.200000000000e+01  2.906985292079e-03
    3650  7.300000000000e+01  3.128510748841e-03
    3700  7.400000000000e+01  3.362626559607e-03
    3750  7.500000000000e+01  3.609760799922e-03
    3800  7.600000000000e+01  3.870350523353e-03
    3850  7.700000000000e+01  4.144825460546e-03
    3900  7.800000000000e+01  4.433603360004e-03
    3950  7.900000000000e+01  4.737096596529e-03
    4000  8.000000000000e+01  5.055709816939e-03
    4050  8.100000000000e+01  5.389857410993e-03
    4100  8.200000000000e+01  5.739946274511e-03
    4150  8.300000000000e+01  6.106359404449e-03
    4200  8.400000000000e+01  6.489481095510e-03
    4250  8.500000000000e+01  6.889677426713e-03
    4300  8.600000000000e+01  7.307323888524e-03
    4350  8.700000000000e+01  7.742780650906e-03
    4400  8.800000000000e+01  8.196378834183e-03
    4450  8.900000000000e+01  8.668438311823e-03
    4500  9.000000000000e+01  9.159246409852e-03
    4550  9.100000000000e+01  9.669096482113e-03
    4600  9.200000000000e+01  1.019825746544e-02
    4650  9.300000000000e+01  1.074696496564e-02
    4700  9.400000000000e+01  1.131543215981e-02
    4750  9.500000000000e+01  1.190385416957e-02
    4800  9.600000000000e+01  1.251242504422e-02
    4850  9.700000000000e+01  1.314130334854e-02
    4900  9.800000000000e+01  1.379062106496e-02
    4950  9.900000000000e+01  1.446047209750e-02
    5000  1.000000000000e+02  1.515092665666e-02
    5050  1.010000000000e+02  1.586205468519e-02
    5100  1.020000000000e+02  1.659387806619e-02
    5150  1.030000000000e+02  1.734637015716e-02
    5200  1.040000000000e+02  1.811945946975e-02
    5250  1.050000000000e+02  1.891306386569e-02
    5300  1.060000000000e+02  1.972707459935e-02
    5350  1.070000000000e+02  2.056135724592e-02
    5400  1.080000000000e+02  2.141571485028e-02
    5450  1.090000000000e+02  2.228991000732e-02
    5500  1.100000000000e+02  2.318367225011e-02
    5550  1.110000000000e+02  2.409672045127e-02
    5600  1.120000000000e+02  2.502872373583e-02
    5650  1.130000000000e+02  2.597931215469e-02
    5700  1.140000000000e+02  2.694805389480e-02
    5750  1.150000000000e+02  2.793447164129e-02
    5800  1.160000000000e+02  2.893807556774e-02
    5850  1.170000000000e+02  2.995833592472e-02
    5900  1.180000000000e+02  3.099466866481e-02
    5950  1.190000000000e+02  3.204642166421e-02
    6000  1.200000000000e+02  3.311291390839e-02
    6050  1.210000000000e+02  3.419345413421e-02
    6100  1.220000000000e+02  3.528729749016e-02
    6150  1.230000000000e+02  3.639365677835e-02
    6200  1.240000000000e+02  3.751166323870e-02
    6250  1.250000000000e+02  3.864044165486e-02
    6300  1.260000000000e+02  3.977909249540e-02
    6350  1.270000000000e+02  4.092664096149e-02
    6400  1.280000000000e+02  4.208209414652e-02
    6450  1.290000000000e+02  4.324436718380e-02
    6500  1.300000000000e+02  4.441237479567e-02
    6550  1.310000000000e+02  4.558500283254e-02
    6600  1.320000000000e+02  4.676108805236e-02
    6650  1.330000000000e+02  4.793943814821e-02
    6700  1.340000000000e+02  4.911879640437e-02
    6750  1.350000000000e+02  5.029791437990e-02
    6800  1.360000000000e+02  5.147548076187e-02
    6850  1.370000000000e+02  5.265017714074e-02
    6900  1.380000000000e+02  5.382063269334e-02
    6950  1.390000000000e+02  5.498547129057e-02
    7000  1.400000000000e+02  5.614327114839e-02
    7050  1.410000000000e+02  5.729257268937e-02
    7100  1.420000000000e+02  5.843192189433e-02
    7150  1.430000000000e+02  5.955980841837e-02
    7200  1.440000000000e+02  6.067470150638e-02
    7250  1.450000000000e+02  6.177504673538e-02
    7300  1.460000000000e+02  6.285926278397e-02
    7350  1.470000000000e+02  6.392575312189e-02
    7400  1.480000000000e+02  6.497290043984e-02
    7450  1.490000000000e+02  6.599908074616e-02
    7500  1.500000000000e+02  6.700266752153e-02
    7550  1.510000000000e+02  6.798202057806e-02
    7600  1.520000000000e+02  6.893552670986e-02
    7650  1.530000000000e+02  6.986157730264e-02
    7700  1.540000000000e+02  7.075856846013e-02
    7750  1.550000000000e+02  7.162492149642e-02
    7800  1.560000000000e+02  7.245903707395e-02
    7850  1.570000000000e+02  7.325934747933e-02
    7900  1.580000000000e+02  7.402431515222e-02
    7950  1.590000000000e+02  7.475237840866e-02
    8000  1.600000000000e+02  7.544199550885e-02
    8050  1.610000000000e+02  7.609164650202e-02
    8100  1.620000000000e+02  7.669983293007e-02
    8150  1.630000000000e+02  7.726512526416e-02
    8200  1.640000000000e+02  7.778608330853e-02
    8250  1.650000000000e+02  7.826129407432e-02
    8300  1.660000000000e+02  7.868939418548e-02
    8350  1.670000000000e+02  7.906906753670e-02
    8400  1.680000000000e+02  7.939903088899e-02
    8450  1.690000000000e+02  7.967806266435e-02
    8500  1.700000000000e+02  7.990499477829e-02
    8550  1.710000000000e+02  8.007866632820e-02
    8600  1.720000000000e+02  8.019803108338e-02
    8650  1.730000000000e+02  8.026207912459e-02
    8700  1.740000000000e+02  8.026989272707e-02
    8750  1.750000000000e+02  8.022065804992e-02
    8800  1.760000000000e+02  8.011356425791e-02
    8850  1.770000000000e+02  7.994789653466e-02
    8900  1.780000000000e+02  7.972304522585e-02
    8950  1.790000000000e+02  7.943848724330e-02
    9000  1.800000000000e+02  7.909377563865e-02
    9050  1.810000000000e+02  7.868850874755e-02
    9100  1.820000000000e+02  7.822236989493e-02
    9150  1.830000000000e+02  7.769515777141e-02
    9200  1.840000000000e+02  7.710681519731e-02
    9250  1.850000000000e+02  7.645733692593e-02
    9300  1.860000000000e+02  7.574684694073e-02
    9350  1.870000000000e+02  7.497554096608e-02
    9400  1.880000000000e+02  7.414376969688e-02
    9450  1.890000000000e+02  7.325199597703e-02
    9500  1.900000000000e+02  7.230079754888e-02
    9550  1.910000000000e+02  7.129088162937e-02
    9600  1.920000000000e+02  7.022304402798e-02
    9650  1.930000000000e+02  6.909823231369e-02
    9700  1.940000000000e+02  6.791754040892e-02
    9750  1.950000000000e+02  6.668214659531e-02
    9800  1.960000000000e+02  6.539336288223e-02
    9850  1.970000000000e+02  6.405262345299e-02
    9900  1.980000000000e+02  6.266151914904e-02
    9950  1.990000000000e+02  6.122180699245e-02
   10000  2.000000000000e+02  5.973534313893e-02
   10050  2.010000000000e+02  5.820409553034e-02
   10100  2.020000000000e+02  5.663018788147e-02
   10150  2.030000000000e+02  5.501590802295e-02
   10200  2.040000000000e+02  5.336371192011e-02
   10250  2.050000000000e+02  5.167614595853e-02
   10300  2.060000000000e+02  4.995590990274e-02
   10350  2.070000000000e+02  4.820584238398e-02
   10400  2.080000000000e+02  4.642893167683e-02
   10450  2.090000000000e+02  4.462834415774e-02
   10500  2.100000000000e+02  4.280735365845e-02
   10550  2.110000000000e+02  4.096938693236e-02
   10600  2.120000000000e+02  3.911800806218e-02
   10650  2.130000000000e+02  3.725691531325e-02
   10700  2.140000000000e+02  3.538998613985e-02
   10750  2.150000000000e+02  3.352121123061e-02
   10800  2.160000000000e+02  3.165472385086e-02
   10850  2.170000000000e+02  2.979476659513e-02
   10900  2.180000000000e+02  2.794573823470e-02
   10950  2.190000000000e+02  2.611217674407e-02
   11000  2.200000000000e+02  2.429872686951e-02
   11050  2.210000000000e+02  2.251018709314e-02
   11100  2.220000000000e+02  2.075145653338e-02
   11150  2.230000000000e+02  1.902757181135e-02
   11200  2.240000000000e+02  1.734368710382e-02
   11250  2.250000000000e+02  1.570506904634e-02
   11300  2.260000000000e+02  1.411709873247e-02
   11350  2.270000000000e+02  1.258525504147e-02
   11400  2.280000000000e+02  1.111514103216e-02
   11450  2.290000000000e+02  9.712447560828e-03
   11500  2.300000000000e+02  8.382964848100e-03
   11550  2.310000000000e+02  7.132561479989e-03
   11600  2.320000000000e+02  5.967196281665e-03
   11650  2.330000000000e+02  4.892904976233e-03
   11700  2.340000000000e+02  3.915792869149e-03
   11750  2.350000000000e+02  3.042033569667e-03
   11800  2.360000000000e+02  2.277856130747e-03
   11850  2.370000000000e+02  1.629540162303e-03
   11900  2.380000000000e+02  1.103405898484e-03
   11950  2.390000000000e+02  7.058191250890e-04
   12000  2.400000000000e+02  4.431734187072e-04
   12050  2.410000000000e+02  3.218865540213e-04
   12100  2.420000000000e+02  3.483922097177e-04
   12150  2.430000000000e+02  5.291326819965e-04
   12200  2.440000000000e+02  8.705493467178e-04
   12250  2.450000000000e+02  1.379076936058e-03
   12300  2.460000000000e+02  2.061132439865e-03
   12350  2.470000000000e+02  2.923107242141e-03
   12400  2.480000000000e+02  3.971361325363e-03
   12450  2.490000000000e+02  5.212208812022e-03
   12500  2.500000000000e+02  6.651918487200e-03
   12550  2.510000000000e+02  8.296685890744e-03
   12600  2.520000000000e+02  1.015264900801e-02
   12650  2.530000000000e+02  1.222585932808e-02
   12700  2.540000000000e+02  1.452228173574e-02
   12750  2.550000000000e+02  1.704776692372e-02
   12800  2.560000000000e+02  1.980807142902e-02
   12850  2.570000000000e+02  2.280884125114e-02
   12900  2.580000000000e+02  2.605558798846e-02
   12950  2.590000000000e+02  2.955368565442e-02
   13000  2.600000000000e+02  3.330836714224e-02
   13050  2.610000000000e+02  3.732469352795e-02
   13100  2.620000000000e+02  4.160757421939e-02
   13150  2.630000000000e+02  4.616174848649e-02
   13200  2.640000000000e+02  5.099174948453e-02
   13250  2.650000000000e+02  5.610193452650e-02
   13300  2.660000000000e+02  6.149641404050e-02
   13350  2.670000000000e+02  6.717910076676e-02
   13400  2.680000000000e+02  7.315368852840e-02
   13450  2.690000000000e+02  7.942365644178e-02
   13500  2.700000000000e+02  8.599227415587e-02
   13550  2.710000000000e+02  9.286250251155e-02
   13600  2.720000000000e+02  1.000370991511e-01
   13650  2.730000000000e+02  1.075185388130e-01
   13700  2.740000000000e+02  1.153090709890e-01
   13750  2.750000000000e+02  1.234106673499e-01
   13800  2.760000000000e+02  1.318250092639e-01
   13850  2.770000000000e+02  1.405534421144e-01
   13900  2.780000000000e+02  1.495970857323e-01
   13950  2.790000000000e+02  1.589567645850e-01
   14000  2.800000000000e+02  1.686329806649e-01
   14050  2.810000000000e+02  1.786259031450e-01
   14100  2.820000000000e+02  1.889353636683e-01
   14150  2.830000000000e+02  1.995609348318e-01
   14200  2.840000000000e+02  2.105018355604e-01
   14250  2.850000000000e+02  2.217569293485e-01
   14300  2.860000000000e+02  2.333247658130e-01
   14350  2.870000000000e+02  2.452035396320e-01
   14400  2.880000000000e+02  2.573911115013e-01
   14450  2.890000000000e+02  2.698850553947e-01
   14500  2.900000000000e+02  2.826825533975e-01
   14550  2.910000000000e+02  2.957804604172e-01
   14600  2.920000000000e+02  3.091752894122e-01
   14650  2.930000000000e+02  3.228632858826e-01
   14700  2.940000000000e+02  3.368402959819e-01
   14750  2.950000000000e+02  3.511018623022e-01
   14800  2.960000000000e+02  3.656431074964e-01
   14850  2.970000000000e+02  3.804587870129e-01
   14900  2.980000000000e+02  3.955434283995e-01
   14950  2.990000000000e+02  4.108911848549e-01
   15000  3.000000000000e+02  4.264958096194e-01
   15050  3.010000000000e+02  4.423506917825e-01
   15100  3.020000000000e+02  4.584489398500e-01
   15150  3.030000000000e+02  4.747833061988e-01
   15200  3.040000000000e+02  4.913462111768e-01
   15250  3.050000000000e+02  5.081298360133e-01
   15300  3.060000000000e+02  5.251260452082e-01
   15350  3.070000000000e+02  5.423264139777e-01
   15400  3.080000000000e+02  5.597221532696e-01
   15450  3.090000000000e+02  5.773042727806e-01
   15500  3.100000000000e+02  5.950635881080e-01
   15550  3.110000000000e+02  6.129906888482e-01
   15600  3.120000000000e+02  6.310759816651e-01
   15650  3.130000000000e+02  6.493094794804e-01
   15700  3.140000000000e+02  6.676811696263e-01
   15750  3.150000000000e+02  6.861807708340e-01
   15800  3.160000000000e+02  7.047978714943e-01
   15850  3.170000000000e+02  7.235217763991e-01
   15900  3.180000000000e+02  7.423415685683e-01
   15950  3.190000000000e+02  7.612461901157e-01
   16000  3.200000000000e+02  7.802243512986e-01
   16050  3.210000000000e+02  7.992645360575e-01
   16100  3.220000000000e+02  8.183549363981e-01
   16150  3.230000000000e+02  8.374836054055e-01
   16200  3.240000000000e+02  8.566384091710e-01
   16250  3.250000000000e+02  8.758070503872e-01
   16300  3.260000000000e+02  8.949770904306e-01
   16350  3.270000000000e+02  9.141358242562e-01
   16400  3.280000000000e+02  9.332703316181e-01
   16450  3.290000000000e+02  9.523675510289e-01
   16500  3.300000000000e+02  9.714143447344e-01
   16550  3.310000000000e+02  9.903975174250e-01
   16600  3.320000000000e+02  1.009303646026e+00
   16650  3.330000000000e+02  1.028119175627e+00
   16700  3.340000000000e+02  1.046830593304e+00
   16750  3.350000000000e+02  1.065424341376e+00
   16800  3.360000000000e+02  1.083886854375e+00
   16850  3.370000000000e+02  1.102204692932e+00
   16900  3.380000000000e+02  1.120364520056e+00
   16950  3.390000000000e+02  1.138353010538e+00
   17000  3.400000000000e+02  1.156157088629e+00
   17050  3.410000000000e+02  1.173763650708e+00
   17100  3.420000000000e+02  1.191159863394e+00
   17150  3.430000000000e+02  1.208332922307e+00
   17200  3.440000000000e+02  1.225270172888e+00
   17250  3.450000000000e+02  1.241959097276e+00
   17300  3.460000000000e+02  1.258387291587e+00
   17350  3.470000000000e+02  1.274542533019e+00
   17400  3.480000000000e+02  1.290412495815e+00
   17450  3.490000000000e+02  1.305985166274e+00
   17500  3.500000000000e+02  1.321248474956e+00
   17550  3.510000000000e+02  1.336190485436e+00
   17600  3.520000000000e+02  1.350799284412e+00
   17650  3.530000000000e+02  1.365063005176e+00
   17700  3.540000000000e+02  1.378969752546e+00
   17750  3.550000000000e+02  1.392507731562e+00
   17800  3.560000000000e+02  1.405665375486e+00
   17850  3.570000000000e+02  1.418431064710e+00
   17900  3.580000000000e+02  1.430793360922e+00
   17950  3.590000000000e+02  1.442740822580e+00
   18000  3.600000000000e+02  1.454262177815e+00
   18050  3.610000000000e+02  1.465346583496e+00
   18100  3.620000000000e+02  1.475983406112e+00
   18150  3.630000000000e+02  1.486162213874e+00
   18200  3.640000000000e+02  1.495872896865e+00
   18250  3.650000000000e+02  1.505105636656e+00
   18300  3.660000000000e+02  1.513850990740e+00
   18350  3.670000000000e+02  1.522100072539e+00
   18400  3.680000000000e+02  1.529844183954e+00
   18450  3.690000000000e+02  1.537075078027e+00
   18500  3.700000000000e+02  1.543784734758e+00
   18550  3.710000000000e+02  1.549965669736e+00
   18600  3.720000000000e+02  1.555610723097e+00
   18650  3.730000000000e+02  1.560713036548e+00
   18700  3.740000000000e+02  1.565266214494e+00
   18750  3.750000000000e+02  1.569264051263e+00
   18800  3.760000000000e+02  1.572700733724e+00
   18850  3.770000000000e+02  1.575570799106e+00
   18900  3.780000000000e+02  1.577869297628e+00
   18950  3.790000000000e+02  1.579591419280e+00
   19000  3.800000000000e+02  1.580732839993e+00
   19050  3.810000000000e+02  1.581289691503e+00
   19100  3.820000000000e+02  1.581258408913e+00
   19150  3.830000000000e+02  1.580635889239e+00
   19200  3.840000000000e+02  1.579419460655e+00
   19250  3.850000000000e+02  1.577606687839e+00
   19300  3.860000000000e+02  1.575195640699e+00
   19350  3.870000000000e+02  1.572184849253e+00
   19400  3.880000000000e+02  1.568572937094e+00
   19450  3.890000000000e+02  1.564359040349e+00
   19500  3.900000000000e+02  1.559542595935e+00
   19550  3.910000000000e+02  1.554123460190e+00
   19600  3.920000000000e+02  1.548101821967e+00
   19650  3.930000000000e+02  1.541478324823e+00
   19700  3.940000000000e+02  1.534253989546e+00
   19750  3.950000000000e+02  1.526430304960e+00
   19800  3.960000000000e+02  1.518009310859e+00
   19850  3.970000000000e+02  1.508993636258e+00
   19900  3.980000000000e+02  1.499386388052e+00
   19950  3.990000000000e+02  1.489191060130e+00
   20000  4.000000000000e+02  1.478411849183e+00
   20050  4.010000000000e+02  1.467053602675e+00
   20100  4.020000000000e+02  1.455121691209e+00
   20150  4.030000000000e+02  1.442622048347e+00
   20200  4.040000000000e+02  1.429561148023e+00
   20250  4.050000000000e+02  1.415946085914e+00
   20300  4.060000000000e+02  1.401784401151e+00
   20350  4.070000000000e+02  1.387084267585e+00
   20400  4.080000000000e+02  1.371854344772e+00
   20450  4.090000000000e+02  1.356103673061e+00
   20500  4.100000000000e+02  1.339841930643e+00
   20550  4.110000000000e+02  1.323079196915e+00
   20600  4.120000000000e+02  1.305826059434e+00
   20650  4.130000000000e+02  1.288093695296e+00
   20700  4.140000000000e+02  1.269893614286e+00
   20750  4.150000000000e+02  1.251237847567e+00
   20800  4.160000000000e+02  1.232138965866e+00
   20850  4.170000000000e+02  1.212610088517e+00
   20900  4.180000000000e+02  1.192664824945e+00
   20950  4.190000000000e+02  1.172317359493e+00
   21000  4.200000000000e+02  1.151582199971e+00
   21050  4.210000000000e+02  1.130474566986e+00
   21100  4.220000000000e+02  1.109010236741e+00
   21150  4.230000000000e+02  1.087205469531e+00
   21200  4.240000000000e+02  1.065077148506e+00
   21250  4.250000000000e+02  1.042642620654e+00
   21300  4.260000000000e+02  1.019919727282e+00
   21350  4.270000000000e+02  9.969268601039e-01
   21400  4.280000000000e+02  9.736830380789e-01
   21450  4.290000000000e+02  9.502077969244e-01
   21500  4.300000000000e+02  9.265211291515e-01
   21550  4.310000000000e+02  9.026434706475e-01
   21600  4.320000000000e+02  8.785958235017e-01
   21650  4.330000000000e+02  8.543996147092e-01
   21700  4.340000000000e+02  8.300768215825e-01
   21750  4.350000000000e+02  8.056496843436e-01
   21800  4.360000000000e+02  7.811409135296e-01
   21850  4.370000000000e+02  7.565735360155e-01
   21900  4.380000000000e+02  7.319709764033e-01
   21950  4.390000000000e+02  7.073570624550e-01
   22000  4.400000000000e+02  6.827558893018e-01
   22050  4.410000000000e+02  6.581918967180e-01
   22100  4.420000000000e+02  6.336898322188e-01
   22150  4.430000000000e+02  6.092747854214e-01
   22200  4.440000000000e+02  5.849720819223e-01
   22250  4.450000000000e+02  5.608073833462e-01
   22300  4.460000000000e+02  5.368065944911e-01
   22350  4.470000000000e+02  5.129957701125e-01
   22400  4.480000000000e+02  4.894012532705e-01
   22450  4.490000000000e+02  4.660495702869e-01
   22500  4.500000000000e+02  4.429673921030e-01
   22550  4.510000000000e+02  4.201814966891e-01
   22600  4.520000000000e+02  3.977187898570e-01
   22650  4.530000000000e+02  3.756063053198e-01
   22700  4.540000000000e+02  3.538710764579e-01
   22750  4.550000000000e+02  3.325401747505e-01
   22800  4.560000000000e+02  3.116406567822e-01
   22850  4.570000000000e+02  2.911995658501e-01
   22900  4.580000000000e+02  2.712438299260e-01
   22950  4.590000000000e+02  2.518002981867e-01
   23000  4.600000000000e+02  2.328956300274e-01
   23050  4.610000000000e+02  2.145562730650e-01
   23100  4.620000000000e+02  1.968084774866e-01
   23150  4.630000000000e+02  1.796781785728e-01
   23200  4.640000000000e+02  1.631910063339e-01
   23250  4.650000000000e+02  1.473722040035e-01
   23300  4.660000000000e+02  1.322466187643e-01
   23350  4.670000000000e+02  1.178386278006e-01
   23400  4.680000000000e+02  1.041721046786e-01
   23450  4.690000000000e+02  9.127037563365e-02
   23500  4.700000000000e+02  7.915619027420e-02
   23550  4.710000000000e+02  6.785161578051e-02
   23600  4.720000000000e+02  5.737807288546e-02
   23650  4.730000000000e+02  4.775625350646e-02
   23700  4.740000000000e+02  3.900608888655e-02
   23750  4.750000000000e+02  3.114670834119e-02
   23800  4.760000000000e+02  2.419638781085e-02
   23850  4.770000000000e+02  1.817254201696e-02
   23900  4.780000000000e+02  1.309167674980e-02
   23950  4.790000000000e+02  8.969355438987e-03
   24000  4.800000000000e+02  5.820181113956e-03
   24050  4.810000000000e+02  3.657751741769e-03
   24100  4.820000000000e+02  2.494637814016e-03
   24150  4.830000000000e+02  2.342363128688e-03
   24200  4.840000000000e+02  3.211363999543e-03
   24250  4.850000000000e+02  5.110958467670e-03
   24300  4.860000000000e+02  8.049309141854e-03
   24350  4.870000000000e+02  1.203339527323e-02
   24400  4.880000000000e+02  1.706897540720e-02
   24450  4.890000000000e+02  2.316056087938e-02
   24500  4.900000000000e+02  3.031136956721e-02
   24550  4.910000000000e+02  3.852334637111e-02
   24600  4.920000000000e+02  4.779714120367e-02
   24650  4.930000000000e+02  5.813214710023e-02
   24700  4.940000000000e+02  6.952648869414e-02
   24750  4.950000000000e+02  8.197708289711e-02
   24800  4.960000000000e+02  9.547967093139e-02
   24850  4.970000000000e+02  1.100289150122e-01
   24900  4.980000000000e+02  1.256183878777e-01
   24950  4.990000000000e+02  1.422406334187e-01
   25000  5.000000000000e+02  1.598871674784e-01
   25050  5.010000000000e+02  1.785484944197e-01
   25100  5.020000000000e+02  1.982140964200e-01
   25150  5.030000000000e+02  2.188723186538e-01
   25200  5.040000000000e+02  2.405103733987e-01
   25250  5.050000000000e+02  2.631141924293e-01
   25300  5.060000000000e+02  2.866684410750e-01
   25350  5.070000000000e+02  3.111564519329e-01
   25400  5.080000000000e+02  3.365600930224e-01
   25450  5.090000000000e+02  3.628598935905e-01
   25500  5.100000000000e+02  3.900350865130e-01
   25550  5.110000000000e+02  4.180638526894e-01
   25600  5.120000000000e+02  4.469234702566e-01
   25650  5.130000000000e+02  4.765906329959e-01
   25700  5.140000000000e+02  5.070416702262e-01
   25750  5.150000000000e+02  5.382528650622e-01
   25800  5.160000000000e+02  5.702006054855e-01
   25850  5.170000000000e+02  6.028616015417e-01
   25900  5.180000000000e+02  6.362128548399e-01
   25950  5.190000000000e+02  6.702315493478e-01
   26000  5.200000000000e+02  7.048947802354e-01
   26050  5.210000000000e+02  7.401791812103e-01
   26100  5.220000000000e+02  7.760605644398e-01
   26150  5.230000000000e+02  8.125134947364e-01
   26200  5.240000000000e+02  8.495108385302e-01
   26250  5.250000000000e+02  8.870235313717e-01
   26300  5.260000000000e+02  9.250206345012e-01
   26350  5.270000000000e+02  9.634693147801e-01
   26400  5.280000000000e+02  1.002335356424e+00
   26450  5.290000000000e+02  1.041583482693e+00
   26500  5.300000000000e+02  1.081178172034e+00
   26550  5.310000000000e+02  1.121084490927e+00
   26600  5.320000000000e+02  1.161268929306e+00
   26650  5.330000000000e+02  1.201699885245e+00
   26700  5.340000000000e+02  1.242348194506e+00
   26750  5.350000000000e+02  1.283187215198e+00
   26800  5.360000000000e+02  1.324192699147e+00
   26850  5.370000000000e+02  1.365342380889e+00
   26900  5.380000000000e+02  1.406615104639e+00
   26950  5.390000000000e+02  1.447989790069e+00
   27000  5.400000000000e+02  1.489444460737e+00
   27050  5.410000000000e+02  1.530955090498e+00
   27100  5.420000000000e+02  1.572494949596e+00
   27150  5.430000000000e+02  1.614033989344e+00
   27200  5.440000000000e+02  1.655538733562e+00
   27250  5.450000000000e+02  1.696972368039e+00
   27300  5.460000000000e+02  1.738295751797e+00
   27350  5.470000000000e+02  1.779468207301e+00
   27400  5.480000000000e+02  1.820449240472e+00
   27450  5.490000000000e+02  1.861199603621e+00
   27500  5.500000000000e+02  1.901682856242e+00
   27550  5.510000000000e+02  1.941866764174e+00
   27600  5.520000000000e+02  1.981723900901e+00
   27650  5.530000000000e+02  2.021232095049e+00
   27700  5.540000000000e+02  2.060374407064e+00
   27750  5.550000000000e+02  2.099138136348e+00
   27800  5.560000000000e+02  2.137513626482e+00
   27850  5.570000000000e+02  2.175492653317e+00
   27900  5.580000000000e+02  2.213066704151e+00
   27950  5.590000000000e+02  2.250225047281e+00
   28000  5.600000000000e+02  2.286953134423e+00
   28050  5.610000000000e+02  2.323231001144e+00
   28100  5.620000000000e+02  2.359032809377e+00
   28150  5.630000000000e+02  2.394326966709e+00
   28200  5.640000000000e+02  2.429076492923e+00
   28250  5.650000000000e+02  2.463240582378e+00
   28300  5.660000000000e+02  2.496776609346e+00
   28350  5.670000000000e+02  2.529642471447e+00
   28400  5.680000000000e+02  2.561799186894e+00
   28450  5.690000000000e+02  2.593213324936e+00
   28500  5.700000000000e+02  2.623858899190e+00
   28550  5.710000000000e+02  2.653718491588e+00
   28600  5.720000000000e+02  2.682783396404e+00
   28650  5.730000000000e+02  2.711052871116e+00
   28700  5.740000000000e+02  2.738532457964e+00
   28750  5.750000000000e+02  2.765231280682e+00
   28800  5.760000000000e+02  2.791158909526e+00
   28850  5.770000000000e+02  2.816322666493e+00
   28900  5.780000000000e+02  2.840725059815e+00
   28950  5.790000000000e+02  2.864361547149e+00
   29000  5.800000000000e+02  2.887219620838e+00
   29050  5.810000000000e+02  2.909278803196e+00
   29100  5.820000000000e+02  2.930511902536e+00
   29150  5.830000000000e+02  2.950886585028e+00
   29200  5.840000000000e+02  2.970368334501e+00
   29250  5.850000000000e+02  2.988922870705e+00
   29300  5.860000000000e+02  3.006518597820e+00
   29350  5.870000000000e+02  3.023128845758e+00
   29400  5.880000000000e+02  3.038732990516e+00
   29450  5.890000000000e+02  3.053317415444e+00
   29500  5.900000000000e+02  3.066875396140e+00
   29550  5.910000000000e+02  3.079406221795e+00
   29600  5.920000000000e+02  3.090914040673e+00
   29650  5.930000000000e+02  3.101406494892e+00
   29700  5.940000000000e+02  3.110893140921e+00
   29750  5.950000000000e+02  3.119384319209e+00
   29800  5.960000000000e+02  3.126890014284e+00
   29850  5.970000000000e+02  3.133418663028e+00
   29900  5.980000000000e+02  3.138976492652e+00
   29950  5.990000000000e+02  3.143566909597e+00
   30000  6.000000000000e+02  3.147190791824e+00
   30050  6.010000000000e+02  3.149845981616e+00
   30100  6.020000000000e+02  3.151527527210e+00
   30150  6.030000000000e+02  3.152228138998e+00
   30200  6.040000000000e+02  3.151938679779e+00
   30250  6.050000000000e+02  3.150649270669e+00
   30300  6.060000000000e+02  3.148349693918e+00
   30350  6.070000000000e+02  3.145030404452e+00
   30400  6.080000000000e+02  3.140683670919e+00
   30450  6.090000000000e+02  3.135303928117e+00
   30500  6.100000000000e+02  3.128888641186e+00
   30550  6.110000000000e+02  3.121438350326e+00
   30600  6.120000000000e+02  3.112956901315e+00
   30650  6.130000000000e+02  3.103450871042e+00
   30700  6.140000000000e+02  3.092929356939e+00
   30750  6.150000000000e+02  3.081403340612e+00
   30800  6.160000000000e+02  3.068885027138e+00
   30850  6.170000000000e+02  3.055387078382e+00
   30900  6.180000000000e+02  3.040922643504e+00
   30950  6.190000000000e+02  3.025504942642e+00
   31000  6.200000000000e+02  3.009147220021e+00
   31050  6.210000000000e+02  2.991862655355e+00
   31100  6.220000000000e+02  2.973664580827e+00
   31150  6.230000000000e+02  2.954566533911e+00
   31200  6.240000000000e+02  2.934581979570e+00
   31250  6.250000000000e+02  2.913724224430e+00
   31300  6.260000000000e+02  2.892005743820e+00
   31350  6.270000000000e+02  2.869437803084e+00
   31400  6.280000000000e+02  2.846030151364e+00
   31450  6.290000000000e+02  2.821790882051e+00
   31500  6.300000000000e+02  2.796727041034e+00
   31550  6.310000000000e+02  2.770844992480e+00
   31600  6.320000000000e+02  2.744151286195e+00
   31650  6.330000000000e+02  2.716653952923e+00
   31700  6.340000000000e+02  2.688364027337e+00
   31750  6.350000000000e+02  2.659296443553e+00
   31800  6.360000000000e+02  2.629470479952e+00
   31850  6.370000000000e+02  2.598910094552e+00
   31900  6.380000000000e+02  2.567642983252e+00
   31950  6.390000000000e+02  2.535699489713e+00
   32000  6.400000000000e+02  2.503110670894e+00
   32050  6.410000000000e+02  2.469906635120e+00
   32100  6.420000000000e+02  2.436114713664e+00
   32150  6.430000000000e+02  2.401758032602e+00
   32200  6.440000000000e+02  2.366855109449e+00
   32250  6.450000000000e+02  2.331420101017e+00
   32300  6.460000000000e+02  2.295463851532e+00
   32350  6.470000000000e+02  2.258995468102e+00
   32400  6.480000000000e+02  2.222024505475e+00
   32450  6.490000000000e+02  2.184562761971e+00
   32500  6.500000000000e+02  2.146626158365e+00
   32550  6.510000000000e+02  2.108235525844e+00
   32600  6.520000000000e+02  2.069417310681e+00
   32650  6.530000000000e+02  2.030202943773e+00
   32700  6.540000000000e+02  1.990627920926e+00
   32750  6.550000000000e+02  1.950730419484e+00
   32800  6.560000000000e+02  1.910549889428e+00
   32850  6.570000000000e+02  1.870125531711e+00
   32900  6.580000000000e+02  1.829495101270e+00
   32950  6.590000000000e+02  1.788694110240e+00
   33000  6.600000000000e+02  1.747755160369e+00
   33050  6.610000000000e+02  1.706707906662e+00
   33100  6.620000000000e+02  1.665579113148e+00
   33150  6.630000000000e+02  1.624393024082e+00
   33200  6.640000000000e+02  1.583171664261e+00
   33250  6.650000000000e+02  1.541935336061e+00
   33300  6.660000000000e+02  1.500703151891e+00
   33350  6.670000000000e+02  1.459493680374e+00
   33400  6.680000000000e+02  1.418325623173e+00
   33450  6.690000000000e+02  1.377218576147e+00
   33500  6.700000000000e+02  1.336193738893e+00
   33550  6.710000000000e+02  1.295274714964e+00
   33600  6.720000000000e+02  1.254487983163e+00
   33650  6.730000000000e+02  1.213862970781e+00
   33700  6.740000000000e+02  1.173432234705e+00
   33750  6.750000000000e+02  1.133231022328e+00
   33800  6.760000000000e+02  1.093296543789e+00
   33850  6.770000000000e+02  1.053667025973e+00
   33900  6.780000000000e+02  1.014380881883e+00
   33950  6.790000000000e+02  9.754757732814e-01
   34000  6.800000000000e+02  9.369878500264e-01
   34050  6.810000000000e+02  8.989511782357e-01
   34100  6.820000000000e+02  8.613975897991e-01
   34150  6.830000000000e+02  8.243567043129e-01
   34200  6.840000000000e+02  7.878560816545e-01
   34250  6.850000000000e+02  7.519217413158e-01
   34300  6.860000000000e+02  7.165785325979e-01
   34350  6.870000000000e+02  6.818505298779e-01
   34400  6.880000000000e+02  6.477613146244e-01
   34450  6.890000000000e+02  6.143342630006e-01
   34500  6.900000000000e+02  5.815925763307e-01
   34550  6.910000000000e+02  5.495593553647e-01
   34600  6.920000000000e+02  5.182575645776e-01
   34650  6.930000000000e+02  4.877099703413e-01
   34700  6.940000000000e+02  4.579389662960e-01
   34750  6.950000000000e+02  4.289665900757e-01
   34800  6.960000000000e+02  4.008143148847e-01
   34850  6.970000000000e+02  3.735030502127e-01
   34900  6.980000000000e+02  3.470529871098e-01
   34950  6.990000000000e+02  3.214834208325e-01
   35000  7.000000000000e+02  2.968126453867e-01
   35050  7.010000000000e+02  2.730578256121e-01
   35100  7.020000000000e+02  2.502349696731e-01
   35150  7.030000000000e+02  2.283588223770e-01
   35200  7.040000000000e+02  2.074429173095e-01
   35250  7.050000000000e+02  1.874995916763e-01
   35300  7.060000000000e+02  1.685400473390e-01
   35350  7.070000000000e+02  1.505745053947e-01
   35400  7.080000000000e+02  1.336122457247e-01
   35450  7.090000000000e+02  1.176617149526e-01
   35500  7.100000000000e+02  1.027304845555e-01
   35550  7.110000000000e+02  8.882528284957e-02
   35600  7.120000000000e+02  7.595192613808e-02
   35650  7.130000000000e+02  6.411519512827e-02
   35700  7.140000000000e+02  5.331880481876e-02
   35750  7.150000000000e+02  4.356527933849e-02
   35800  7.160000000000e+02  3.485585310771e-02
   35850  7.170000000000e+02  2.719043546543e-02
   35900  7.180000000000e+02  2.056754081411e-02
   35950  7.190000000000e+02  1.498428762615e-02
   36000  7.200000000000e+02  1.043641962113e-02
   36050  7.210000000000e+02  6.918350771390e-03
   36100  7.220000000000e+02  4.423222740517e-03
   36150  7.230000000000e+02  2.942973870273e-03
   36200  7.240000000000e+02  2.468407295655e-03
   36250  7.250000000000e+02  2.989243920323e-03
   36300  7.260000000000e+02  4.494159969228e-03
   36350  7.270000000000e+02  6.970799239596e-03
   36400  7.280000000000e+02  1.040577294560e-02
   36450  7.290000000000e+02  1.478466882288e-02
   36500  7.300000000000e+02  2.009203594419e-02
   36550  7.310000000000e+02  2.631142761056e-02
   36600  7.320000000000e+02  3.342542832711e-02
   36650  7.330000000000e+02  4.141579277051e-02
   36700  7.340000000000e+02  5.026351547398e-02
   36750  7.350000000000e+02  5.994897978885e-02
   36800  7.360000000000e+02  7.045212454695e-02
   36850  7.370000000000e+02  8.175255151996e-02
   36900  7.380000000000e+02  9.382958790304e-02
   36950  7.390000000000e+02  1.066623193021e-01
   37000  7.400000000000e+02  1.202295651950e-01
   37050  7.410000000000e+02  1.345097610376e-01
   37100  7.420000000000e+02  1.494808037581e-01
   37150  7.430000000000e+02  1.651199572135e-01
   37200  7.440000000000e+02  1.814036468753e-01
   37250  7.450000000000e+02  1.983073048019e-01
   37300  7.460000000000e+02  2.158052749484e-01
   37350  7.470000000000e+02  2.338707189793e-01
   37400  7.480000000000e+02  2.524758130214e-01
   37450  7.490000000000e+02  2.715918575921e-01
   37500  7.500000000000e+02  2.911895428207e-01
   37550  7.510000000000e+02  3.112394606699e-01
   37600  7.520000000000e+02  3.317122561083e-01
   37650  7.530000000000e+02  3.525790712782e-01
   37700  7.540000000000e+02  3.738119011203e-01
   37750  7.550000000000e+02  3.953836550575e-01
   37800  7.560000000000e+02  4.172681899309e-01
   37850  7.570000000000e+02  4.394402169748e-01
   37900  7.580000000000e+02  4.618751216779e-01
   37950  7.590000000000e+02  4.845486841774e-01
   38000  7.600000000000e+02  5.074368641083e-01
   38050  7.610000000000e+02  5.305156535985e-01
   38100  7.620000000000e+02  5.537610384990e-01
   38150  7.630000000000e+02  5.771490497404e-01
   38200  7.640000000000e+02  6.006558314641e-01
   38250  7.650000000000e+02  6.242577698722e-01
   38300  7.660000000000e+02  6.479316739616e-01
   38350  7.670000000000e+02  6.716545846594e-01
   38400  7.680000000000e+02  6.954037164690e-01
   38450  7.690000000000e+02  7.191562692782e-01
   38500  7.700000000000e+02  7.428889237257e-01
   38550  7.710000000000e+02  7.665774109291e-01
   38600  7.720000000000e+02  7.901963439821e-01
   38650  7.730000000000e+02  8.137192848337e-01
   38700  7.740000000000e+02  8.371191069232e-01
   38750  7.750000000000e+02  8.603687187327e-01
   38800  7.760000000000e+02  8.834420671454e-01
   38850  7.770000000000e+02  9.063152465973e-01
   38900  7.780000000000e+02  9.289674277800e-01
   38950  7.790000000000e+02  9.513813731746e-01
   39000  7.800000000000e+02  9.735434941567e-01
   39050  7.810000000000e+02  9.954431784561e-01
   39100  7.820000000000e+02  1.017071698970e+00
   39150  7.830000000000e+02  1.038421050843e+00
   39200  7.840000000000e+02  1.059482464313e+00
   39250  7.850000000000e+02  1.080245058757e+00
   39300  7.860000000000e+02  1.100694932773e+00
   39350  7.870000000000e+02  1.120814779485e+00
   39400  7.880000000000e+02  1.140584210935e+00
   39450  7.890000000000e+02  1.159980291088e+00
   39500  7.900000000000e+02  1.178978393314e+00
   39550  7.910000000000e+02  1.197553505205e+00
   39600  7.920000000000e+02  1.215681663290e+00
   39650  7.930000000000e+02  1.233341016372e+00
   39700  7.940000000000e+02  1.250512775494e+00
   39750  7.950000000000e+02  1.267181896615e+00
   39800  7.960000000000e+02  1.283337389944e+00
   39850  7.970000000000e+02  1.298972124558e+00
   39900  7.980000000000e+02  1.314082548387e+00
   39950  7.990000000000e+02  1.328668057131e+00
   40000  8.000000000000e+02  1.342730218084e+00
   40050  8.010000000000e+02  1.356271640524e+00
   40100  8.020000000000e+02  1.369295226185e+00
   40150  8.030000000000e+02  1.381803374231e+00
   40200  8.040000000000e+02  1.393797412798e+00
   40250  8.050000000000e+02  1.405276672314e+00
   40300  8.060000000000e+02  1.416238510001e+00
   40350  8.070000000000e+02  1.426677865055e+00
   40400  8.080000000000e+02  1.436587632770e+00
   40450  8.090000000000e+02  1.445958642042e+00
   40500  8.100000000000e+02  1.454780335856e+00
   40550  8.110000000000e+02  1.463041301167e+00
   40600  8.120000000000e+02  1.470729609786e+00
   40650  8.130000000000e+02  1.477833370580e+00
   40700  8.140000000000e+02  1.484341459326e+00
   40750  8.150000000000e+02  1.490244111940e+00
   40800  8.160000000000e+02  1.495533179516e+00
   40850  8.170000000000e+02  1.500202914971e+00
   40900  8.180000000000e+02  1.504250531862e+00
   40950  8.190000000000e+02  1.507676396549e+00
   41000  8.200000000000e+02  1.510484288120e+00
   41050  8.210000000000e+02  1.512681402092e+00
   41100  8.220000000000e+02  1.514277833744e+00
   41150  8.230000000000e+02  1.515285716709e+00
   41200  8.240000000000e+02  1.515718361450e+00
   41250  8.250000000000e+02  1.515589134728e+00
   41300  8.260000000000e+02  1.514910514940e+00
   41350  8.270000000000e+02  1.513692968402e+00
   41400  8.280000000000e+02  1.511944468894e+00
   41450  8.290000000000e+02  1.509670713990e+00
   41500  8.300000000000e+02  1.506875128052e+00
   41550  8.310000000000e+02  1.503559518204e+00
   41600  8.320000000000e+02  1.499724915252e+00
   41650  8.330000000000e+02  1.495372222523e+00
   41700  8.340000000000e+02  1.490502822605e+00
   41750  8.350000000000e+02  1.485118795250e+00
   41800  8.360000000000e+02  1.479223169806e+00
   41850  8.370000000000e+02  1.472819599940e+00
   41900  8.380000000000e+02  1.465911615860e+00
   41950  8.390000000000e+02  1.458502574899e+00
   42000  8.400000000000e+02  1.450595569848e+00
   42050  8.410000000000e+02  1.442193548541e+00
   42100  8.420000000000e+02  1.433299837815e+00
   42150  8.430000000000e+02  1.423918793355e+00
   42200  8.440000000000e+02  1.414056766130e+00
   42250  8.450000000000e+02  1.403722774127e+00
   42300  8.460000000000e+02  1.392929135855e+00
   42350  8.470000000000e+02  1.381691704321e+00
   42400  8.480000000000e+02  1.370029512089e+00
   42450  8.490000000000e+02  1.357963765851e+00
   42500  8.500000000000e+02  1.345517068200e+00
   42550  8.510000000000e+02  1.332712120655e+00
   42600  8.520000000000e+02  1.319570522629e+00
   42650  8.530000000000e+02  1.306111420656e+00
   42700  8.540000000000e+02  1.292350737448e+00
   42750  8.550000000000e+02  1.278300684254e+00
   42800  8.560000000000e+02  1.263969652297e+00
   42850  8.570000000000e+02  1.249362441767e+00
   42900  8.580000000000e+02  1.234481151561e+00
   42950  8.590000000000e+02  1.219326377118e+00
   43000  8.600000000000e+02  1.203897934516e+00
   43050  8.610000000000e+02  1.188196398867e+00
   43100  8.620000000000e+02  1.172224193366e+00
   43150  8.630000000000e+02  1.155986381884e+00
   43200  8.640000000000e+02  1.139491271631e+00
   43250  8.650000000000e+02  1.122750715262e+00
   43300  8.660000000000e+02  1.105780444394e+00
   43350  8.670000000000e+02  1.088599647109e+00
   43400  8.680000000000e+02  1.071229949218e+00
   43450  8.690000000000e+02  1.053694882493e+00
   43500  8.700000000000e+02  1.036018547417e+00
   43550  8.710000000000e+02  1.018224441060e+00
   43600  8.720000000000e+02  1.000334257325e+00
   43650  8.730000000000e+02  9.823668640071e-01
   43700  8.740000000000e+02  9.643376511429e-01
   43750  8.750000000000e+02  9.462582456556e-01
   43800  8.760000000000e+02  9.281365380412e-01
   43850  8.770000000000e+02  9.099776751717e-01
   43900  8.780000000000e+02  8.917847667747e-01
   43950  8.790000000000e+02  8.735597944505e-01
   44000  8.800000000000e+02  8.553049799967e-01
   44050  8.810000000000e+02  8.370237126712e-01
   44100  8.820000000000e+02  8.187214390975e-01
   44150  8.830000000000e+02  8.004059641428e-01
   44200  8.840000000000e+02  7.820877149926e-01
   44250  8.850000000000e+02  7.637796511577e-01
   44300  8.860000000000e+02  7.454967406386e-01
   44350  8.870000000000e+02  7.272552321738e-01
   44400  8.880000000000e+02  7.090720414748e-01
   44450  8.890000000000e+02  6.909641756520e-01
   44500  8.900000000000e+02  6.729479758971e-01
   44550  8.910000000000e+02  6.550388631706e-01
   44600  8.920000000000e+02  6.372514104526e-01
   44650  8.930000000000e+02  6.195992865241e-01
   44700  8.940000000000e+02  6.020953313601e-01
   44750  8.950000000000e+02  5.847518474439e-01
   44800  8.960000000000e+02  5.675806973314e-01
   44850  8.970000000000e+02  5.505931922968e-01
   44900  8.980000000000e+02  5.337998859347e-01
   44950  8.990000000000e+02  5.172103450911e-01
   45000  9.000000000000e+02  5.008328743607e-01
   45050  9.010000000000e+02  4.846741791421e-01
   45100  9.020000000000e+02  4.687393470222e-01
   45150  9.030000000000e+02  4.530321146924e-01
   45200  9.040000000000e+02  4.375551732632e-01
   45250  9.050000000000e+02  4.223104767333e-01
   45300  9.060000000000e+02  4.072997814963e-01
   45350  9.070000000000e+02  3.925253206053e-01
   45400  9.080000000000e+02  3.779899951096e-01
   45450  9.090000000000e+02  3.636974925698e-01
   45500  9.100000000000e+02  3.496523586571e-01
   45550  9.110000000000e+02  3.358598407772e-01
   45600  9.120000000000e+02  3.223255410862e-01
   45650  9.130000000000e+02  3.090550601351e-01
   45700  9.140000000000e+02  2.960537369171e-01
   45750  9.150000000000e+02  2.833264875023e-01
   45800  9.160000000000e+02  2.708774525483e-01
   45850  9.170000000000e+02  2.587100538919e-01
   45900  9.180000000000e+02  2.468271334925e-01
   45950  9.190000000000e+02  2.352310278592e-01
   46000  9.200000000000e+02  2.239236437970e-01
   46050  9.210000000000e+02  2.129066547510e-01
   46100  9.220000000000e+02  2.021816349075e-01
   46150  9.230000000000e+02  1.917501437646e-01
   46200  9.240000000000e+02  1.816136815984e-01
   46250  9.250000000000e+02  1.717737098343e-01
   46300  9.260000000000e+02  1.622316771697e-01
   46350  9.270000000000e+02  1.529888256646e-01
   46400  9.280000000000e+02  1.440460393029e-01
   46450  9.290000000000e+02  1.354039074494e-01
   46500  9.300000000000e+02  1.270626320445e-01
   46550  9.310000000000e+02  1.190218872529e-01
   46600  9.320000000000e+02  1.112808716208e-01
   46650  9.330000000000e+02  1.038383745072e-01
   46700  9.340000000000e+02  9.669277290049e-02
   46750  9.350000000000e+02  8.984201505184e-02
   46800  9.360000000000e+02  8.328377592583e-02
   46850  9.370000000000e+02  7.701551749110e-02
   46900  9.380000000000e+02  7.103443642458e-02
   46950  9.390000000000e+02  6.533741671813e-02
   47000  9.400000000000e+02  5.992104153799e-02
   47050  9.410000000000e+02  5.478156916382e-02
   47100  9.420000000000e+02  4.991483595384e-02
   47150  9.430000000000e+02  4.531618325837e-02
   47200  9.440000000000e+02  4.098057983363e-02
   47250  9.450000000000e+02  3.690266042653e-02
   47300  9.460000000000e+02  3.307672547408e-02
   47350  9.470000000000e+02  2.949689842875e-02
   47400  9.480000000000e+02  2.615724786120e-02
   47450  9.490000000000e+02  2.305186297732e-02
   47500  9.500000000000e+02  2.017488666479e-02
   47550  9.510000000000e+02  1.752058886526e-02
   47600  9.520000000000e+02  1.508335604272e-02
   47650  9.530000000000e+02  1.285766164142e-02
   47700  9.540000000000e+02  1.083803786565e-02
   47750  9.550000000000e+02  9.019096852266e-03
   47800  9.560000000000e+02  7.395518555438e-03
   47850  9.570000000000e+02  5.961986078401e-03
   47900  9.580000000000e+02  4.713153478957e-03
   47950  9.590000000000e+02  3.643645596468e-03
   48000  9.600000000000e+02  2.748021628590e-03
   48050  9.610000000000e+02  2.020735639225e-03
   48100  9.620000000000e+02  1.456132512628e-03
   48150  9.630000000000e+02  1.048434077174e-03
   48200  9.640000000000e+02  7.917354043166e-04
   48250  9.650000000000e+02  6.800206256062e-04
   48300  9.660000000000e+02  7.071876420978e-04
   48350  9.670000000000e+02  8.670681170087e-04
   48400  9.680000000000e+02  1.153452571851e-03
   48450  9.690000000000e+02  1.560121036816e-03
   48500  9.700000000000e+02  2.080859450362e-03
   48550  9.710000000000e+02  2.709473827167e-03
   48600  9.720000000000e+02  3.439809907592e-03
   48650  9.730000000000e+02  4.265772769112e-03
   48700  9.740000000000e+02  5.181321986774e-03
   48750  9.750000000000e+02  6.180500708812e-03
   48800  9.760000000000e+02  7.257483168200e-03
   48850  9.770000000000e+02  8.406569073231e-03
   48900  9.780000000000e+02  9.622197794338e-03
   48950  9.790000000000e+02  1.089896739848e-02
   49000  9.800000000000e+02  1.223162992762e-02
   49050  9.810000000000e+02  1.361504878631e-02
   49100  9.820000000000e+02  1.504417400752e-02
   49150  9.830000000000e+02  1.651407290511e-02
   49200  9.840000000000e+02  1.801993635689e-02
   49250  9.850000000000e+02  1.955704616900e-02
   49300  9.860000000000e+02  2.112082048693e-02
   49350  9.870000000000e+02  2.270686021354e-02
   49400  9.880000000000e+02  2.431096575855e-02
   49450  9.890000000000e+02  2.592910446261e-02
   49500  9.900000000000e+02  2.755745122390e-02
   49550  9.910000000000e+02  2.919238589427e-02
   49600  9.920000000000e+02  3.083042750934e-02
   49650  9.930000000000e+02  3.246817877867e-02
   49700  9.940000000000e+02  3.410238363196e-02
   49750  9.950000000000e+02  3.572989705407e-02
   49800  9.960000000000e+02  3.734762179697e-02
   49850  9.970000000000e+02  3.895249780515e-02
   49900  9.980000000000e+02  4.054155938234e-02
   49950  9.990000000000e+02  4.211192318558e-02
   50000  1.000000000000e+03  4.366074201570e-02
   50050  1.001000000000e+03  4.518522685259e-02
   50100  1.002000000000e+03  4.668271447328e-02
   50150  1.003000000000e+03  4.815060878017e-02
   50200  1.004000000000e+03  4.958631851494e-02
   50250  1.005000000000e+03  5.098729332964e-02
   50300  1.006000000000e+03  5.235103230869e-02
   50350  1.007000000000e+03  5.367504318351e-02
   50400  1.008000000000e+03  5.495683854390e-02
   50450  1.009000000000e+03  5.619406170344e-02
   50500  1.010000000000e+03  5.738451203730e-02
   50550  1.011000000000e+03  5.852611221742e-02
   50600  1.012000000000e+03  5.961696937632e-02
   50650  1.013000000000e+03  6.065546923495e-02
   50700  1.014000000000e+03  6.164023844276e-02
   50750  1.015000000000e+03  6.257003178576e-02
   50800  1.016000000000e+03  6.344383227923e-02
   50850  1.017000000000e+03  6.426088957578e-02
   50900  1.018000000000e+03  6.502066865372e-02
   50950  1.019000000000e+03  6.572286992020e-02
   51000  1.020000000000e+03  6.636752575559e-02
   51050  1.021000000000e+03  6.695498609909e-02
   51100  1.022000000000e+03  6.748582431072e-02
   51150  1.023000000000e+03  6.796078003860e-02
   51200  1.024000000000e+03  6.838075736890e-02
   51250  1.025000000000e+03  6.874671098838e-02
   51300  1.026000000000e+03  6.905952254301e-02
   51350  1.027000000000e+03  6.931994252787e-02
   51400  1.028000000000e+03  6.952864734968e-02
   51450  1.029000000000e+03  6.968617097307e-02
   51500  1.030000000000e+03  6.979281230654e-02
   51550  1.031000000000e+03  6.984878946508e-02
   51600  1.032000000000e+03  6.985434362982e-02
   51650  1.033000000000e+03  6.980970526050e-02
   51700  1.034000000000e+03  6.971516369095e-02
   51750  1.035000000000e+03  6.957118306812e-02
   51800  1.036000000000e+03  6.937845913479e-02
   51850  1.037000000000e+03  6.913777973098e-02
   51900  1.038000000000e+03  6.885002020258e-02
   51950  1.039000000000e+03  6.851623890012e-02
   52000  1.040000000000e+03  6.813756843683e-02
   52050  1.041000000000e+03  6.771516568934e-02
   52100  1.042000000000e+03  6.725029578415e-02
   52150  1.043000000000e+03  6.674445391570e-02
   52200  1.044000000000e+03  6.619931657469e-02
   52250  1.045000000000e+03  6.561664095531e-02
   52300  1.046000000000e+03  6.499839627483e-02
   52350  1.047000000000e+03  6.434671874987e-02
   52400  1.048000000000e+03  6.366370530333e-02
   52450  1.049000000000e+03  6.295136592969e-02
   52500  1.050000000000e+03  6.221163497005e-02
   52550  1.051000000000e+03  6.144632115405e-02
   52600  1.052000000000e+03  6.065699502784e-02
   52650  1.053000000000e+03  5.984503399859e-02
   52700  1.054000000000e+03  5.901178750629e-02
   52750  1.055000000000e+03  5.815856104255e-02
   52800  1.056000000000e+03  5.728653547727e-02
   52850  1.057000000000e+03  5.639696136463e-02
   52900  1.058000000000e+03  5.549116217790e-02
   52950  1.059000000000e+03  5.457039905547e-02
   53000  1.060000000000e+03  5.363581953089e-02
   53050  1.061000000000e+03  5.268848836133e-02
   53100  1.062000000000e+03  5.172932869655e-02
   53150  1.063000000000e+03  5.075904316268e-02
   53200  1.064000000000e+03  4.977809099073e-02
   53250  1.065000000000e+03  4.878684925886e-02
   53300  1.066000000000e+03  4.778564650324e-02
   53350  1.067000000000e+03  4.677477733178e-02
   53400  1.068000000000e+03  4.575466186988e-02
   53450  1.069000000000e+03  4.472598059025e-02
   53500  1.070000000000e+03  4.368965403430e-02
   53550  1.071000000000e+03  4.264677817148e-02
   53600  1.072000000000e+03  4.159874058866e-02
   53650  1.073000000000e+03  4.054717822358e-02
   53700  1.074000000000e+03  3.949380675356e-02
   53750  1.075000000000e+03  3.844037937240e-02
   53800  1.076000000000e+03  3.738873261667e-02
   53850  1.077000000000e+03  3.634073675241e-02
   53900  1.078000000000e+03  3.529819870855e-02
   53950  1.079000000000e+03  3.426285973984e-02
   54000  1.080000000000e+03  3.323649990390e-02
   54050  1.081000000000e+03  3.222083130811e-02
   54100  1.082000000000e+03  3.121739703971e-02
   54150  1.083000000000e+03  3.022761188460e-02
   54200  1.084000000000e+03  2.925281954460e-02
   54250  1.085000000000e+03  2.829417477758e-02
   54300  1.086000000000e+03  2.735258405194e-02
   54350  1.087000000000e+03  2.642883508993e-02
   54400  1.088000000000e+03  2.552360169964e-02
   54450  1.089000000000e+03  2.463737762581e-02
   54500  1.090000000000e+03  2.377048363735e-02
   54550  1.091000000000e+03  2.292315727773e-02
   54600  1.092000000000e+03  2.209552834985e-02
   54650  1.093000000000e+03  2.128752279362e-02
   54700  1.094000000000e+03  2.049894566460e-02
   54750  1.095000000000e+03  1.972952890030e-02
   54800  1.096000000000e+03  1.897890098901e-02
   54850  1.097000000000e+03  1.824656940093e-02
   54900  1.098000000000e+03  1.753201762849e-02
   54950  1.099000000000e+03  1.683477301115e-02
   55000  1.100000000000e+03  1.615437398472e-02
   55050  1.101000000000e+03  1.549038205469e-02
   55100  1.102000000000e+03  1.484248298314e-02
   55150  1.103000000000e+03  1.421046766709e-02
   55200  1.104000000000e+03  1.359415039941e-02
   55250  1.105000000000e+03  1.299337717064e-02
   55300  1.106000000000e+03  1.240806549924e-02
   55350  1.107000000000e+03  1.183816544840e-02
   55400  1.108000000000e+03  1.128359985722e-02
   55450  1.109000000000e+03  1.074430456413e-02
   55500  1.110000000000e+03  1.022029876789e-02
   55550  1.111000000000e+03  9.711641498721e-03
   55600  1.112000000000e+03  9.218411439650e-03
   55650  1.113000000000e+03  8.740775914446e-03
   55700  1.114000000000e+03  8.278982630272e-03
   55750  1.115000000000e+03  7.833283666205e-03
   55800  1.116000000000e+03  7.403902002820e-03
   55850  1.117000000000e+03  6.991072550817e-03
   55900  1.118000000000e+03  6.594988925586e-03
   55950  1.119000000000e+03  6.215760050287e-03
   56000  1.120000000000e+03  5.853407722421e-03
   56050  1.121000000000e+03  5.507911419381e-03
   56100  1.122000000000e+03  5.179178808660e-03
   56150  1.123000000000e+03  4.867009990740e-03
   56200  1.124000000000e+03  4.571133385056e-03
   56250  1.125000000000e+03  4.291228927872e-03
   56300  1.126000000000e+03  4.026886076505e-03
   56350  1.127000000000e+03  3.777602803098e-03
   56400  1.128000000000e+03  3.542836538413e-03
   56450  1.129000000000e+03  3.322003297237e-03
   56500  1.130000000000e+03  3.114450072885e-03
   56550  1.131000000000e+03  2.919483342493e-03
   56600  1.132000000000e+03  2.736416186942e-03
   56650  1.133000000000e+03  2.564570969433e-03
   56700  1.134000000000e+03  2.403267718799e-03
   56750  1.135000000000e+03  2.251854693960e-03
   56800  1.136000000000e+03  2.109745307016e-03
   56850  1.137000000000e+03  1.976394441913e-03
   56900  1.138000000000e+03  1.851286851012e-03
   56950  1.139000000000e+03  1.733950290514e-03
   57000  1.140000000000e+03  1.623955017124e-03
   57050  1.141000000000e+03  1.520874896648e-03
   57100  1.142000000000e+03  1.424290960327e-03
   57150  1.143000000000e+03  1.333818888596e-03
   57200  1.144000000000e+03  1.249099824771e-03
   57250  1.145000000000e+03  1.169793546561e-03
   57300  1.146000000000e+03  1.095589135045e-03
   57350  1.147000000000e+03  1.026226912660e-03
   57400  1.148000000000e+03  9.614900327757e-04
   57450  1.149000000000e+03  9.011830375974e-04
   57500  1.150000000000e+03  8.451380991552e-04
   57550  1.151000000000e+03  7.932162671621e-04
   57600  1.152000000000e+03  7.452802677615e-04
   57650  1.153000000000e+03  7.011829865413e-04
   57700  1.154000000000e+03  6.607779925695e-04
   57750  1.155000000000e+03  6.239134463669e-04
   57800  1.156000000000e+03  5.904175251760e-04
   57850  1.157000000000e+03  5.601045639366e-04
   57900  1.158000000000e+03  5.327873441010e-04
   57950  1.159000000000e+03  5.082770814729e-04
   58000  1.160000000000e+03  4.863774114927e-04
   58050  1.161000000000e+03  4.668937381928e-04
   58100  1.162000000000e+03  4.496416676991e-04
   58150  1.163000000000e+03  4.344426121484e-04
   58200  1.164000000000e+03  4.211183707536e-04
   58250  1.165000000000e+03  4.094996451727e-04
   58300  1.166000000000e+03  3.994278329885e-04
   58350  1.167000000000e+03  3.907480083486e-04
   58400  1.168000000000e+03  3.833093887323e-04
   58450  1.169000000000e+03  3.769725658229e-04
   58500  1.170000000000e+03  3.716085932965e-04
   58550  1.171000000000e+03  3.670950012323e-04
   58600  1.172000000000e+03  3.633183076593e-04
   58650  1.173000000000e+03  3.601775681410e-04
   58700  1.174000000000e+03  3.575824112432e-04
   58750  1.175000000000e+03  3.554493090997e-04
   58800  1.176000000000e+03  3.537048039678e-04
   58850  1.177000000000e+03  3.522865347912e-04
   58900  1.178000000000e+03  3.511398452934e-04
   58950  1.179000000000e+03  3.502167669757e-04
   59000  1.180000000000e+03  3.494775252531e-04
   59050  1.181000000000e+03  3.488895894894e-04
   59100  1.182000000000e+03  3.484246955227e-04
   59150  1.183000000000e+03  3.480584681943e-04
   59200  1.184000000000e+03  3.477710900172e-04
   59250  1.185000000000e+03  3.475462730656e-04
   59300  1.186000000000e+03  3.473701534835e-04
   59350  1.187000000000e+03  3.472317389384e-04
   59400  1.188000000000e+03  3.471231279918e-04
   59450  1.189000000000e+03  3.470385101179e-04
   59500  1.190000000000e+03  3.469735399305e-04
   59550  1.191000000000e+03  3.469251445525e-04
   59600  1.192000000000e+03  3.468910420594e-04
   59650  1.193000000000e+03  3.468690504463e-04
   59700  1.194000000000e+03  3.468569226273e-04
   59750  1.195000000000e+03  3.468524101007e-04
   59800  1.196000000000e+03  3.468532646528e-04
   59850  1.197000000000e+03  3.468573238416e-04
   59900  1.198000000000e+03  3.468627046684e-04
   59950  1.199000000000e+03  3.468679007435e-04
   60000  1.200000000000e+03  3.468718470193e-04
   60050  1.201000000000e+03  3.468740050211e-04
   60100  1.202000000000e+03  3.468744046757e-04
   60150  1.203000000000e+03  3.468734208562e-04
   60200  1.204000000000e+03  3.468716440811e-04
   60250  1.205000000000e+03  3.468696817549e-04
   60300  1.206000000000e+03  3.468679119113e-04
   60350  1.207000000000e+03  3.468662889122e-04
   60400  1.208000000000e+03  3.468642874913e-04
   60450  1.209000000000e+03  3.468610657173e-04
   60500  1.210000000000e+03  3.468558385017e-04
   60550  1.211000000000e+03  3.468483551476e-04
   60600  1.212000000000e+03  3.468392616898e-04
   60650  1.213000000000e+03  3.468301688358e-04
   60700  1.214000000000e+03  3.468233031120e-04
   60750  1.215000000000e+03  3.468208082171e-04
   60800  1.216000000000e+03  3.468239236025e-04
   60850  1.217000000000e+03  3.468324057945e-04
   60900  1.218000000000e+03  3.468443785872e-04
   60950  1.219000000000e+03  3.468567316460e-04
   61000  1.220000000000e+03  3.468659669422e-04
   61050  1.221000000000e+03  3.468692219971e-04
   61100  1.222000000000e+03  3.468650824922e-04
   61150  1.223000000000e+03  3.468539523155e-04
   61200  1.224000000000e+03  3.468379150258e-04
   61250  1.225000000000e+03  3.468201443127e-04
   61300  1.226000000000e+03  3.468040164245e-04
   61350  1.227000000000e+03  3.467922495611e-04
   61400  1.228000000000e+03  3.467863487901e-04
   61450  1.229000000000e+03  3.467864207978e-04
   61500  1.230000000000e+03  3.467913182248e-04
   61550  1.231000000000e+03  3.467990844906e-04
   61600  1.232000000000e+03  3.468075505143e-04
   61650  1.233000000000e+03  3.468148527851e-04
   61700  1.234000000000e+03  3.468197801736e-04
   61750  1.235000000000e+03  3.468219087120e-04
   61800  1.236000000000e+03  3.468215034711e-04
   61850  1.237000000000e+03  3.468192670391e-04
   61900  1.238000000000e+03  3.468160632840e-04
   61950  1.239000000000e+03  3.468126494385e-04
   62000  1.240000000000e+03  3.468094646413e-04
   62050  1.241000000000e+03  3.468065860255e-04
   62100  1.242000000000e+03  3.468037951719e-04
   62150  1.243000000000e+03  3.468006565088e-04
   62200  1.244000000000e+03  3.467966835860e-04
   62250  1.245000000000e+03  3.467916049580e-04
   62300  1.246000000000e+03  3.467855304432e-04
   62350  1.247000000000e+03  3.467789893937e-04
   62400  1.248000000000e+03  3.467729267470e-04
   62450  1.249000000000e+03  3.467685598100e-04
   62500  1.250000000000e+03  3.467671070507e-04
   62550  1.251000000000e+03  3.467694895305e-04
   62600  1.252000000000e+03  3.467760533975e-04
   62650  1.253000000000e+03  3.467863174837e-04
   62700  1.254000000000e+03  3.467989146829e-04
   62750  1.255000000000e+03  3.468117458401e-04
   62800  1.256000000000e+03  3.468222650293e-04
   62850  1.257000000000e+03  3.468279381354e-04
   62900  1.258000000000e+03  3.468268486779e-04
   62950  1.259000000000e+03  3.468181612493e-04
   63000  1.260000000000e+03  3.468023374589e-04
   63050  1.261000000000e+03  3.467811749768e-04
   63100  1.262000000000e+03  3.467575981805e-04
   63150  1.263000000000e+03  3.467350646097e-04
   63200  1.264000000000e+03  3.467168502783e-04
   63250  1.265000000000e+03  3.467054550885e-04
   63300  1.266000000000e+03  3.467021938965e-04
   63350  1.267000000000e+03  3.467069941337e-04
   63400  1.268000000000e+03  3.467185153857e-04
   63450  1.269000000000e+03  3.467345660440e-04
   63500  1.270000000000e+03  3.467526087753e-04
   63550  1.271000000000e+03  3.467702391999e-04
   63600  1.272000000000e+03  3.467855263944e-04
   63650  1.273000000000e+03  3.467971683666e-04
   63700  1.274000000000e+03  3.468044835790e-04
   63750  1.275000000000e+03  3.468073260356e-04
   63800  1.276000000000e+03  3.468058723550e-04
   63850  1.277000000000e+03  3.468003593162e-04
   63900  1.278000000000e+03  3.467909880909e-04
   63950  1.279000000000e+03  3.467779512897e-04
   64000  1.280000000000e+03  3.467614615490e-04
   64050  1.281000000000e+03  3.467419146872e-04
   64100  1.282000000000e+03  3.467202211550e-04
   64150  1.283000000000e+03  3.466980782039e-04
   64200  1.284000000000e+03  3.466779510617e-04
   64250  1.285000000000e+03  3.466628607394e-04
   64300  1.286000000000e+03  3.466559045571e-04
   64350  1.287000000000e+03  3.466595067883e-04
   64400  1.288000000000e+03  3.466745972033e-04
   64450  1.289000000000e+03  3.466999990421e-04
   64500  1.290000000000e+03  3.467322585570e-04
   64550  1.291000000000e+03  3.467661119634e-04
   64600  1.292000000000e+03  3.467955418851e-04
   64650  1.293000000000e+03  3.468151084810e-04
   64700  1.294000000000e+03  3.468212276484e-04
   64750  1.295000000000e+03  3.468131144127e-04
   64800  1.296000000000e+03  3.467929492925e-04
   64850  1.297000000000e+03  3.467650799152e-04
   64900  1.298000000000e+03  3.467347422585e-04
   64950  1.299000000000e+03  3.467068434775e-04
   65000  1.300000000000e+03  3.466848755904e-04
