################################################################################
# HEADER
# nspin         1
#%
# nik       186
#  st         1      26
# ust         1      26
# Iter             t            #  iter t Nex(t)  
################################################################################
       0  0.000000000000e+00 -7.722988915049e-15
      50  7.500000000000e-01  4.924151364438e-12
     100  1.500000000000e+00  1.945530542224e-11
     150  2.250000000000e+00  1.494756610154e-10
     200  3.000000000000e+00  7.772356022673e-10
     250  3.750000000000e+00  2.773097543263e-09
     300  4.500000000000e+00  7.681918288982e-09
     350  5.250000000000e+00  1.787013804988e-08
     400  6.000000000000e+00  3.666460342971e-08
     450  6.750000000000e+00  6.848851336755e-08
     500  7.500000000000e+00  1.190839963722e-07
     550  8.250000000000e+00  1.957599151114e-07
     600  9.000000000000e+00  3.076521734660e-07
     650  9.750000000000e+00  4.659540968552e-07
     700  1.050000000000e+01  6.839866765057e-07
     750  1.125000000000e+01  9.772882169565e-07
     800  1.200000000000e+01  1.363614219298e-06
     850  1.275000000000e+01  1.862916693594e-06
     900  1.350000000000e+01  2.497223200927e-06
     950  1.425000000000e+01  3.290133150022e-06
    1000  1.500000000000e+01  4.266214216522e-06
    1050  1.575000000000e+01  5.451004485055e-06
    1100  1.650000000000e+01  6.870933453917e-06
    1150  1.725000000000e+01  8.552837694263e-06
    1200  1.800000000000e+01  1.052361207674e-05
    1250  1.875000000000e+01  1.280975372338e-05
    1300  1.950000000000e+01  1.543669277983e-05
    1350  2.025000000000e+01  1.842760771048e-05
    1400  2.100000000000e+01  2.180276715143e-05
    1450  2.175000000000e+01  2.557846962666e-05
    1500  2.250000000000e+01  2.976640416685e-05
    1550  2.325000000000e+01  3.437290548680e-05
    1600  2.400000000000e+01  3.939814392241e-05
    1650  2.475000000000e+01  4.483451702132e-05
    1700  2.550000000000e+01  5.066654040145e-05
    1750  2.625000000000e+01  5.687075702212e-05
    1800  2.700000000000e+01  6.341580244452e-05
    1850  2.775000000000e+01  7.026262098511e-05
    1900  2.850000000000e+01  7.736357227976e-05
    1950  2.925000000000e+01  8.466257413432e-05
    2000  3.000000000000e+01  9.209493077229e-05
    2050  3.075000000000e+01  9.958666472503e-05
    2100  3.150000000000e+01  1.070562774536e-04
    2150  3.225000000000e+01  1.144149398619e-04
    2200  3.300000000000e+01  1.215677036163e-04
    2250  3.375000000000e+01  1.284149305776e-04
    2300  3.450000000000e+01  1.348525933142e-04
    2350  3.525000000000e+01  1.407746892166e-04
    2400  3.600000000000e+01  1.460741325678e-04
    2450  3.675000000000e+01  1.506450074771e-04
    2500  3.750000000000e+01  1.543847878123e-04
    2550  3.825000000000e+01  1.571966018089e-04
    2600  3.900000000000e+01  1.589916073986e-04
    2650  3.975000000000e+01  1.596914256802e-04
    2700  4.050000000000e+01  1.592297144202e-04
    2750  4.125000000000e+01  1.575552060826e-04
    2800  4.200000000000e+01  1.546339933815e-04
    2850  4.275000000000e+01  1.504533313557e-04
    2900  4.350000000000e+01  1.450246406786e-04
    2950  4.425000000000e+01  1.383853778940e-04
    3000  4.500000000000e+01  1.306011776003e-04
    3050  4.575000000000e+01  1.217673504645e-04
    3100  4.650000000000e+01  1.120103607619e-04
    3150  4.725000000000e+01  1.014900651054e-04
    3200  4.800000000000e+01  9.040104121787e-05
    3250  4.875000000000e+01  7.897324672066e-05
    3300  4.950000000000e+01  6.747246178635e-05
    3350  5.025000000000e+01  5.620005918350e-05
    3400  5.100000000000e+01  4.549223786914e-05
    3450  5.175000000000e+01  3.571861703088e-05
    3500  5.250000000000e+01  2.728062135357e-05
    3550  5.325000000000e+01  2.060958602743e-05
    3600  5.400000000000e+01  1.616369134465e-05
    3650  5.475000000000e+01  1.442464744700e-05
    3700  5.550000000000e+01  1.589380005843e-05
    3750  5.625000000000e+01  2.108787467368e-05
    3800  5.700000000000e+01  3.053430369233e-05
    3850  5.775000000000e+01  4.476587983714e-05
    3900  5.850000000000e+01  6.431479271658e-05
    3950  5.925000000000e+01  8.970600711965e-05
    4000  6.000000000000e+01  1.214507286949e-04
    4050  6.075000000000e+01  1.600390651687e-04
    4100  6.150000000000e+01  2.059327672579e-04
    4150  6.225000000000e+01  2.595580706615e-04
    4200  6.300000000000e+01  3.212972846387e-04
    4250  6.375000000000e+01  3.914807866797e-04
    4300  6.450000000000e+01  4.703798212192e-04
    4350  6.525000000000e+01  5.582002693965e-04
    4400  6.600000000000e+01  6.550764983002e-04
    4450  6.675000000000e+01  7.610644104116e-04
    4500  6.750000000000e+01  8.761347819909e-04
    4550  6.825000000000e+01  1.000168230699e-03
    4600  6.900000000000e+01  1.132948854393e-03
    4650  6.975000000000e+01  1.274161298671e-03
    4700  7.050000000000e+01  1.423386877890e-03
    4750  7.125000000000e+01  1.580101517697e-03
    4800  7.200000000000e+01  1.743676415624e-03
    4850  7.275000000000e+01  1.913377928781e-03
    4900  7.350000000000e+01  2.088368646256e-03
    4950  7.425000000000e+01  2.267709515336e-03
    5000  7.500000000000e+01  2.450361999545e-03
    5050  7.575000000000e+01  2.635196281758e-03
    5100  7.650000000000e+01  2.820997787901e-03
    5150  7.725000000000e+01  3.006475143468e-03
    5200  7.800000000000e+01  3.190267804808e-03
    5250  7.875000000000e+01  3.370958646601e-03
    5300  7.950000000000e+01  3.547083065362e-03
    5350  8.025000000000e+01  3.717143980653e-03
    5400  8.100000000000e+01  3.879623633177e-03
    5450  8.175000000000e+01  4.032999736911e-03
    5500  8.250000000000e+01  4.175761287655e-03
    5550  8.325000000000e+01  4.306425888286e-03
    5600  8.400000000000e+01  4.423553560490e-03
    5650  8.475000000000e+01  4.525766257247e-03
    5700  8.550000000000e+01  4.611764242554e-03
    5750  8.625000000000e+01  4.680345425188e-03
    5800  8.700000000000e+01  4.730421713011e-03
    5850  8.775000000000e+01  4.761038046759e-03
    5900  8.850000000000e+01  4.771387074764e-03
    5950  8.925000000000e+01  4.760825879904e-03
    6000  9.000000000000e+01  4.728893090444e-03
    6050  9.075000000000e+01  4.675325294187e-03
    6100  9.150000000000e+01  4.600070456505e-03
    6150  9.225000000000e+01  4.503299410032e-03
    6200  9.300000000000e+01  4.385412766849e-03
    6250  9.375000000000e+01  4.247050238322e-03
    6300  9.450000000000e+01  4.089095623936e-03
    6350  9.525000000000e+01  3.912680088268e-03
    6400  9.600000000000e+01  3.719185441559e-03
    6450  9.675000000000e+01  3.510245691394e-03
    6500  9.750000000000e+01  3.287740747387e-03
    6550  9.825000000000e+01  3.053792427151e-03
    6600  9.900000000000e+01  2.810751544098e-03
    6650  9.975000000000e+01  2.561189722117e-03
    6700  1.005000000000e+02  2.307885065373e-03
    6750  1.012500000000e+02  2.053806002367e-03
    6800  1.020000000000e+02  1.802091873722e-03
    6850  1.027500000000e+02  1.556031479877e-03
    6900  1.035000000000e+02  1.319037688649e-03
    6950  1.042500000000e+02  1.094622279699e-03
    7000  1.050000000000e+02  8.863665951102e-04
    7050  1.057500000000e+02  6.978933668772e-04
    7100  1.065000000000e+02  5.328346638961e-04
    7150  1.072500000000e+02  3.947980074236e-04
    7200  1.080000000000e+02  2.873311370566e-04
    7250  1.087500000000e+02  2.138864784645e-04
    7300  1.095000000000e+02  1.777845086421e-04
    7350  1.102500000000e+02  1.821765953165e-04
    7400  1.110000000000e+02  2.300086648181e-04
    7450  1.117500000000e+02  3.239852522769e-04
    7500  1.125000000000e+02  4.665350510755e-04
    7550  1.132500000000e+02  6.597773203664e-04
    7600  1.140000000000e+02  9.054901429861e-04
    7650  1.147500000000e+02  1.205080651497e-03
    7700  1.155000000000e+02  1.559558075602e-03
    7750  1.162500000000e+02  1.969509375716e-03
    7800  1.170000000000e+02  2.435075152157e-03
    7850  1.177500000000e+02  2.955931527420e-03
    7900  1.185000000000e+02  3.531275760369e-03
    7950  1.192500000000e+02  4.159817428543e-03
    8000  1.200000000000e+02  4.839768290437e-03
    8050  1.207500000000e+02  5.568843428329e-03
    8100  1.215000000000e+02  6.344260593158e-03
    8150  1.222500000000e+02  7.162749696738e-03
    8200  1.230000000000e+02  8.020566681867e-03
    8250  1.237500000000e+02  8.913507522242e-03
    8300  1.245000000000e+02  9.836928050263e-03
    8350  1.252500000000e+02  1.078577132557e-02
    8400  1.260000000000e+02  1.175459370590e-02
    8450  1.267500000000e+02  1.273760476265e-02
    8500  1.275000000000e+02  1.372869954171e-02
    8550  1.282500000000e+02  1.472150282980e-02
    8600  1.290000000000e+02  1.570941711510e-02
    8650  1.297500000000e+02  1.668567351461e-02
    8700  1.305000000000e+02  1.764337925441e-02
    8750  1.312500000000e+02  1.857558084514e-02
    8800  1.320000000000e+02  1.947531956971e-02
    8850  1.327500000000e+02  2.033569656800e-02
    8900  1.335000000000e+02  2.114992735281e-02
    8950  1.342500000000e+02  2.191140629515e-02
    9000  1.350000000000e+02  2.261376758776e-02
    9050  1.357500000000e+02  2.325094552860e-02
    9100  1.365000000000e+02  2.381723758380e-02
    9150  1.372500000000e+02  2.430736666604e-02
    9200  1.380000000000e+02  2.471653108455e-02
    9250  1.387500000000e+02  2.504046314676e-02
    9300  1.395000000000e+02  2.527547669447e-02
    9350  1.402500000000e+02  2.541851939608e-02
    9400  1.410000000000e+02  2.546721095148e-02
    9450  1.417500000000e+02  2.541987851118e-02
    9500  1.425000000000e+02  2.527559017951e-02
    9550  1.432500000000e+02  2.503418358048e-02
    9600  1.440000000000e+02  2.469628357273e-02
    9650  1.447500000000e+02  2.426332266751e-02
    9700  1.455000000000e+02  2.373753777991e-02
    9750  1.462500000000e+02  2.312198746080e-02
    9800  1.470000000000e+02  2.242054317409e-02
    9850  1.477500000000e+02  2.163787893658e-02
    9900  1.485000000000e+02  2.077945316015e-02
    9950  1.492500000000e+02  1.985149036796e-02
   10000  1.500000000000e+02  1.886094640351e-02
   10050  1.507500000000e+02  1.781547176338e-02
   10100  1.515000000000e+02  1.672336186749e-02
   10150  1.522500000000e+02  1.559350773400e-02
   10200  1.530000000000e+02  1.443534114360e-02
   10250  1.537500000000e+02  1.325876157352e-02
   10300  1.545000000000e+02  1.207407353166e-02
   10350  1.552500000000e+02  1.089190259971e-02
   10400  1.560000000000e+02  9.723123536414e-03
   10450  1.567500000000e+02  8.578768231723e-03
   10500  1.575000000000e+02  7.469942805685e-03
   10550  1.582500000000e+02  6.407730511526e-03
   10600  1.590000000000e+02  5.403100744829e-03
   10650  1.597500000000e+02  4.466811159109e-03
   10700  1.605000000000e+02  3.609314968337e-03
   10750  1.612500000000e+02  2.840662493509e-03
   10800  1.620000000000e+02  2.170410339284e-03
   10850  1.627500000000e+02  1.607526714448e-03
   10900  1.635000000000e+02  1.160301616016e-03
   10950  1.642500000000e+02  8.362614623661e-04
   11000  1.650000000000e+02  6.420876274745e-04
   11050  1.657500000000e+02  5.835409342312e-04
   11100  1.665000000000e+02  6.653928469115e-04
   11150  1.672500000000e+02  8.913636867324e-04
   11200  1.680000000000e+02  1.264069028907e-03
   11250  1.687500000000e+02  1.784975006554e-03
   11300  1.695000000000e+02  2.454363829616e-03
   11350  1.702500000000e+02  3.271307486042e-03
   11400  1.710000000000e+02  4.233653439833e-03
   11450  1.717500000000e+02  5.338019658672e-03
   11500  1.725000000000e+02  6.579799158259e-03
   11550  1.732500000000e+02  7.953178459829e-03
   11600  1.740000000000e+02  9.451166038794e-03
   11650  1.747500000000e+02  1.106562627749e-02
   11700  1.755000000000e+02  1.278733545136e-02
   11750  1.762500000000e+02  1.460603526137e-02
   11800  1.770000000000e+02  1.651050602033e-02
   11850  1.777500000000e+02  1.848864231729e-02
   11900  1.785000000000e+02  2.052754772446e-02
   11950  1.792500000000e+02  2.261362915774e-02
   12000  1.800000000000e+02  2.473269638288e-02
   12050  1.807500000000e+02  2.687007451100e-02
   12100  1.815000000000e+02  2.901071460046e-02
   12150  1.822500000000e+02  3.113931048343e-02
   12200  1.830000000000e+02  3.324042534242e-02
   12250  1.837500000000e+02  3.529861453931e-02
   12300  1.845000000000e+02  3.729855534102e-02
   12350  1.852500000000e+02  3.922517209412e-02
   12400  1.860000000000e+02  4.106375827965e-02
   12450  1.867500000000e+02  4.280009725265e-02
   12500  1.875000000000e+02  4.442058127391e-02
   12550  1.882500000000e+02  4.591232856541e-02
   12600  1.890000000000e+02  4.726329483596e-02
   12650  1.897500000000e+02  4.846238046636e-02
   12700  1.905000000000e+02  4.949952673017e-02
   12750  1.912500000000e+02  5.036581076955e-02
   12800  1.920000000000e+02  5.105352606503e-02
   12850  1.927500000000e+02  5.155626050896e-02
   12900  1.935000000000e+02  5.186895945545e-02
   12950  1.942500000000e+02  5.198798552635e-02
   13000  1.950000000000e+02  5.191116731839e-02
   13050  1.957500000000e+02  5.163783837492e-02
   13100  1.965000000000e+02  5.116885326244e-02
   13150  1.972500000000e+02  5.050660243251e-02
   13200  1.980000000000e+02  4.965501306492e-02
   13250  1.987500000000e+02  4.861953780866e-02
   13300  1.995000000000e+02  4.740713971331e-02
   13350  2.002500000000e+02  4.602625297998e-02
   13400  2.010000000000e+02  4.448674105473e-02
   13450  2.017500000000e+02  4.279983765141e-02
   13500  2.025000000000e+02  4.097806984305e-02
   13550  2.032500000000e+02  3.903518365114e-02
   13600  2.040000000000e+02  3.698605641220e-02
   13650  2.047500000000e+02  3.484659326566e-02
   13700  2.055000000000e+02  3.263361557918e-02
   13750  2.062500000000e+02  3.036474254435e-02
   13800  2.070000000000e+02  2.805825355791e-02
   13850  2.077500000000e+02  2.573295228603e-02
   13900  2.085000000000e+02  2.340802566211e-02
   13950  2.092500000000e+02  2.110290010506e-02
   14000  2.100000000000e+02  1.883708862194e-02
   14050  2.107500000000e+02  1.663003555522e-02
   14100  2.115000000000e+02  1.450095693793e-02
   14150  2.122500000000e+02  1.246867687781e-02
   14200  2.130000000000e+02  1.055147190917e-02
   14250  2.137500000000e+02  8.766914224977e-03
   14300  2.145000000000e+02  7.131720812233e-03
   14350  2.152500000000e+02  5.661604877582e-03
   14400  2.160000000000e+02  4.371130875771e-03
   14450  2.167500000000e+02  3.273581631456e-03
   14500  2.175000000000e+02  2.380830702359e-03
   14550  2.182500000000e+02  1.703230144350e-03
   14600  2.190000000000e+02  1.249507788166e-03
   14650  2.197500000000e+02  1.026678803264e-03
   14700  2.205000000000e+02  1.039968881331e-03
   14750  2.212500000000e+02  1.292753767042e-03
   14800  2.220000000000e+02  1.786514221395e-03
   14850  2.227500000000e+02  2.520806933179e-03
   14900  2.235000000000e+02  3.493252821336e-03
   14950  2.242500000000e+02  4.699544426625e-03
   15000  2.250000000000e+02  6.133466393750e-03
   15050  2.257500000000e+02  7.786933723919e-03
   15100  2.265000000000e+02  9.650046752681e-03
   15150  2.272500000000e+02  1.171116936902e-02
   15200  2.280000000000e+02  1.395701346661e-02
   15250  2.287500000000e+02  1.637274487457e-02
   15300  2.295000000000e+02  1.894210006076e-02
   15350  2.302500000000e+02  2.164751687997e-02
   15400  2.310000000000e+02  2.447027388349e-02
   15450  2.317500000000e+02  2.739063867150e-02
   15500  2.325000000000e+02  3.038803573922e-02
   15550  2.332500000000e+02  3.344120431671e-02
   15600  2.340000000000e+02  3.652837543628e-02
   15650  2.347500000000e+02  3.962744870855e-02
   15700  2.355000000000e+02  4.271616926483e-02
   15750  2.362500000000e+02  4.577230181443e-02
   15800  2.370000000000e+02  4.877380938870e-02
   15850  2.377500000000e+02  5.169902026885e-02
   15900  2.385000000000e+02  5.452680025495e-02
   15950  2.392500000000e+02  5.723671251676e-02
   16000  2.400000000000e+02  5.980917516310e-02
   16050  2.407500000000e+02  6.222560510477e-02
   16100  2.415000000000e+02  6.446855949311e-02
   16150  2.422500000000e+02  6.652186123113e-02
   16200  2.430000000000e+02  6.837071853033e-02
   16250  2.437500000000e+02  7.000183189816e-02
   16300  2.445000000000e+02  7.140348425305e-02
   16350  2.452500000000e+02  7.256563100494e-02
   16400  2.460000000000e+02  7.347996714040e-02
   16450  2.467500000000e+02  7.413998209526e-02
   16500  2.475000000000e+02  7.454100156391e-02
   16550  2.482500000000e+02  7.468022116679e-02
   16600  2.490000000000e+02  7.455671642086e-02
   16650  2.497500000000e+02  7.417146313590e-02
   16700  2.505000000000e+02  7.352731697862e-02
   16750  2.512500000000e+02  7.262897911786e-02
   16800  2.520000000000e+02  7.148297282540e-02
   16850  2.527500000000e+02  7.009759262614e-02
   16900  2.535000000000e+02  6.848284415721e-02
   16950  2.542500000000e+02  6.665037431726e-02
   17000  2.550000000000e+02  6.461338725520e-02
   17050  2.557500000000e+02  6.238654487655e-02
   17100  2.565000000000e+02  5.998586471491e-02
   17150  2.572500000000e+02  5.742860002046e-02
   17200  2.580000000000e+02  5.473311695362e-02
   17250  2.587500000000e+02  5.191876729887e-02
   17300  2.595000000000e+02  4.900574718193e-02
   17350  2.602500000000e+02  4.601494792606e-02
   17400  2.610000000000e+02  4.296780691768e-02
   17450  2.617500000000e+02  3.988614339515e-02
   17500  2.625000000000e+02  3.679199181727e-02
   17550  2.632500000000e+02  3.370743344618e-02
   17600  2.640000000000e+02  3.065443023015e-02
   17650  2.647500000000e+02  2.765465218289e-02
   17700  2.655000000000e+02  2.472930899825e-02
   17750  2.662500000000e+02  2.189898383670e-02
   17800  2.670000000000e+02  1.918346573423e-02
   17850  2.677500000000e+02  1.660158915674e-02
   17900  2.685000000000e+02  1.417108130143e-02
   17950  2.692500000000e+02  1.190841987108e-02
   18000  2.700000000000e+02  9.828693763932e-03
   18050  2.707500000000e+02  7.945480450018e-03
   18100  2.715000000000e+02  6.270737595247e-03
   18150  2.722500000000e+02  4.814701803476e-03
   18200  2.730000000000e+02  3.585804894378e-03
   18250  2.737500000000e+02  2.590607405896e-03
   18300  2.745000000000e+02  1.833747966120e-03
   18350  2.752500000000e+02  1.317910545312e-03
   18400  2.760000000000e+02  1.043807792799e-03
   18450  2.767500000000e+02  1.010182260594e-03
   18500  2.775000000000e+02  1.213826482675e-03
   18550  2.782500000000e+02  1.649621626110e-03
   18600  2.790000000000e+02  2.310593260617e-03
   18650  2.797500000000e+02  3.187984495728e-03
   18700  2.805000000000e+02  4.271345334628e-03
   18750  2.812500000000e+02  5.548636686202e-03
   18800  2.820000000000e+02  7.006348881095e-03
   18850  2.827500000000e+02  8.629630867237e-03
   18900  2.835000000000e+02  1.040243591914e-02
   18950  2.842500000000e+02  1.230766688355e-02
   19000  2.850000000000e+02  1.432733901030e-02
   19050  2.857500000000e+02  1.644274058397e-02
   19100  2.865000000000e+02  1.863460446699e-02
   19150  2.872500000000e+02  2.088327614544e-02
   19200  2.880000000000e+02  2.316889186560e-02
   19250  2.887500000000e+02  2.547154470503e-02
   19300  2.895000000000e+02  2.777145208165e-02
   19350  2.902500000000e+02  3.004911412004e-02
   19400  2.910000000000e+02  3.228548067645e-02
   19450  2.917500000000e+02  3.446209103649e-02
   19500  2.925000000000e+02  3.656122937616e-02
   19550  2.932500000000e+02  3.856605521318e-02
   19600  2.940000000000e+02  4.046071695527e-02
   19650  2.947500000000e+02  4.223046671303e-02
   19700  2.955000000000e+02  4.386176010695e-02
   19750  2.962500000000e+02  4.534233996001e-02
   19800  2.970000000000e+02  4.666132342177e-02
   19850  2.977500000000e+02  4.780925844306e-02
   19900  2.985000000000e+02  4.877817360069e-02
   19950  2.992500000000e+02  4.956161050071e-02
   20000  3.000000000000e+02  5.015465684148e-02
   20050  3.007500000000e+02  5.055394294975e-02
   20100  3.015000000000e+02  5.075764809176e-02
   20150  3.022500000000e+02  5.076549219367e-02
   20200  3.030000000000e+02  5.057871372509e-02
   20250  3.037500000000e+02  5.020003847334e-02
   20300  3.045000000000e+02  4.963363313379e-02
   20350  3.052500000000e+02  4.888505575862e-02
   20400  3.060000000000e+02  4.796119598299e-02
   20450  3.067500000000e+02  4.687020459194e-02
   20500  3.075000000000e+02  4.562141037364e-02
   20550  3.082500000000e+02  4.422524063115e-02
   20600  3.090000000000e+02  4.269312494813e-02
   20650  3.097500000000e+02  4.103739900265e-02
   20700  3.105000000000e+02  3.927120303566e-02
   20750  3.112500000000e+02  3.740838208811e-02
   20800  3.120000000000e+02  3.546336048471e-02
   20850  3.127500000000e+02  3.345103795616e-02
   20900  3.135000000000e+02  3.138667427640e-02
   20950  3.142500000000e+02  2.928576668296e-02
   21000  3.150000000000e+02  2.716392774502e-02
   21050  3.157500000000e+02  2.503676697014e-02
   21100  3.165000000000e+02  2.291977703637e-02
   21150  3.172500000000e+02  2.082821411973e-02
   21200  3.180000000000e+02  1.877698237818e-02
   21250  3.187500000000e+02  1.678052288426e-02
   21300  3.195000000000e+02  1.485270038581e-02
   21350  3.202500000000e+02  1.300669964111e-02
   21400  3.210000000000e+02  1.125493563889e-02
   21450  3.217500000000e+02  9.608957537312e-03
   21500  3.225000000000e+02  8.079363422631e-03
   21550  3.232500000000e+02  6.675722057362e-03
   21600  3.240000000000e+02  5.406503713851e-03
   21650  3.247500000000e+02  4.279021724276e-03
   21700  3.255000000000e+02  3.299380957782e-03
   21750  3.262500000000e+02  2.472439994334e-03
   21800  3.270000000000e+02  1.801780245537e-03
   21850  3.277500000000e+02  1.289687735467e-03
   21900  3.285000000000e+02  9.371469969017e-04
   21950  3.292500000000e+02  7.438457680424e-04
   22000  3.300000000000e+02  7.081920944554e-04
   22050  3.307500000000e+02  8.273431902114e-04
   22100  3.315000000000e+02  1.097245522956e-03
   22150  3.322500000000e+02  1.512685669196e-03
   22200  3.330000000000e+02  2.067350261736e-03
   22250  3.337500000000e+02  2.753896701861e-03
   22300  3.345000000000e+02  3.564031178446e-03
   22350  3.352500000000e+02  4.488595325274e-03
   22400  3.360000000000e+02  5.517657238980e-03
   22450  3.367500000000e+02  6.640607924328e-03
   22500  3.375000000000e+02  7.846269115983e-03
   22550  3.382500000000e+02  9.122993816274e-03
   22600  3.390000000000e+02  1.045877713629e-02
   22650  3.397500000000e+02  1.184136385063e-02
   22700  3.405000000000e+02  1.325836340449e-02
   22750  3.412500000000e+02  1.469735588567e-02
   22800  3.420000000000e+02  1.614599615419e-02
   22850  3.427500000000e+02  1.759212022138e-02
   22900  3.435000000000e+02  1.902384298409e-02
   22950  3.442500000000e+02  2.042964833264e-02
   23000  3.450000000000e+02  2.179847446844e-02
   23050  3.457500000000e+02  2.311979647429e-02
   23100  3.465000000000e+02  2.438369911033e-02
   23150  3.472500000000e+02  2.558094419256e-02
   23200  3.480000000000e+02  2.670302520518e-02
   23250  3.487500000000e+02  2.774222526440e-02
   23300  3.495000000000e+02  2.869165203622e-02
   23350  3.502500000000e+02  2.954527576452e-02
   23400  3.510000000000e+02  3.029794904750e-02
   23450  3.517500000000e+02  3.094542927535e-02
   23500  3.525000000000e+02  3.148437970481e-02
   23550  3.532500000000e+02  3.191237376255e-02
   23600  3.540000000000e+02  3.222787955770e-02
   23650  3.547500000000e+02  3.243024706746e-02
   23700  3.555000000000e+02  3.251969357312e-02
   23750  3.562500000000e+02  3.249726556000e-02
   23800  3.570000000000e+02  3.236480939319e-02
   23850  3.577500000000e+02  3.212493140984e-02
   23900  3.585000000000e+02  3.178095373890e-02
   23950  3.592500000000e+02  3.133687243185e-02
   24000  3.600000000000e+02  3.079729958105e-02
   24050  3.607500000000e+02  3.016740577389e-02
   24100  3.615000000000e+02  2.945286885927e-02
   24150  3.622500000000e+02  2.865980760400e-02
   24200  3.630000000000e+02  2.779473015276e-02
   24250  3.637500000000e+02  2.686447168081e-02
   24300  3.645000000000e+02  2.587612652189e-02
   24350  3.652500000000e+02  2.483699866698e-02
   24400  3.660000000000e+02  2.375453266683e-02
   24450  3.667500000000e+02  2.263625625690e-02
   24500  3.675000000000e+02  2.148972393464e-02
   24550  3.682500000000e+02  2.032246137238e-02
   24600  3.690000000000e+02  1.914190381479e-02
   24650  3.697500000000e+02  1.795534750786e-02
   24700  3.705000000000e+02  1.676989108936e-02
   24750  3.712500000000e+02  1.559239173666e-02
   24800  3.720000000000e+02  1.442941446784e-02
   24850  3.727500000000e+02  1.328719300272e-02
   24900  3.735000000000e+02  1.217158689615e-02
   24950  3.742500000000e+02  1.108805012192e-02
   25000  3.750000000000e+02  1.004159711222e-02
   25050  3.757500000000e+02  9.036777496720e-03
   25100  3.765000000000e+02  8.077651502185e-03
   25150  3.772500000000e+02  7.167773007617e-03
   25200  3.780000000000e+02  6.310177496625e-03
   25250  3.787500000000e+02  5.507371974478e-03
   25300  3.795000000000e+02  4.761333956498e-03
   25350  3.802500000000e+02  4.073512994832e-03
   25400  3.810000000000e+02  3.444835541171e-03
   25450  3.817500000000e+02  2.875719753407e-03
   25500  3.825000000000e+02  2.366086825997e-03
   25550  3.832500000000e+02  1.915384095174e-03
   25600  3.840000000000e+02  1.522605188474e-03
   25650  3.847500000000e+02  1.186320621878e-03
   25700  3.855000000000e+02  9.047055714119e-04
   25750  3.862500000000e+02  6.755754392894e-04
   25800  3.870000000000e+02  4.964208381845e-04
   25850  3.877500000000e+02  3.644452571980e-04
   25900  3.885000000000e+02  2.766051090357e-04
   25950  3.892500000000e+02  2.296502171121e-04
   26000  3.900000000000e+02  2.201643735084e-04
   26050  3.907500000000e+02  2.446058441926e-04
   26100  3.915000000000e+02  2.993471434312e-04
   26150  3.922500000000e+02  3.807137881055e-04
   26200  3.930000000000e+02  4.850218885802e-04
   26250  3.937500000000e+02  6.086140496802e-04
   26300  3.945000000000e+02  7.478930937626e-04
   26350  3.952500000000e+02  8.993534000579e-04
   26400  3.960000000000e+02  1.059610097277e-03
   26450  3.967500000000e+02  1.225426011837e-03
   26500  3.975000000000e+02  1.393734294593e-03
   26550  3.982500000000e+02  1.561658434867e-03
   26600  3.990000000000e+02  1.726529645226e-03
   26650  3.997500000000e+02  1.885899577039e-03
   26700  4.005000000000e+02  2.037550398310e-03
   26750  4.012500000000e+02  2.179502366246e-03
   26800  4.020000000000e+02  2.310019110509e-03
   26850  4.027500000000e+02  2.427608152584e-03
   26900  4.035000000000e+02  2.531022712383e-03
   26950  4.042500000000e+02  2.619259275203e-03
   27000  4.050000000000e+02  2.691551797978e-03
   27050  4.057500000000e+02  2.747364764359e-03
   27100  4.065000000000e+02  2.786387625476e-03
   27150  4.072500000000e+02  2.808524381985e-03
   27200  4.080000000000e+02  2.813884624119e-03
   27250  4.087500000000e+02  2.802769884125e-03
   27300  4.095000000000e+02  2.775660587730e-03
   27350  4.102500000000e+02  2.733203106408e-03
   27400  4.110000000000e+02  2.676194117484e-03
   27450  4.117500000000e+02  2.605566463614e-03
   27500  4.125000000000e+02  2.522375555615e-03
   27550  4.132500000000e+02  2.427782711200e-03
   27600  4.140000000000e+02  2.323039504488e-03
   27650  4.147500000000e+02  2.209471484213e-03
   27700  4.155000000000e+02  2.088460312148e-03
   27750  4.162500000000e+02  1.961428020170e-03
   27800  4.170000000000e+02  1.829822588580e-03
   27850  4.177500000000e+02  1.695102225497e-03
   27900  4.185000000000e+02  1.558719139631e-03
   27950  4.192500000000e+02  1.422105609757e-03
   28000  4.200000000000e+02  1.286658082661e-03
   28050  4.207500000000e+02  1.153724371720e-03
   28100  4.215000000000e+02  1.024590362963e-03
   28150  4.222500000000e+02  9.004678647895e-04
   28200  4.230000000000e+02  7.824832397366e-04
   28250  4.237500000000e+02  6.716680943125e-04
   28300  4.245000000000e+02  5.689493565732e-04
   28350  4.252500000000e+02  4.751415480268e-04
   28400  4.260000000000e+02  3.909406496282e-04
   28450  4.267500000000e+02  3.169205892938e-04
   28500  4.275000000000e+02  2.535294573180e-04
   28550  4.282500000000e+02  2.010881173469e-04
   28600  4.290000000000e+02  1.597904460400e-04
   28650  4.297500000000e+02  1.297049138358e-04
   28700  4.305000000000e+02  1.107774516003e-04
   28750  4.312500000000e+02  1.028357976191e-04
   28800  4.320000000000e+02  1.055950019996e-04
   28850  4.327500000000e+02  1.186643404996e-04
   28900  4.335000000000e+02  1.415554889768e-04
   28950  4.342500000000e+02  1.736917854325e-04
   29000  4.350000000000e+02  2.144186972837e-04
   29050  4.357500000000e+02  2.630148765635e-04
   29100  4.365000000000e+02  3.187035798987e-04
   29150  4.372500000000e+02  3.806648194250e-04
   29200  4.380000000000e+02  4.480476281705e-04
   29250  4.387500000000e+02  5.199812550188e-04
   29300  4.395000000000e+02  5.955869682242e-04
   29350  4.402500000000e+02  6.739888600576e-04
   29400  4.410000000000e+02  7.543241140230e-04
   29450  4.417500000000e+02  8.357529905168e-04
   29500  4.425000000000e+02  9.174684148371e-04
   29550  4.432500000000e+02  9.987048773918e-04
   29600  4.440000000000e+02  1.078745140146e-03
   29650  4.447500000000e+02  1.156927456919e-03
   29700  4.455000000000e+02  1.232650074263e-03
   29750  4.462500000000e+02  1.305375400165e-03
   29800  4.470000000000e+02  1.374632421769e-03
   29850  4.477500000000e+02  1.440018765057e-03
   29900  4.485000000000e+02  1.501199719103e-03
   29950  4.492500000000e+02  1.557908447738e-03
   30000  4.500000000000e+02  1.609942771945e-03
   30050  4.507500000000e+02  1.657164357535e-03
   30100  4.515000000000e+02  1.699494055608e-03
   30150  4.522500000000e+02  1.736909022018e-03
   30200  4.530000000000e+02  1.769437499416e-03
   30250  4.537500000000e+02  1.797155803840e-03
   30300  4.545000000000e+02  1.820180725438e-03
   30350  4.552500000000e+02  1.838666955406e-03
   30400  4.560000000000e+02  1.852799599969e-03
   30450  4.567500000000e+02  1.862790650270e-03
   30500  4.575000000000e+02  1.868870960829e-03
   30550  4.582500000000e+02  1.871288098632e-03
   30600  4.590000000000e+02  1.870299848514e-03
   30650  4.597500000000e+02  1.866167771021e-03
   30700  4.605000000000e+02  1.859155102115e-03
   30750  4.612500000000e+02  1.849524181158e-03
   30800  4.620000000000e+02  1.837531658431e-03
   30850  4.627500000000e+02  1.823426774489e-03
   30900  4.635000000000e+02  1.807449848218e-03
   30950  4.642500000000e+02  1.789829027322e-03
   31000  4.650000000000e+02  1.770780763847e-03
   31050  4.657500000000e+02  1.750507452221e-03
   31100  4.665000000000e+02  1.729198104605e-03
   31150  4.672500000000e+02  1.707026832660e-03
   31200  4.680000000000e+02  1.684154263685e-03
   31250  4.687500000000e+02  1.660725531818e-03
   31300  4.695000000000e+02  1.636873250708e-03
   31350  4.702500000000e+02  1.612718039254e-03
   31400  4.710000000000e+02  1.588369658761e-03
   31450  4.717500000000e+02  1.563927694084e-03
   31500  4.725000000000e+02  1.539483799065e-03
   31550  4.732500000000e+02  1.515121162594e-03
   31600  4.740000000000e+02  1.490917130441e-03
   31650  4.747500000000e+02  1.466943846436e-03
   31700  4.755000000000e+02  1.443268932664e-03
   31750  4.762500000000e+02  1.419956454955e-03
   31800  4.770000000000e+02  1.397068045694e-03
   31850  4.777500000000e+02  1.374664358222e-03
   31900  4.785000000000e+02  1.352803057850e-03
   31950  4.792500000000e+02  1.331539887755e-03
   32000  4.800000000000e+02  1.310929567780e-03
   32050  4.807500000000e+02  1.291025187745e-03
   32100  4.815000000000e+02  1.271878997086e-03
   32150  4.822500000000e+02  1.253542298809e-03
   32200  4.830000000000e+02  1.236064726531e-03
   32250  4.837500000000e+02  1.219494144084e-03
   32300  4.845000000000e+02  1.203876992511e-03
   32350  4.852500000000e+02  1.189257807921e-03
   32400  4.860000000000e+02  1.175678242999e-03
   32450  4.867500000000e+02  1.163176393750e-03
   32500  4.875000000000e+02  1.151786722953e-03
   32550  4.882500000000e+02  1.141538895388e-03
   32600  4.890000000000e+02  1.132457417492e-03
   32650  4.897500000000e+02  1.124562055074e-03
   32700  4.905000000000e+02  1.117866084370e-03
   32750  4.912500000000e+02  1.112376923035e-03
   32800  4.920000000000e+02  1.108095662935e-03
   32850  4.927500000000e+02  1.105013928284e-03
   32900  4.935000000000e+02  1.103117029709e-03
   32950  4.942500000000e+02  1.102381170011e-03
   33000  4.950000000000e+02  1.102773455250e-03
   33050  4.957500000000e+02  1.104252085069e-03
   33100  4.965000000000e+02  1.106766089836e-03
   33150  4.972500000000e+02  1.110255823064e-03
   33200  4.980000000000e+02  1.114651118349e-03
   33250  4.987500000000e+02  1.119872009349e-03
   33300  4.995000000000e+02  1.125828167081e-03
   33350  5.002500000000e+02  1.132420276099e-03
   33400  5.010000000000e+02  1.139655297810e-03
   33450  5.017500000000e+02  1.147640661040e-03
   33500  5.025000000000e+02  1.156399375057e-03
   33550  5.032500000000e+02  1.165897400517e-03
   33600  5.040000000000e+02  1.176080764769e-03
   33650  5.047500000000e+02  1.186879173462e-03
   33700  5.055000000000e+02  1.198211460044e-03
   33750  5.062500000000e+02  1.209986884022e-03
   33800  5.070000000000e+02  1.222123254350e-03
   33850  5.077500000000e+02  1.234541021079e-03
   33900  5.085000000000e+02  1.247159680728e-03
   33950  5.092500000000e+02  1.259898013056e-03
   34000  5.100000000000e+02  1.272665193372e-03
   34050  5.107500000000e+02  1.285364459556e-03
   34100  5.115000000000e+02  1.297900466831e-03
   34150  5.122500000000e+02  1.310184394571e-03
   34200  5.130000000000e+02  1.322137405379e-03
   34250  5.137500000000e+02  1.333681141462e-03
   34300  5.145000000000e+02  1.344728883147e-03
   34350  5.152500000000e+02  1.355206229915e-03
   34400  5.160000000000e+02  1.365057273842e-03
   34450  5.167500000000e+02  1.374237052214e-03
   34500  5.175000000000e+02  1.382713291560e-03
   34550  5.182500000000e+02  1.390466551520e-03
   34600  5.190000000000e+02  1.397485628624e-03
   34650  5.197500000000e+02  1.403767039907e-03
   34700  5.205000000000e+02  1.409313639622e-03
   34750  5.212500000000e+02  1.414136525470e-03
   34800  5.220000000000e+02  1.418265336751e-03
   34850  5.227500000000e+02  1.421744215203e-03
   34900  5.235000000000e+02  1.424624209217e-03
   34950  5.242500000000e+02  1.426959508917e-03
   35000  5.250000000000e+02  1.428811401150e-03
   35050  5.257500000000e+02  1.430250349060e-03
   35100  5.265000000000e+02  1.431358459615e-03
   35150  5.272500000000e+02  1.432224775551e-03
   35200  5.280000000000e+02  1.432942966354e-03
   35250  5.287500000000e+02  1.433607190655e-03
   35300  5.295000000000e+02  1.434308600327e-03
   35350  5.302500000000e+02  1.435134790878e-03
   35400  5.310000000000e+02  1.436170192979e-03
   35450  5.317500000000e+02  1.437499850603e-03
   35500  5.325000000000e+02  1.439202127196e-03
   35550  5.332500000000e+02  1.441352001371e-03
   35600  5.340000000000e+02  1.444018942124e-03
   35650  5.347500000000e+02  1.447261642508e-03
   35700  5.355000000000e+02  1.451128180386e-03
   35750  5.362500000000e+02  1.455660242978e-03
   35800  5.370000000000e+02  1.460890000469e-03
   35850  5.377500000000e+02  1.466840706143e-03
   35900  5.385000000000e+02  1.473528834370e-03
   35950  5.392500000000e+02  1.480959877753e-03
   36000  5.400000000000e+02  1.489125919029e-03
   36050  5.407500000000e+02  1.498005496299e-03
   36100  5.415000000000e+02  1.507565788670e-03
   36150  5.422500000000e+02  1.517768957027e-03
   36200  5.430000000000e+02  1.528572223219e-03
   36250  5.437500000000e+02  1.539925559639e-03
   36300  5.445000000000e+02  1.551771003919e-03
   36350  5.452500000000e+02  1.564040981003e-03
   36400  5.460000000000e+02  1.576659188767e-03
   36450  5.467500000000e+02  1.589544304045e-03
   36500  5.475000000000e+02  1.602613861704e-03
   36550  5.482500000000e+02  1.615782218368e-03
   36600  5.490000000000e+02  1.628962826457e-03
   36650  5.497500000000e+02  1.642071018648e-03
   36700  5.505000000000e+02  1.655021582817e-03
   36750  5.512500000000e+02  1.667729742271e-03
   36800  5.520000000000e+02  1.680114756684e-03
   36850  5.527500000000e+02  1.692103739359e-03
   36900  5.535000000000e+02  1.703632905642e-03
   36950  5.542500000000e+02  1.714647180155e-03
   37000  5.550000000000e+02  1.725100601660e-03
   37050  5.557500000000e+02  1.734953847799e-03
   37100  5.565000000000e+02  1.744175797873e-03
   37150  5.572500000000e+02  1.752748947656e-03
   37200  5.580000000000e+02  1.760668711219e-03
   37250  5.587500000000e+02  1.767946609130e-03
   37300  5.595000000000e+02  1.774604575950e-03
   37350  5.602500000000e+02  1.780671792492e-03
   37400  5.610000000000e+02  1.786188848836e-03
   37450  5.617500000000e+02  1.791203576837e-03
   37500  5.625000000000e+02  1.795772827513e-03
   37550  5.632500000000e+02  1.799965681634e-03
   37600  5.640000000000e+02  1.803856532684e-03
   37650  5.647500000000e+02  1.807520792671e-03
   37700  5.655000000000e+02  1.811033329881e-03
   37750  5.662500000000e+02  1.814468015393e-03
   37800  5.670000000000e+02  1.817899473300e-03
   37850  5.677500000000e+02  1.821399590921e-03
   37900  5.685000000000e+02  1.825038961332e-03
   37950  5.692500000000e+02  1.828887464604e-03
   38000  5.700000000000e+02  1.833009542003e-03
   38050  5.707500000000e+02  1.837462964068e-03
   38100  5.715000000000e+02  1.842298489055e-03
   38150  5.722500000000e+02  1.847556475046e-03
   38200  5.730000000000e+02  1.853269422804e-03
   38250  5.737500000000e+02  1.859464171969e-03
   38300  5.745000000000e+02  1.866160287932e-03
   38350  5.752500000000e+02  1.873366667691e-03
   38400  5.760000000000e+02  1.881082546046e-03
   38450  5.767500000000e+02  1.889298523235e-03
   38500  5.775000000000e+02  1.897995855964e-03
   38550  5.782500000000e+02  1.907147823010e-03
   38600  5.790000000000e+02  1.916724603640e-03
   38650  5.797500000000e+02  1.926688824378e-03
   38700  5.805000000000e+02  1.936998152340e-03
   38750  5.812500000000e+02  1.947608091901e-03
   38800  5.820000000000e+02  1.958468333953e-03
   38850  5.827500000000e+02  1.969528324462e-03
   38900  5.835000000000e+02  1.980735987343e-03
   38950  5.842500000000e+02  1.992039409454e-03
   39000  5.850000000000e+02  2.003388770175e-03
   39050  5.857500000000e+02  2.014734125873e-03
   39100  5.865000000000e+02  2.026027350496e-03
   39150  5.872500000000e+02  2.037225985089e-03
   39200  5.880000000000e+02  2.048292120930e-03
   39250  5.887500000000e+02  2.059193250256e-03
   39300  5.895000000000e+02  2.069901312513e-03
   39350  5.902500000000e+02  2.080393409813e-03
   39400  5.910000000000e+02  2.090647833065e-03
   39450  5.917500000000e+02  2.100647801317e-03
   39500  5.925000000000e+02  2.110383487306e-03
   39550  5.932500000000e+02  2.119850307950e-03
   39600  5.940000000000e+02  2.129048248895e-03
   39650  5.947500000000e+02  2.137984979863e-03
   39700  5.955000000000e+02  2.146671881094e-03
   39750  5.962500000000e+02  2.155120048658e-03
   39800  5.970000000000e+02  2.163345079218e-03
   39850  5.977500000000e+02  2.171368262038e-03
   39900  5.985000000000e+02  2.179215804237e-03
   39950  5.992500000000e+02  2.186917336954e-03
   40000  6.000000000000e+02  2.194501129212e-03
   40050  6.007500000000e+02  2.201996584746e-03
   40100  6.015000000000e+02  2.209433375635e-03
   40150  6.022500000000e+02  2.216840291768e-03
   40200  6.030000000000e+02  2.224247673070e-03
   40250  6.037500000000e+02  2.231684059775e-03
   40300  6.045000000000e+02  2.239178793871e-03
   40350  6.052500000000e+02  2.246757972565e-03
   40400  6.060000000000e+02  2.254445079658e-03
   40450  6.067500000000e+02  2.262259565944e-03
   40500  6.075000000000e+02  2.270220799028e-03
   40550  6.082500000000e+02  2.278345410330e-03
   40600  6.090000000000e+02  2.286648769896e-03
   40650  6.097500000000e+02  2.295141209874e-03
   40700  6.105000000000e+02  2.303831235344e-03
   40750  6.112500000000e+02  2.312725243141e-03
   40800  6.120000000000e+02  2.321827274598e-03
   40850  6.127500000000e+02  2.331138726264e-03
   40900  6.135000000000e+02  2.340656510381e-03
   40950  6.142500000000e+02  2.350375314384e-03
   41000  6.150000000000e+02  2.360288365387e-03
   41050  6.157500000000e+02  2.370388104118e-03
   41100  6.165000000000e+02  2.380664700168e-03
   41150  6.172500000000e+02  2.391103217758e-03
   41200  6.180000000000e+02  2.401688187690e-03
   41250  6.187500000000e+02  2.412406521371e-03
   41300  6.195000000000e+02  2.423241898344e-03
   41350  6.202500000000e+02  2.434175384081e-03
   41400  6.210000000000e+02  2.445187426394e-03
   41450  6.217500000000e+02  2.456258528312e-03
   41500  6.225000000000e+02  2.467370974371e-03
   41550  6.232500000000e+02  2.478504439235e-03
   41600  6.240000000000e+02  2.489638074018e-03
   41650  6.247500000000e+02  2.500750875401e-03
   41700  6.255000000000e+02  2.511818569567e-03
   41750  6.262500000000e+02  2.522818708907e-03
   41800  6.270000000000e+02  2.533729938607e-03
   41850  6.277500000000e+02  2.544529122764e-03
   41900  6.285000000000e+02  2.555197079043e-03
   41950  6.292500000000e+02  2.565715767089e-03
   42000  6.300000000000e+02  2.576066951297e-03
   42050  6.307500000000e+02  2.586234677872e-03
   42100  6.315000000000e+02  2.596206808931e-03
   42150  6.322500000000e+02  2.605976430903e-03
   42200  6.330000000000e+02  2.615539543786e-03
   42250  6.337500000000e+02  2.624894262369e-03
   42300  6.345000000000e+02  2.634042637315e-03
   42350  6.352500000000e+02  2.642991192619e-03
   42400  6.360000000000e+02  2.651751329011e-03
   42450  6.367500000000e+02  2.660342416373e-03
   42500  6.375000000000e+02  2.668788004654e-03
   42550  6.382500000000e+02  2.677113686028e-03
   42600  6.390000000000e+02  2.685349430844e-03
   42650  6.397500000000e+02  2.693529780270e-03
   42700  6.405000000000e+02  2.701692787810e-03
   42750  6.412500000000e+02  2.709875535050e-03
   42800  6.420000000000e+02  2.718116645057e-03
   42850  6.427500000000e+02  2.726456665622e-03
   42900  6.435000000000e+02  2.734935656997e-03
   42950  6.442500000000e+02  2.743591571370e-03
   43000  6.450000000000e+02  2.752458701361e-03
   43050  6.457500000000e+02  2.761566219645e-03
   43100  6.465000000000e+02  2.770943046003e-03
   43150  6.472500000000e+02  2.780613789170e-03
   43200  6.480000000000e+02  2.790599339741e-03
   43250  6.487500000000e+02  2.800915987709e-03
   43300  6.495000000000e+02  2.811576221479e-03
   43350  6.502500000000e+02  2.822586444569e-03
   43400  6.510000000000e+02  2.833947891902e-03
   43450  6.517500000000e+02  2.845655490817e-03
   43500  6.525000000000e+02  2.857700456177e-03
   43550  6.532500000000e+02  2.870068303432e-03
   43600  6.540000000000e+02  2.882740249383e-03
   43650  6.547500000000e+02  2.895693567452e-03
   43700  6.555000000000e+02  2.908900427322e-03
   43750  6.562500000000e+02  2.922330333150e-03
   43800  6.570000000000e+02  2.935951136467e-03
   43850  6.577500000000e+02  2.949726524564e-03
   43900  6.585000000000e+02  2.963619144822e-03
   43950  6.592500000000e+02  2.977588477693e-03
   44000  6.600000000000e+02  2.991591605386e-03
   44050  6.607500000000e+02  3.005584402497e-03
   44100  6.615000000000e+02  3.019524778651e-03
   44150  6.622500000000e+02  3.033372564114e-03
   44200  6.630000000000e+02  3.047088063891e-03
   44250  6.637500000000e+02  3.060634308260e-03
   44300  6.645000000000e+02  3.073977399017e-03
   44350  6.652500000000e+02  3.087085777328e-03
   44400  6.660000000000e+02  3.099931889607e-03
   44450  6.667500000000e+02  3.112493326298e-03
   44500  6.675000000000e+02  3.124751598742e-03
   44550  6.682500000000e+02  3.136694220125e-03
   44600  6.690000000000e+02  3.148311862295e-03
   44650  6.697500000000e+02  3.159597992650e-03
   44700  6.705000000000e+02  3.170552830325e-03
   44750  6.712500000000e+02  3.181180303302e-03
   44800  6.720000000000e+02  3.191490169562e-03
   44850  6.727500000000e+02  3.201494057687e-03
   44900  6.735000000000e+02  3.211209658917e-03
   44950  6.742500000000e+02  3.220659601709e-03
   45000  6.750000000000e+02  3.229868911143e-03
   45050  6.757500000000e+02  3.238867320036e-03
   45100  6.765000000000e+02  3.247688299018e-03
   45150  6.772500000000e+02  3.256368229769e-03
   45200  6.780000000000e+02  3.264941929874e-03
   45250  6.787500000000e+02  3.273443603924e-03
   45300  6.795000000000e+02  3.281908200344e-03
   45350  6.802500000000e+02  3.290370058875e-03
   45400  6.810000000000e+02  3.298865735748e-03
   45450  6.817500000000e+02  3.307431169548e-03
   45500  6.825000000000e+02  3.316105690349e-03
   45550  6.832500000000e+02  3.324927461242e-03
   45600  6.840000000000e+02  3.333932351098e-03
   45650  6.847500000000e+02  3.343153593819e-03
   45700  6.855000000000e+02  3.352624256671e-03
   45750  6.862500000000e+02  3.362377711260e-03
   45800  6.870000000000e+02  3.372447795452e-03
   45850  6.877500000000e+02  3.382867701592e-03
   45900  6.885000000000e+02  3.393666934388e-03
   45950  6.892500000000e+02  3.404870163193e-03
   46000  6.900000000000e+02  3.416500663612e-03
   46050  6.907500000000e+02  3.428577498075e-03
   46100  6.915000000000e+02  3.441115563823e-03
   46150  6.922500000000e+02  3.454127393869e-03
   46200  6.930000000000e+02  3.467622446817e-03
   46250  6.937500000000e+02  3.481605832629e-03
   46300  6.945000000000e+02  3.496077941296e-03
   46350  6.952500000000e+02  3.511029972576e-03
   46400  6.960000000000e+02  3.526448300899e-03
   46450  6.967500000000e+02  3.542312178067e-03
   46500  6.975000000000e+02  3.558599214804e-03
   46550  6.982500000000e+02  3.575279062089e-03
   46600  6.990000000000e+02  3.592312419166e-03
   46650  6.997500000000e+02  3.609652516119e-03
