################################################################################
# HEADER
# nspin         1
#%
# nik       217
#  st         1      26
# ust         1      26
# Iter             t            #  iter t Nex(t)  
################################################################################
       0  0.000000000000e+00 -2.560451850542e-15
      50  1.000000000000e+00  1.185147188720e-10
     100  2.000000000000e+00  3.713240340208e-10
     150  3.000000000000e+00  2.968077124355e-09
     200  4.000000000000e+00  1.823324517758e-08
     250  5.000000000000e+00  7.685466928836e-08
     300  6.000000000000e+00  2.486185843656e-07
     350  7.000000000000e+00  6.654927026187e-07
     400  8.000000000000e+00  1.549740434335e-06
     450  9.000000000000e+00  3.241075954556e-06
     500  1.000000000000e+01  6.220162341447e-06
     550  1.100000000000e+01  1.112385743183e-05
     600  1.200000000000e+01  1.875243745279e-05
     650  1.300000000000e+01  3.007215231834e-05
     700  1.400000000000e+01  4.622055592878e-05
     750  1.500000000000e+01  6.849734916799e-05
     800  1.600000000000e+01  9.834922269166e-05
     850  1.700000000000e+01  1.373426340513e-04
     900  1.800000000000e+01  1.871268904540e-04
     950  1.900000000000e+01  2.493762076566e-04
    1000  2.000000000000e+01  3.257056359715e-04
    1050  2.100000000000e+01  4.175818193165e-04
    1100  2.200000000000e+01  5.262342756676e-04
    1150  2.300000000000e+01  6.525728331843e-04
    1200  2.400000000000e+01  7.971202266861e-04
    1250  2.500000000000e+01  9.599430173401e-04
    1300  2.600000000000e+01  1.140568624111e-03
    1350  2.700000000000e+01  1.337952057412e-03
    1400  2.800000000000e+01  1.550441342117e-03
    1450  2.900000000000e+01  1.775733558491e-03
    1500  3.000000000000e+01  2.010836962427e-03
    1550  3.100000000000e+01  2.252036598254e-03
    1600  3.200000000000e+01  2.494911119017e-03
    1650  3.300000000000e+01  2.734379514631e-03
    1700  3.400000000000e+01  2.964782179295e-03
    1750  3.500000000000e+01  3.180028226634e-03
    1800  3.600000000000e+01  3.373733947797e-03
    1850  3.700000000000e+01  3.539408213462e-03
    1900  3.800000000000e+01  3.670695076720e-03
    1950  3.900000000000e+01  3.761654310666e-03
    2000  4.000000000000e+01  3.807032123735e-03
    2050  4.100000000000e+01  3.802506868364e-03
    2100  4.200000000000e+01  3.744924069921e-03
    2150  4.300000000000e+01  3.632595238877e-03
    2200  4.400000000000e+01  3.465547318335e-03
    2250  4.500000000000e+01  3.245785886236e-03
    2300  4.600000000000e+01  2.977526590874e-03
    2350  4.700000000000e+01  2.667392329611e-03
    2400  4.800000000000e+01  2.324598447806e-03
    2450  4.900000000000e+01  1.961081593673e-03
    2500  5.000000000000e+01  1.591563711206e-03
    2550  5.100000000000e+01  1.233552326993e-03
    2600  5.200000000000e+01  9.072611708780e-04
    2650  5.300000000000e+01  6.354568559536e-04
    2700  5.400000000000e+01  4.432633471203e-04
    2750  5.500000000000e+01  3.578673300229e-04
    2800  5.600000000000e+01  4.081529083421e-04
    2850  5.700000000000e+01  6.242555041593e-04
    2900  5.800000000000e+01  1.037044808370e-03
    2950  5.900000000000e+01  1.677516876545e-03
    3000  6.000000000000e+01  2.576122769010e-03
    3050  6.100000000000e+01  3.762044377045e-03
    3100  6.200000000000e+01  5.262433989122e-03
    3150  6.300000000000e+01  7.101658193670e-03
    3200  6.400000000000e+01  9.300504838339e-03
    3250  6.500000000000e+01  1.187538892363e-02
    3300  6.600000000000e+01  1.483762118929e-02
    3350  6.700000000000e+01  1.819274579025e-02
    3400  6.800000000000e+01  2.193992303727e-02
    3450  6.900000000000e+01  2.607134869167e-02
    3500  7.000000000000e+01  3.057174585074e-02
    3550  7.100000000000e+01  3.541799597221e-02
    3600  7.200000000000e+01  4.057899708393e-02
    3650  7.300000000000e+01  4.601560767552e-02
    3700  7.400000000000e+01  5.168084070770e-02
    3750  7.500000000000e+01  5.752008313387e-02
    3800  7.600000000000e+01  6.347150306678e-02
    3850  7.700000000000e+01  6.946674660190e-02
    3900  7.800000000000e+01  7.543178883815e-02
    3950  7.900000000000e+01  8.128792217945e-02
    4000  8.000000000000e+01  8.695280336909e-02
    4050  8.100000000000e+01  9.234158346209e-02
    4100  8.200000000000e+01  9.736831782275e-02
    4150  8.300000000000e+01  1.019474951415e-01
    4200  8.400000000000e+01  1.059955873593e-01
    4250  8.500000000000e+01  1.094327678918e-01
    4300  8.600000000000e+01  1.121845588680e-01
    4350  8.700000000000e+01  1.141836944374e-01
    4400  8.800000000000e+01  1.153720272488e-01
    4450  8.900000000000e+01  1.157020877264e-01
    4500  9.000000000000e+01  1.151386803505e-01
    4550  9.100000000000e+01  1.136602975531e-01
    4600  9.200000000000e+01  1.112605319290e-01
    4650  9.300000000000e+01  1.079492461987e-01
    4700  9.400000000000e+01  1.037533361358e-01
    4750  9.500000000000e+01  9.871737797455e-02
    4800  9.600000000000e+01  9.290416407768e-02
    4850  9.700000000000e+01  8.639495153361e-02
    4900  9.800000000000e+01  7.928951598048e-02
    4950  9.900000000000e+01  7.170568774483e-02
    5000  1.000000000000e+02  6.377856982078e-02
    5050  1.010000000000e+02  5.565944149170e-02
    5100  1.020000000000e+02  4.751428911128e-02
    5150  1.030000000000e+02  3.952199555051e-02
    5200  1.040000000000e+02  3.187205999913e-02
    5250  1.050000000000e+02  2.476193496551e-02
    5300  1.060000000000e+02  1.839412381440e-02
    5350  1.070000000000e+02  1.297302564061e-02
    5400  1.080000000000e+02  8.701539183974e-03
    5450  1.090000000000e+02  5.777375401936e-03
    5500  1.100000000000e+02  4.389259235463e-03
    5550  1.110000000000e+02  4.713066303214e-03
    5600  1.120000000000e+02  6.907978272724e-03
    5650  1.130000000000e+02  1.111273387031e-02
    5700  1.140000000000e+02  1.744203713171e-02
    5750  1.150000000000e+02  2.598321354484e-02
    5800  1.160000000000e+02  3.679324780041e-02
    5850  1.170000000000e+02  4.989621852234e-02
    5900  1.180000000000e+02  6.528120359919e-02
    5950  1.190000000000e+02  8.290080277638e-02
    6000  1.200000000000e+02  1.026703836450e-01
    6050  1.210000000000e+02  1.244679715894e-01
    6100  1.220000000000e+02  1.481346752935e-01
    6150  1.230000000000e+02  1.734759103215e-01
    6200  1.240000000000e+02  2.002631846846e-01
    6250  1.250000000000e+02  2.282365702579e-01
    6300  1.260000000000e+02  2.571077074162e-01
    6350  1.270000000000e+02  2.865633792520e-01
    6400  1.280000000000e+02  3.162695136890e-01
    6450  1.290000000000e+02  3.458756458401e-01
    6500  1.300000000000e+02  3.750199033473e-01
    6550  1.310000000000e+02  4.033342229538e-01
    6600  1.320000000000e+02  4.304496648028e-01
    6650  1.330000000000e+02  4.560020468360e-01
    6700  1.340000000000e+02  4.796373132577e-01
    6750  1.350000000000e+02  5.010170096139e-01
    6800  1.360000000000e+02  5.198234378615e-01
    6850  1.370000000000e+02  5.357649301954e-01
    6900  1.380000000000e+02  5.485806155301e-01
    6950  1.390000000000e+02  5.580448387549e-01
    7000  1.400000000000e+02  5.639713953490e-01
    7050  1.410000000000e+02  5.662173480395e-01
    7100  1.420000000000e+02  5.646862913070e-01
    7150  1.430000000000e+02  5.593310803013e-01
    7200  1.440000000000e+02  5.501567165098e-01
    7250  1.450000000000e+02  5.372221097283e-01
    7300  1.460000000000e+02  5.206413899370e-01
    7350  1.470000000000e+02  5.005845402220e-01
    7400  1.480000000000e+02  4.772773884656e-01
    7450  1.490000000000e+02  4.510011286444e-01
    7500  1.500000000000e+02  4.220907556722e-01
    7550  1.510000000000e+02  3.909330489078e-01
    7600  1.520000000000e+02  3.579635914018e-01
    7650  1.530000000000e+02  3.236629064072e-01
    7700  1.540000000000e+02  2.885517021153e-01
    7750  1.550000000000e+02  2.531850336497e-01
    7800  1.560000000000e+02  2.181458673985e-01
    7850  1.570000000000e+02  1.840375116863e-01
    7900  1.580000000000e+02  1.514751405556e-01
    7950  1.590000000000e+02  1.210767548345e-01
    8000  1.600000000000e+02  9.345323505179e-02
    8050  1.610000000000e+02  6.919790268110e-02
    8100  1.620000000000e+02  4.887587481789e-02
    8150  1.630000000000e+02  3.301326358877e-02
    8200  1.640000000000e+02  2.208626589388e-02
    8250  1.650000000000e+02  1.651105163936e-02
    8300  1.660000000000e+02  1.663419077296e-02
    8350  1.670000000000e+02  2.272403664123e-02
    8400  1.680000000000e+02  3.496353684556e-02
    8450  1.690000000000e+02  5.344375086113e-02
    8500  1.700000000000e+02  7.816001924478e-02
    8550  1.710000000000e+02  1.090080988556e-01
    8600  1.720000000000e+02  1.457841799194e-01
    8650  1.730000000000e+02  1.881845776295e-01
    8700  1.740000000000e+02  2.358091778405e-01
    8750  1.750000000000e+02  2.881650596351e-01
    8800  1.760000000000e+02  3.446745300022e-01
    8850  1.770000000000e+02  4.046820458353e-01
    8900  1.780000000000e+02  4.674662966825e-01
    8950  1.790000000000e+02  5.322518887708e-01
    9000  1.800000000000e+02  5.982242271832e-01
    9050  1.810000000000e+02  6.645439910776e-01
    9100  1.820000000000e+02  7.303656025481e-01
    9150  1.830000000000e+02  7.948496718832e-01
    9200  1.840000000000e+02  8.571804726117e-01
    9250  1.850000000000e+02  9.165762480414e-01
    9300  1.860000000000e+02  9.723008396929e-01
    9350  1.870000000000e+02  1.023669893832e+00
    9400  1.880000000000e+02  1.070057437063e+00
    9450  1.890000000000e+02  1.110900118277e+00
    9500  1.900000000000e+02  1.145701384832e+00
    9550  1.910000000000e+02  1.174034960224e+00
    9600  1.920000000000e+02  1.195546347302e+00
    9650  1.930000000000e+02  1.209955418206e+00
    9700  1.940000000000e+02  1.217058127658e+00
    9750  1.950000000000e+02  1.216727444564e+00
    9800  1.960000000000e+02  1.208915617896e+00
    9850  1.970000000000e+02  1.193656090820e+00
    9900  1.980000000000e+02  1.171065424839e+00
    9950  1.990000000000e+02  1.141345366881e+00
   10000  2.000000000000e+02  1.104784462230e+00
   10050  2.010000000000e+02  1.061758454090e+00
   10100  2.020000000000e+02  1.012731668377e+00
   10150  2.030000000000e+02  9.582563285591e-01
   10200  2.040000000000e+02  8.989713414456e-01
   10250  2.050000000000e+02  8.356009277096e-01
   10300  2.060000000000e+02  7.689512758442e-01
   10350  2.070000000000e+02  6.999031632350e-01
   10400  2.080000000000e+02  6.294037505057e-01
   10450  2.090000000000e+02  5.584532253744e-01
   10500  2.100000000000e+02  4.880914089790e-01
   10550  2.110000000000e+02  4.193796523285e-01
   10600  2.120000000000e+02  3.533854763061e-01
   10650  2.130000000000e+02  2.911628486577e-01
   10700  2.140000000000e+02  2.337351861622e-01
   10750  2.150000000000e+02  1.820766655358e-01
   10800  2.160000000000e+02  1.370950107676e-01
   10850  2.170000000000e+02  9.961556287764e-02
   10900  2.180000000000e+02  7.036613070979e-02
   10950  2.190000000000e+02  4.996260984677e-02
   11000  2.200000000000e+02  3.889596569802e-02
   11050  2.210000000000e+02  3.751950567137e-02
   11100  2.220000000000e+02  4.603724908168e-02
   11150  2.230000000000e+02  6.449433970710e-02
   11200  2.240000000000e+02  9.277119663919e-02
   11250  2.250000000000e+02  1.305814215965e-01
   11300  2.260000000000e+02  1.774750375043e-01
   11350  2.270000000000e+02  2.328438708914e-01
   11400  2.280000000000e+02  2.959298825663e-01
   11450  2.290000000000e+02  3.658338703265e-01
   11500  2.300000000000e+02  4.415292861356e-01
   11550  2.310000000000e+02  5.218823497817e-01
   11600  2.320000000000e+02  6.056802300166e-01
   11650  2.330000000000e+02  6.916722593491e-01
   11700  2.340000000000e+02  7.786129773674e-01
   11750  2.350000000000e+02  8.653093980436e-01
   11800  2.360000000000e+02  9.506526900002e-01
   11850  2.370000000000e+02  1.033633235926e+00
   11900  2.380000000000e+02  1.113327568269e+00
   11950  2.390000000000e+02  1.188871016787e+00
   12000  2.400000000000e+02  1.259431403292e+00
   12050  2.410000000000e+02  1.324193029869e+00
   12100  2.420000000000e+02  1.382371195442e+00
   12150  2.430000000000e+02  1.433237121443e+00
   12200  2.440000000000e+02  1.476151586219e+00
   12250  2.450000000000e+02  1.510590863028e+00
   12300  2.460000000000e+02  1.536154101011e+00
   12350  2.470000000000e+02  1.552557871291e+00
   12400  2.480000000000e+02  1.559627833279e+00
   12450  2.490000000000e+02  1.557293162922e+00
   12500  2.500000000000e+02  1.545584587836e+00
   12550  2.510000000000e+02  1.524635756379e+00
   12600  2.520000000000e+02  1.494683882826e+00
   12650  2.530000000000e+02  1.456069069753e+00
   12700  2.540000000000e+02  1.409233362644e+00
   12750  2.550000000000e+02  1.354714633148e+00
   12800  2.560000000000e+02  1.293141910419e+00
   12850  2.570000000000e+02  1.225233368243e+00
   12900  2.580000000000e+02  1.151797443889e+00
   12950  2.590000000000e+02  1.073736691041e+00
   13000  2.600000000000e+02  9.920491573320e-01
   13050  2.610000000000e+02  9.078185231667e-01
   13100  2.620000000000e+02  8.221905619551e-01
   13150  2.630000000000e+02  7.363368202919e-01
   13200  2.640000000000e+02  6.514149022793e-01
   13250  2.650000000000e+02  5.685359501993e-01
   13300  2.660000000000e+02  4.887542046079e-01
   13350  2.670000000000e+02  4.130713721831e-01
   13400  2.680000000000e+02  3.424516128519e-01
   13450  2.690000000000e+02  2.778281338481e-01
   13500  2.700000000000e+02  2.200960026763e-01
   13550  2.710000000000e+02  1.700892100004e-01
   13600  2.720000000000e+02  1.285486607368e-01
   13650  2.730000000000e+02  9.609184047930e-02
   13700  2.740000000000e+02  7.319096640150e-02
   13750  2.750000000000e+02  6.016048020620e-02
   13800  2.760000000000e+02  5.715054107313e-02
   13850  2.770000000000e+02  6.414272765747e-02
   13900  2.780000000000e+02  8.094958162194e-02
   13950  2.790000000000e+02  1.072203875742e-01
   14000  2.800000000000e+02  1.424531484356e-01
   14050  2.810000000000e+02  1.860054285564e-01
   14100  2.820000000000e+02  2.370993211930e-01
   14150  2.830000000000e+02  2.948216464929e-01
   14200  2.840000000000e+02  3.581224709685e-01
   14250  2.850000000000e+02  4.258262877439e-01
   14300  2.860000000000e+02  4.966656015242e-01
   14350  2.870000000000e+02  5.693524209680e-01
   14400  2.880000000000e+02  6.426671542256e-01
   14450  2.890000000000e+02  7.155320288965e-01
   14500  2.900000000000e+02  7.870385976612e-01
   14550  2.910000000000e+02  8.564340270793e-01
   14600  2.920000000000e+02  9.230696925966e-01
   14650  2.930000000000e+02  9.863292637727e-01
   14700  2.940000000000e+02  1.045530359686e+00
   14750  2.950000000000e+02  1.099846342626e+00
   14800  2.960000000000e+02  1.148310692629e+00
   14850  2.970000000000e+02  1.189939143263e+00
   14900  2.980000000000e+02  1.223918341602e+00
   14950  2.990000000000e+02  1.249768147861e+00
   15000  3.000000000000e+02  1.267407437529e+00
   15050  3.010000000000e+02  1.277099829054e+00
   15100  3.020000000000e+02  1.279293161000e+00
   15150  3.030000000000e+02  1.274406889503e+00
   15200  3.040000000000e+02  1.262670159819e+00
   15250  3.050000000000e+02  1.244106179052e+00
   15300  3.060000000000e+02  1.218653735157e+00
   15350  3.070000000000e+02  1.186321860252e+00
   15400  3.080000000000e+02  1.147288627925e+00
   15450  3.090000000000e+02  1.101946178279e+00
   15500  3.100000000000e+02  1.050923030820e+00
   15550  3.110000000000e+02  9.950676889373e-01
   15600  3.120000000000e+02  9.353671862085e-01
   15650  3.130000000000e+02  8.728318232542e-01
   15700  3.140000000000e+02  8.084062750052e-01
   15750  3.150000000000e+02  7.429284971811e-01
   15800  3.160000000000e+02  6.771233798639e-01
   15850  3.170000000000e+02  6.116226288651e-01
   15900  3.180000000000e+02  5.470109310148e-01
   15950  3.190000000000e+02  4.838836136195e-01
   16000  3.200000000000e+02  4.228831592455e-01
   16050  3.210000000000e+02  3.646977804779e-01
   16100  3.220000000000e+02  3.100400233770e-01
   16150  3.230000000000e+02  2.596133694495e-01
   16200  3.240000000000e+02  2.140702797352e-01
   16250  3.250000000000e+02  1.739644061451e-01
   16300  3.260000000000e+02  1.397188701817e-01
   16350  3.270000000000e+02  1.116178466038e-01
   16400  3.280000000000e+02  8.981931181513e-02
   16450  3.290000000000e+02  7.437785760223e-02
   16500  3.300000000000e+02  6.527291186037e-02
   16550  3.310000000000e+02  6.243161142297e-02
   16600  3.320000000000e+02  6.573004752882e-02
   16650  3.330000000000e+02  7.496821299970e-02
   16700  3.340000000000e+02  8.983610372493e-02
   16750  3.350000000000e+02  1.098918150656e-01
   16800  3.360000000000e+02  1.345677383728e-01
   16850  3.370000000000e+02  1.631995398842e-01
   16900  3.380000000000e+02  1.950701770927e-01
   16950  3.390000000000e+02  2.294506426064e-01
   17000  3.400000000000e+02  2.656297873039e-01
   17050  3.410000000000e+02  3.029212792522e-01
   17100  3.420000000000e+02  3.406640259345e-01
   17150  3.430000000000e+02  3.782255856881e-01
   17200  3.440000000000e+02  4.150176259817e-01
   17250  3.450000000000e+02  4.505101093939e-01
   17300  3.460000000000e+02  4.842280666721e-01
   17350  3.470000000000e+02  5.157182678951e-01
   17400  3.480000000000e+02  5.445106249115e-01
   17450  3.490000000000e+02  5.701246737552e-01
   17500  3.500000000000e+02  5.921296970468e-01
   17550  3.510000000000e+02  6.102129208174e-01
   17600  3.520000000000e+02  6.242134585155e-01
   17650  3.530000000000e+02  6.341204002538e-01
   17700  3.540000000000e+02  6.400530488005e-01
   17750  3.550000000000e+02  6.422188819608e-01
   17800  3.560000000000e+02  6.408390098712e-01
   17850  3.570000000000e+02  6.360698354151e-01
   17900  3.580000000000e+02  6.279717202691e-01
   17950  3.590000000000e+02  6.165504601321e-01
   18000  3.600000000000e+02  6.018421758158e-01
   18050  3.610000000000e+02  5.839859711454e-01
   18100  3.620000000000e+02  5.632484363081e-01
   18150  3.630000000000e+02  5.399973823852e-01
   18200  3.640000000000e+02  5.146444097269e-01
   18250  3.650000000000e+02  4.875869720125e-01
   18300  3.660000000000e+02  4.591817974502e-01
   18350  3.670000000000e+02  4.297512813992e-01
   18400  3.680000000000e+02  3.995980908682e-01
   18450  3.690000000000e+02  3.690154922631e-01
   18500  3.700000000000e+02  3.382986046957e-01
   18550  3.710000000000e+02  3.077582760338e-01
   18600  3.720000000000e+02  2.777303462673e-01
   18650  3.730000000000e+02  2.485737289100e-01
   18700  3.740000000000e+02  2.206564923445e-01
   18750  3.750000000000e+02  1.943330900798e-01
   18800  3.760000000000e+02  1.699165574067e-01
   18850  3.770000000000e+02  1.476514957760e-01
   18900  3.780000000000e+02  1.276975628881e-01
   18950  3.790000000000e+02  1.101341509805e-01
   19000  3.800000000000e+02  9.498419537875e-02
   19050  3.810000000000e+02  8.224158819347e-02
   19100  3.820000000000e+02  7.188923619658e-02
   19150  3.830000000000e+02  6.390383739533e-02
   19200  3.840000000000e+02  5.824667198121e-02
   19250  3.850000000000e+02  5.484657413457e-02
   19300  3.860000000000e+02  5.358786615520e-02
   19350  3.870000000000e+02  5.431076369064e-02
   19400  3.880000000000e+02  5.682147360050e-02
   19450  3.890000000000e+02  6.090647501458e-02
   19500  3.900000000000e+02  6.634635526251e-02
   19550  3.910000000000e+02  7.292556576671e-02
   19600  3.920000000000e+02  8.043713439477e-02
   19650  3.930000000000e+02  8.868227056822e-02
   19700  3.940000000000e+02  9.746320642473e-02
   19750  3.950000000000e+02  1.065714473352e-01
   19800  3.960000000000e+02  1.157811791553e-01
   19850  3.970000000000e+02  1.248583848478e-01
   19900  3.980000000000e+02  1.335865812713e-01
   19950  3.990000000000e+02  1.417951711909e-01
   20000  4.000000000000e+02  1.493710234612e-01
   20050  4.010000000000e+02  1.562455344906e-01
   20100  4.020000000000e+02  1.623694926462e-01
   20150  4.030000000000e+02  1.676970458146e-01
   20200  4.040000000000e+02  1.721830694584e-01
   20250  4.050000000000e+02  1.757787719148e-01
   20300  4.060000000000e+02  1.784247580372e-01
   20350  4.070000000000e+02  1.800531619225e-01
   20400  4.080000000000e+02  1.806004634323e-01
   20450  4.090000000000e+02  1.800299501405e-01
   20500  4.100000000000e+02  1.783566704477e-01
   20550  4.110000000000e+02  1.756573067095e-01
   20600  4.120000000000e+02  1.720568119541e-01
   20650  4.130000000000e+02  1.677008251233e-01
   20700  4.140000000000e+02  1.627268433168e-01
   20750  4.150000000000e+02  1.572476332270e-01
   20800  4.160000000000e+02  1.513551838135e-01
   20850  4.170000000000e+02  1.451345458622e-01
   20900  4.180000000000e+02  1.386696793693e-01
   20950  4.190000000000e+02  1.320389634769e-01
   21000  4.200000000000e+02  1.253110713363e-01
   21050  4.210000000000e+02  1.185485959954e-01
   21100  4.220000000000e+02  1.118175309249e-01
   21150  4.230000000000e+02  1.051947640164e-01
   21200  4.240000000000e+02  9.876569724028e-02
   21250  4.250000000000e+02  9.261445281657e-02
   21300  4.260000000000e+02  8.681461702270e-02
   21350  4.270000000000e+02  8.142403470500e-02
   21400  4.280000000000e+02  7.648417732579e-02
   21450  4.290000000000e+02  7.202226097960e-02
   21500  4.300000000000e+02  6.805136034193e-02
   21550  4.310000000000e+02  6.456587710138e-02
   21600  4.320000000000e+02  6.153938142341e-02
   21650  4.330000000000e+02  5.893220855437e-02
   21700  4.340000000000e+02  5.670549351801e-02
   21750  4.350000000000e+02  5.483168610848e-02
   21800  4.360000000000e+02  5.329439928620e-02
   21850  4.370000000000e+02  5.208006716347e-02
   21900  4.380000000000e+02  5.117091328403e-02
   21950  4.390000000000e+02  5.054379897400e-02
   22000  4.400000000000e+02  5.017102786120e-02
   22050  4.410000000000e+02  5.002061016779e-02
   22100  4.420000000000e+02  5.005759877395e-02
   22150  4.430000000000e+02  5.024724852135e-02
   22200  4.440000000000e+02  5.055904778857e-02
   22250  4.450000000000e+02  5.096875752303e-02
   22300  4.460000000000e+02  5.145575191636e-02
   22350  4.470000000000e+02  5.199802568856e-02
   22400  4.480000000000e+02  5.256979904512e-02
   22450  4.490000000000e+02  5.314269768855e-02
   22500  4.500000000000e+02  5.368840876917e-02
   22550  4.510000000000e+02  5.418192827391e-02
   22600  4.520000000000e+02  5.460431348987e-02
   22650  4.530000000000e+02  5.494335683230e-02
   22700  4.540000000000e+02  5.519302748219e-02
   22750  4.550000000000e+02  5.535311172101e-02
   22800  4.560000000000e+02  5.542886172221e-02
   22850  4.570000000000e+02  5.542946864852e-02
   22900  4.580000000000e+02  5.536447926722e-02
   22950  4.590000000000e+02  5.524074198851e-02
   23000  4.600000000000e+02  5.506325978321e-02
   23050  4.610000000000e+02  5.483856054791e-02
   23100  4.620000000000e+02  5.457660870313e-02
   23150  4.630000000000e+02  5.428967464239e-02
   23200  4.640000000000e+02  5.398910204613e-02
   23250  4.650000000000e+02  5.368206080151e-02
   23300  4.660000000000e+02  5.337075900838e-02
   23350  4.670000000000e+02  5.305501169714e-02
   23400  4.680000000000e+02  5.273553191635e-02
   23450  4.690000000000e+02  5.241555354001e-02
   23500  4.700000000000e+02  5.210090670002e-02
   23550  4.710000000000e+02  5.179878849500e-02
   23600  4.720000000000e+02  5.151607087094e-02
   23650  4.730000000000e+02  5.125836432020e-02
   23700  4.740000000000e+02  5.102932102183e-02
   23750  4.750000000000e+02  5.082977141740e-02
   23800  4.760000000000e+02  5.065794191236e-02
   23850  4.770000000000e+02  5.051101812034e-02
   23900  4.780000000000e+02  5.038639993923e-02
   23950  4.790000000000e+02  5.028165042390e-02
   24000  4.800000000000e+02  5.019408630005e-02
   24050  4.810000000000e+02  5.012109681260e-02
   24100  4.820000000000e+02  5.006092578474e-02
   24150  4.830000000000e+02  5.001289053159e-02
   24200  4.840000000000e+02  4.997667931034e-02
   24250  4.850000000000e+02  4.995137562254e-02
   24300  4.860000000000e+02  4.993507755950e-02
   24350  4.870000000000e+02  4.992534532913e-02
   24400  4.880000000000e+02  4.991995500421e-02
   24450  4.890000000000e+02  4.991733268398e-02
   24500  4.900000000000e+02  4.991646504001e-02
   24550  4.910000000000e+02  4.991660577317e-02
   24600  4.920000000000e+02  4.991715091811e-02
   24650  4.930000000000e+02  4.991768308106e-02
   24700  4.940000000000e+02  4.991800725142e-02
   24750  4.950000000000e+02  4.991807380456e-02
   24800  4.960000000000e+02  4.991785513350e-02
   24850  4.970000000000e+02  4.991731582366e-02
   24900  4.980000000000e+02  4.991645844756e-02
   24950  4.990000000000e+02  4.991530685398e-02
   25000  5.000000000000e+02  4.991386749510e-02
   25050  5.010000000000e+02  4.991222932575e-02
   25100  5.020000000000e+02  4.991077426615e-02
   25150  5.030000000000e+02  4.991012755674e-02
   25200  5.040000000000e+02  4.991060268170e-02
   25250  5.050000000000e+02  4.991181335743e-02
   25300  5.060000000000e+02  4.991310281560e-02
   25350  5.070000000000e+02  4.991413812075e-02
   25400  5.080000000000e+02  4.991492806329e-02
   25450  5.090000000000e+02  4.991546479234e-02
   25500  5.100000000000e+02  4.991553522464e-02
   25550  5.110000000000e+02  4.991490030735e-02
   25600  5.120000000000e+02  4.991356178742e-02
   25650  5.130000000000e+02  4.991180380262e-02
   25700  5.140000000000e+02  4.991001035739e-02
   25750  5.150000000000e+02  4.990850642706e-02
   25800  5.160000000000e+02  4.990750134739e-02
   25850  5.170000000000e+02  4.990701919875e-02
   25900  5.180000000000e+02  4.990691900937e-02
   25950  5.190000000000e+02  4.990709354159e-02
   26000  5.200000000000e+02  4.990755039599e-02
   26050  5.210000000000e+02  4.990825979264e-02
   26100  5.220000000000e+02  4.990908344003e-02
   26150  5.230000000000e+02  4.990988245742e-02
   26200  5.240000000000e+02  4.991059135332e-02
   26250  5.250000000000e+02  4.991121154204e-02
   26300  5.260000000000e+02  4.991178938123e-02
   26350  5.270000000000e+02  4.991236854152e-02
   26400  5.280000000000e+02  4.991293775435e-02
   26450  5.290000000000e+02  4.991342615475e-02
   26500  5.300000000000e+02  4.991374944220e-02
   26550  5.310000000000e+02  4.991386694593e-02
   26600  5.320000000000e+02  4.991380820340e-02
   26650  5.330000000000e+02  4.991367154855e-02
   26700  5.340000000000e+02  4.991355322450e-02
   26750  5.350000000000e+02  4.991342360005e-02
   26800  5.360000000000e+02  4.991310167650e-02
   26850  5.370000000000e+02  4.991240517720e-02
   26900  5.380000000000e+02  4.991134531828e-02
   26950  5.390000000000e+02  4.991015098129e-02
   27000  5.400000000000e+02  4.990910565454e-02
   27050  5.410000000000e+02  4.990842670908e-02
   27100  5.420000000000e+02  4.990817869871e-02
   27150  5.430000000000e+02  4.990814646780e-02
   27200  5.440000000000e+02  4.990794114250e-02
   27250  5.450000000000e+02  4.990727060611e-02
   27300  5.460000000000e+02  4.990603977812e-02
   27350  5.470000000000e+02  4.990441407785e-02
   27400  5.480000000000e+02  4.990285307815e-02
   27450  5.490000000000e+02  4.990186466176e-02
   27500  5.500000000000e+02  4.990170317025e-02
   27550  5.510000000000e+02  4.990226962545e-02
   27600  5.520000000000e+02  4.990317248221e-02
   27650  5.530000000000e+02  4.990396095386e-02
   27700  5.540000000000e+02  4.990441812208e-02
   27750  5.550000000000e+02  4.990466444183e-02
   27800  5.560000000000e+02  4.990504881766e-02
   27850  5.570000000000e+02  4.990590875446e-02
   27900  5.580000000000e+02  4.990733801652e-02
   27950  5.590000000000e+02  4.990915317079e-02
   28000  5.600000000000e+02  4.991105765638e-02
   28050  5.610000000000e+02  4.991276856827e-02
   28100  5.620000000000e+02  4.991397747673e-02
   28150  5.630000000000e+02  4.991431888440e-02
   28200  5.640000000000e+02  4.991351137895e-02
   28250  5.650000000000e+02  4.991157694677e-02
   28300  5.660000000000e+02  4.990892617166e-02
   28350  5.670000000000e+02  4.990623461526e-02
   28400  5.680000000000e+02  4.990424778156e-02
   28450  5.690000000000e+02  4.990362620224e-02
   28500  5.700000000000e+02  4.990475968447e-02
   28550  5.710000000000e+02  4.990745194466e-02
   28600  5.720000000000e+02  4.991081858703e-02
   28650  5.730000000000e+02  4.991375280256e-02
   28700  5.740000000000e+02  4.991546925163e-02
   28750  5.750000000000e+02  4.991559241998e-02
   28800  5.760000000000e+02  4.991400569512e-02
   28850  5.770000000000e+02  4.991079429987e-02
   28900  5.780000000000e+02  4.990630471618e-02
   28950  5.790000000000e+02  4.990126577452e-02
   29000  5.800000000000e+02  4.989679652514e-02
   29050  5.810000000000e+02  4.989397290901e-02
   29100  5.820000000000e+02  4.989315992469e-02
   29150  5.830000000000e+02  4.989390877953e-02
   29200  5.840000000000e+02  4.989544451845e-02
   29250  5.850000000000e+02  4.989702803157e-02
   29300  5.860000000000e+02  4.989807054572e-02
   29350  5.870000000000e+02  4.989823328474e-02
   29400  5.880000000000e+02  4.989749718760e-02
   29450  5.890000000000e+02  4.989611192868e-02
   29500  5.900000000000e+02  4.989452200083e-02
   29550  5.910000000000e+02  4.989333813389e-02
   29600  5.920000000000e+02  4.989316598306e-02
   29650  5.930000000000e+02  4.989427369195e-02
   29700  5.940000000000e+02  4.989638097926e-02
   29750  5.950000000000e+02  4.989877579882e-02
   29800  5.960000000000e+02  4.990068469980e-02
   29850  5.970000000000e+02  4.990159307305e-02
   29900  5.980000000000e+02  4.990134973455e-02
   29950  5.990000000000e+02  4.990014047378e-02
   30000  6.000000000000e+02  4.989843140306e-02
