################################################################################
# HEADER
# nspin         1
#%
# nik       217
#  st         1      26
# ust         1      26
# Iter             t            #  iter t Nex(t)  
################################################################################
       0  0.000000000000e+00  2.922662112326e-14
      50  7.500000000000e-01  1.096795766015e-08
     100  1.500000000000e+00  2.195720834319e-08
     150  2.250000000000e+00  3.317810035736e-08
     200  3.000000000000e+00  4.542001658808e-08
     250  3.750000000000e+00  6.051624758946e-08
     300  4.500000000000e+00  8.163218653823e-08
     350  5.250000000000e+00  1.139086650281e-07
     400  6.000000000000e+00  1.644257052180e-07
     450  6.750000000000e+00  2.425563522118e-07
     500  7.500000000000e+00  3.607526814081e-07
     550  8.250000000000e+00  5.341104566334e-07
     600  9.000000000000e+00  7.819186968946e-07
     650  9.750000000000e+00  1.127858313306e-06
     700  1.050000000000e+01  1.600054290000e-06
     750  1.125000000000e+01  2.230966643008e-06
     800  1.200000000000e+01  3.057988717303e-06
     850  1.275000000000e+01  4.122553676482e-06
     900  1.350000000000e+01  5.471582380574e-06
     950  1.425000000000e+01  7.151598105250e-06
    1000  1.500000000000e+01  9.214981171068e-06
    1050  1.575000000000e+01  1.171131659769e-05
    1100  1.650000000000e+01  1.469526039084e-05
    1150  1.725000000000e+01  1.822199049824e-05
    1200  1.800000000000e+01  2.234425781011e-05
    1250  1.875000000000e+01  2.711331218908e-05
    1300  1.950000000000e+01  3.257933084828e-05
    1350  2.025000000000e+01  3.878826158764e-05
    1400  2.100000000000e+01  4.577626752437e-05
    1450  2.175000000000e+01  5.357452024005e-05
    1500  2.250000000000e+01  6.220078419760e-05
    1550  2.325000000000e+01  7.166932599284e-05
    1600  2.400000000000e+01  8.197340383110e-05
    1650  2.475000000000e+01  9.308970713285e-05
    1700  2.550000000000e+01  1.049869029790e-04
    1750  2.625000000000e+01  1.176149763698e-04
    1800  2.700000000000e+01  1.308997971674e-04
    1850  2.775000000000e+01  1.447580074973e-04
    1900  2.850000000000e+01  1.590837711078e-04
    1950  2.925000000000e+01  1.737573282864e-04
    2000  3.000000000000e+01  1.886360682202e-04
    2050  3.075000000000e+01  2.035712047245e-04
    2100  3.150000000000e+01  2.183874744516e-04
    2150  3.225000000000e+01  2.329118318727e-04
    2200  3.300000000000e+01  2.469425584178e-04
    2250  3.375000000000e+01  2.602773772108e-04
    2300  3.450000000000e+01  2.727012618939e-04
    2350  3.525000000000e+01  2.840037532988e-04
    2400  3.600000000000e+01  2.939817587342e-04
    2450  3.675000000000e+01  3.024171785913e-04
    2500  3.750000000000e+01  3.091177460165e-04
    2550  3.825000000000e+01  3.138904813558e-04
    2600  3.900000000000e+01  3.165812734665e-04
    2650  3.975000000000e+01  3.170378719650e-04
    2700  4.050000000000e+01  3.151452130045e-04
    2750  4.125000000000e+01  3.108243740170e-04
    2800  4.200000000000e+01  3.040334332611e-04
    2850  4.275000000000e+01  2.947648748637e-04
    2900  4.350000000000e+01  2.830656589782e-04
    2950  4.425000000000e+01  2.690340139321e-04
    3000  4.500000000000e+01  2.528369249580e-04
    3050  4.575000000000e+01  2.346926480290e-04
    3100  4.650000000000e+01  2.148749899629e-04
    3150  4.725000000000e+01  1.937556153182e-04
    3200  4.800000000000e+01  1.717418753054e-04
    3250  4.875000000000e+01  1.493334836563e-04
    3300  4.950000000000e+01  1.270939734851e-04
    3350  5.025000000000e+01  1.056554741475e-04
    3400  5.100000000000e+01  8.572583894014e-05
    3450  5.175000000000e+01  6.807404232286e-05
    3500  5.250000000000e+01  5.353283915800e-05
    3550  5.325000000000e+01  4.299173035423e-05
    3600  5.400000000000e+01  3.739387928409e-05
    3650  5.475000000000e+01  3.772284705118e-05
    3700  5.550000000000e+01  4.500072930420e-05
    3750  5.625000000000e+01  6.027555061995e-05
    3800  5.700000000000e+01  8.461190283150e-05
    3850  5.775000000000e+01  1.190828399897e-04
    3900  5.850000000000e+01  1.647378498274e-04
    3950  5.925000000000e+01  2.226344471964e-04
    4000  6.000000000000e+01  2.937832379614e-04
    4050  6.075000000000e+01  3.791401333639e-04
    4100  6.150000000000e+01  4.796117815732e-04
    4150  6.225000000000e+01  5.960236497891e-04
    4200  6.300000000000e+01  7.291061908902e-04
    4250  6.375000000000e+01  8.794973679526e-04
    4300  6.450000000000e+01  1.047685695388e-03
    4350  6.525000000000e+01  1.234053726442e-03
    4400  6.600000000000e+01  1.438809946882e-03
    4450  6.675000000000e+01  1.662022065936e-03
    4500  6.750000000000e+01  1.903564956699e-03
    4550  6.825000000000e+01  2.163146816418e-03
    4600  6.900000000000e+01  2.440264809461e-03
    4650  6.975000000000e+01  2.734242074889e-03
    4700  7.050000000000e+01  3.044150937821e-03
    4750  7.125000000000e+01  3.368904590872e-03
    4800  7.200000000000e+01  3.707166889731e-03
    4850  7.275000000000e+01  4.057401142081e-03
    4900  7.350000000000e+01  4.417865946423e-03
    4950  7.425000000000e+01  4.786635535101e-03
    5000  7.500000000000e+01  5.161568136605e-03
    5050  7.575000000000e+01  5.540311943735e-03
    5100  7.650000000000e+01  5.920412518242e-03
    5150  7.725000000000e+01  6.299214553488e-03
    5200  7.800000000000e+01  6.673933207224e-03
    5250  7.875000000000e+01  7.041703012095e-03
    5300  7.950000000000e+01  7.399509762462e-03
    5350  8.025000000000e+01  7.744381740957e-03
    5400  8.100000000000e+01  8.073202998004e-03
    5450  8.175000000000e+01  8.382898197418e-03
    5500  8.250000000000e+01  8.670412354407e-03
    5550  8.325000000000e+01  8.932785192967e-03
    5600  8.400000000000e+01  9.167128200934e-03
    5650  8.475000000000e+01  9.370689287115e-03
    5700  8.550000000000e+01  9.540872660246e-03
    5750  8.625000000000e+01  9.675295754119e-03
    5800  8.700000000000e+01  9.771790097903e-03
    5850  8.775000000000e+01  9.828534738504e-03
    5900  8.850000000000e+01  9.843919180970e-03
    5950  8.925000000000e+01  9.816716594883e-03
    6000  9.000000000000e+01  9.746040387676e-03
    6050  9.075000000000e+01  9.631458128684e-03
    6100  9.150000000000e+01  9.472928267923e-03
    6150  9.225000000000e+01  9.270848392273e-03
    6200  9.300000000000e+01  9.026086355039e-03
    6250  9.375000000000e+01  8.740016398034e-03
    6300  9.450000000000e+01  8.414481419742e-03
    6350  9.525000000000e+01  8.051771161265e-03
    6400  9.600000000000e+01  7.654831537811e-03
    6450  9.675000000000e+01  7.226943201197e-03
    6500  9.750000000000e+01  6.772027799582e-03
    6550  9.825000000000e+01  6.294369472723e-03
    6600  9.900000000000e+01  5.798794920171e-03
    6650  9.975000000000e+01  5.290504676173e-03
    6700  1.005000000000e+02  4.775129577963e-03
    6750  1.012500000000e+02  4.258715398701e-03
    6800  1.020000000000e+02  3.747591374681e-03
    6850  1.027500000000e+02  3.248413251128e-03
    6900  1.035000000000e+02  2.768059724069e-03
    6950  1.042500000000e+02  2.313591366541e-03
    7000  1.050000000000e+02  1.892231310078e-03
    7050  1.057500000000e+02  1.511219712363e-03
    7100  1.065000000000e+02  1.177843584258e-03
    7150  1.072500000000e+02  8.993026306054e-04
    7200  1.080000000000e+02  6.826639243498e-04
    7250  1.087500000000e+02  5.347972349145e-04
    7300  1.095000000000e+02  4.622857960076e-04
    7350  1.102500000000e+02  4.713564905787e-04
    7400  1.110000000000e+02  5.678220333048e-04
    7450  1.117500000000e+02  7.569782143850e-04
    7500  1.125000000000e+02  1.043572159100e-03
    7550  1.132500000000e+02  1.431697662182e-03
    7600  1.140000000000e+02  1.924754247084e-03
    7650  1.147500000000e+02  2.525363206131e-03
    7700  1.155000000000e+02  3.235387886716e-03
    7750  1.162500000000e+02  4.055769991781e-03
    7800  1.170000000000e+02  4.986566423536e-03
    7850  1.177500000000e+02  6.026889825431e-03
    7900  1.185000000000e+02  7.174921153683e-03
    7950  1.192500000000e+02  8.427795726175e-03
    8000  1.200000000000e+02  9.781734190774e-03
    8050  1.207500000000e+02  1.123193524025e-02
    8100  1.215000000000e+02  1.277251576806e-02
    8150  1.222500000000e+02  1.439674783777e-02
    8200  1.230000000000e+02  1.609682092584e-02
    8250  1.237500000000e+02  1.786422134397e-02
    8300  1.245000000000e+02  1.968936466736e-02
    8350  1.252500000000e+02  2.156191496680e-02
    8400  1.260000000000e+02  2.347084211635e-02
    8450  1.267500000000e+02  2.540447670131e-02
    8500  1.275000000000e+02  2.735048863854e-02
    8550  1.282500000000e+02  2.929605107634e-02
    8600  1.290000000000e+02  3.122798624010e-02
    8650  1.297500000000e+02  3.313281028956e-02
    8700  1.305000000000e+02  3.499682315589e-02
    8750  1.312500000000e+02  3.680618347646e-02
    8800  1.320000000000e+02  3.854725883950e-02
    8850  1.327500000000e+02  4.020650004666e-02
    8900  1.335000000000e+02  4.177048463356e-02
    8950  1.342500000000e+02  4.322634672388e-02
    9000  1.350000000000e+02  4.456183918513e-02
    9050  1.357500000000e+02  4.576505707747e-02
    9100  1.365000000000e+02  4.682520565002e-02
    9150  1.372500000000e+02  4.773200939531e-02
    9200  1.380000000000e+02  4.847643815088e-02
    9250  1.387500000000e+02  4.905046691583e-02
    9300  1.395000000000e+02  4.944707566156e-02
    9350  1.402500000000e+02  4.966077377640e-02
    9400  1.410000000000e+02  4.968731921619e-02
    9450  1.417500000000e+02  4.952391772636e-02
    9500  1.425000000000e+02  4.916928115111e-02
    9550  1.432500000000e+02  4.862351090139e-02
    9600  1.440000000000e+02  4.788855974906e-02
    9650  1.447500000000e+02  4.696777268705e-02
    9700  1.455000000000e+02  4.586627711764e-02
    9750  1.462500000000e+02  4.459075209622e-02
    9800  1.470000000000e+02  4.314951430870e-02
    9850  1.477500000000e+02  4.155258216119e-02
    9900  1.485000000000e+02  3.981141981503e-02
    9950  1.492500000000e+02  3.793905420483e-02
   10000  1.500000000000e+02  3.594978419463e-02
   10050  1.507500000000e+02  3.385955744988e-02
   10100  1.515000000000e+02  3.168547121460e-02
   10150  1.522500000000e+02  2.944567574300e-02
   10200  1.530000000000e+02  2.715941130065e-02
   10250  1.537500000000e+02  2.484678119892e-02
   10300  1.545000000000e+02  2.252875621710e-02
   10350  1.552500000000e+02  2.022681952300e-02
   10400  1.560000000000e+02  1.796288191938e-02
   10450  1.567500000000e+02  1.575907676600e-02
   10500  1.575000000000e+02  1.363777018868e-02
   10550  1.582500000000e+02  1.162098804108e-02
   10600  1.590000000000e+02  9.730675006570e-03
   10650  1.597500000000e+02  7.988132680318e-03
   10700  1.605000000000e+02  6.414104349068e-03
   10750  1.612500000000e+02  5.028345518505e-03
   10800  1.620000000000e+02  3.849622416126e-03
   10850  1.627500000000e+02  2.895413152159e-03
   10900  1.635000000000e+02  2.181758804343e-03
   10950  1.642500000000e+02  1.723103990667e-03
   11000  1.650000000000e+02  1.532106404998e-03
   11050  1.657500000000e+02  1.619507779064e-03
   11100  1.665000000000e+02  1.993988064991e-03
   11150  1.672500000000e+02  2.662045844104e-03
   11200  1.680000000000e+02  3.627850294043e-03
   11250  1.687500000000e+02  4.893277939057e-03
   11300  1.695000000000e+02  6.457670680635e-03
   11350  1.702500000000e+02  8.317937890168e-03
   11400  1.710000000000e+02  1.046845209714e-02
   11450  1.717500000000e+02  1.290110042468e-02
   11500  1.725000000000e+02  1.560527634340e-02
   11550  1.732500000000e+02  1.856790849750e-02
   11600  1.740000000000e+02  2.177359078217e-02
   11650  1.747500000000e+02  2.520457678042e-02
   11700  1.755000000000e+02  2.884115561208e-02
   11750  1.762500000000e+02  3.266135529848e-02
   11800  1.770000000000e+02  3.664143979211e-02
   11850  1.777500000000e+02  4.075598219224e-02
   11900  1.785000000000e+02  4.497802579575e-02
   11950  1.792500000000e+02  4.927938501423e-02
   12000  1.800000000000e+02  5.363073917452e-02
   12050  1.807500000000e+02  5.800203240632e-02
   12100  1.815000000000e+02  6.236232889156e-02
   12150  1.822500000000e+02  6.668072449141e-02
   12200  1.830000000000e+02  7.092575583394e-02
   12250  1.837500000000e+02  7.506658070748e-02
   12300  1.845000000000e+02  7.907239414955e-02
   12350  1.852500000000e+02  8.291321701570e-02
   12400  1.860000000000e+02  8.655987490977e-02
   12450  1.867500000000e+02  8.998442123927e-02
   12500  1.875000000000e+02  9.316034513838e-02
   12550  1.882500000000e+02  9.606247460612e-02
   12600  1.890000000000e+02  9.866771945441e-02
   12650  1.897500000000e+02  1.009549025165e-01
   12700  1.905000000000e+02  1.029050600898e-01
   12750  1.912500000000e+02  1.045015153774e-01
   12800  1.920000000000e+02  1.057302674293e-01
   12850  1.927500000000e+02  1.065799671392e-01
   12900  1.935000000000e+02  1.070420512713e-01
   12950  1.942500000000e+02  1.071106016043e-01
   13000  1.950000000000e+02  1.067833049552e-01
   13050  1.957500000000e+02  1.060599499268e-01
   13100  1.965000000000e+02  1.049440643319e-01
   13150  1.972500000000e+02  1.034417278118e-01
   13200  1.980000000000e+02  1.015625190475e-01
   13250  1.987500000000e+02  9.931879827206e-02
   13300  1.995000000000e+02  9.672571303916e-02
   13350  2.002500000000e+02  9.380147363722e-02
   13400  2.010000000000e+02  9.056701280952e-02
   13450  2.017500000000e+02  8.704584463353e-02
   13500  2.025000000000e+02  8.326392735937e-02
   13550  2.032500000000e+02  7.924967325391e-02
   13600  2.040000000000e+02  7.503344367984e-02
   13650  2.047500000000e+02  7.064777861980e-02
   13700  2.055000000000e+02  6.612654438144e-02
   13750  2.062500000000e+02  6.150527203387e-02
   13800  2.070000000000e+02  5.682077376430e-02
   13850  2.077500000000e+02  5.211069281277e-02
   13900  2.085000000000e+02  4.741326131367e-02
   13950  2.092500000000e+02  4.276712999155e-02
   14000  2.100000000000e+02  3.821094928609e-02
   14050  2.107500000000e+02  3.378317557165e-02
   14100  2.115000000000e+02  2.952154336251e-02
   14150  2.122500000000e+02  2.546308105237e-02
   14200  2.130000000000e+02  2.164351311313e-02
   14250  2.137500000000e+02  1.809697499699e-02
   14300  2.145000000000e+02  1.485586888337e-02
   14350  2.152500000000e+02  1.195046394423e-02
   14400  2.160000000000e+02  9.408660061211e-03
   14450  2.167500000000e+02  7.255651648258e-03
   14500  2.175000000000e+02  5.513732833782e-03
   14550  2.182500000000e+02  4.202139033649e-03
   14600  2.190000000000e+02  3.336720858245e-03
   14650  2.197500000000e+02  2.929866090537e-03
   14700  2.205000000000e+02  2.990304853732e-03
   14750  2.212500000000e+02  3.523011482486e-03
   14800  2.220000000000e+02  4.529123044256e-03
   14850  2.227500000000e+02  6.005940487272e-03
   14900  2.235000000000e+02  7.946833561636e-03
   14950  2.242500000000e+02  1.034135117667e-02
   15000  2.250000000000e+02  1.317521405430e-02
   15050  2.257500000000e+02  1.643060390617e-02
   15100  2.265000000000e+02  2.008599953542e-02
   15150  2.272500000000e+02  2.411653063845e-02
   15200  2.280000000000e+02  2.849436937298e-02
   15250  2.287500000000e+02  3.318852175035e-02
   15300  2.295000000000e+02  3.816541208931e-02
   15350  2.302500000000e+02  4.338916631101e-02
   15400  2.310000000000e+02  4.882177851275e-02
   15450  2.317500000000e+02  5.442336367726e-02
   15500  2.325000000000e+02  6.015286414132e-02
   15550  2.332500000000e+02  6.596797062485e-02
   15600  2.340000000000e+02  7.182570769561e-02
   15650  2.347500000000e+02  7.768272513609e-02
   15700  2.355000000000e+02  8.349554103056e-02
   15750  2.362500000000e+02  8.922130118494e-02
   15800  2.370000000000e+02  9.481742779810e-02
   15850  2.377500000000e+02  1.002426753348e-01
   15900  2.385000000000e+02  1.054569008728e-01
   15950  2.392500000000e+02  1.104219073113e-01
   16000  2.400000000000e+02  1.151006444208e-01
   16050  2.407500000000e+02  1.194591257354e-01
   16100  2.415000000000e+02  1.234650877542e-01
   16150  2.422500000000e+02  1.270892423812e-01
   16200  2.430000000000e+02  1.303051845998e-01
   16250  2.437500000000e+02  1.330890977347e-01
   16300  2.445000000000e+02  1.354208910220e-01
   16350  2.452500000000e+02  1.372833192653e-01
   16400  2.460000000000e+02  1.386630435468e-01
   16450  2.467500000000e+02  1.395496483727e-01
   16500  2.475000000000e+02  1.399369606036e-01
   16550  2.482500000000e+02  1.398219386542e-01
   16600  2.490000000000e+02  1.392051785424e-01
   16650  2.497500000000e+02  1.380914427137e-01
   16700  2.505000000000e+02  1.364884538476e-01
   16750  2.512500000000e+02  1.344078286161e-01
   16800  2.520000000000e+02  1.318645534718e-01
   16850  2.527500000000e+02  1.288771143081e-01
   16900  2.535000000000e+02  1.254672674768e-01
   16950  2.542500000000e+02  1.216595428326e-01
   17000  2.550000000000e+02  1.174816963962e-01
   17050  2.557500000000e+02  1.129642682044e-01
   17100  2.565000000000e+02  1.081401443484e-01
   17150  2.572500000000e+02  1.030445682872e-01
   17200  2.580000000000e+02  9.771519674258e-02
   17250  2.587500000000e+02  9.219072745070e-02
   17300  2.595000000000e+02  8.651218394735e-02
   17350  2.602500000000e+02  8.072139029855e-02
   17400  2.610000000000e+02  7.486111071826e-02
   17450  2.617500000000e+02  6.897500532849e-02
   17500  2.625000000000e+02  6.310650996679e-02
   17550  2.632500000000e+02  5.729965916670e-02
   17600  2.640000000000e+02  5.159774069851e-02
   17650  2.647500000000e+02  4.604337258430e-02
   17700  2.655000000000e+02  4.067822189053e-02
   17750  2.662500000000e+02  3.554250567537e-02
   17800  2.670000000000e+02  3.067474173698e-02
   17850  2.677500000000e+02  2.611143195322e-02
   17900  2.685000000000e+02  2.188675377769e-02
   17950  2.692500000000e+02  1.803229921450e-02
   18000  2.700000000000e+02  1.457673521805e-02
   18050  2.707500000000e+02  1.154551944204e-02
   18100  2.715000000000e+02  8.960881763659e-03
   18150  2.722500000000e+02  6.841424113444e-03
   18200  2.730000000000e+02  5.202019467557e-03
   18250  2.737500000000e+02  4.053686054334e-03
   18300  2.745000000000e+02  3.403515172855e-03
   18350  2.752500000000e+02  3.254579273022e-03
   18400  2.760000000000e+02  3.605908789157e-03
   18450  2.767500000000e+02  4.452540582193e-03
   18500  2.775000000000e+02  5.785525177893e-03
   18550  2.782500000000e+02  7.592055835602e-03
   18600  2.790000000000e+02  9.855582048718e-03
   18650  2.797500000000e+02  1.255588609968e-02
   18700  2.805000000000e+02  1.566952054319e-02
   18750  2.812500000000e+02  1.916976729102e-02
   18800  2.820000000000e+02  2.302695119359e-02
   18850  2.827500000000e+02  2.720883397613e-02
   18900  2.835000000000e+02  3.168076137863e-02
   18950  2.842500000000e+02  3.640613562746e-02
   19000  2.850000000000e+02  4.134656406459e-02
   19050  2.857500000000e+02  4.646215980642e-02
   19100  2.865000000000e+02  5.171231737201e-02
   19150  2.872500000000e+02  5.705554187319e-02
   19200  2.880000000000e+02  6.244989075763e-02
   19250  2.887500000000e+02  6.785374462179e-02
   19300  2.895000000000e+02  7.322537986490e-02
   19350  2.902500000000e+02  7.852414499876e-02
   19400  2.910000000000e+02  8.371020070312e-02
   19450  2.917500000000e+02  8.874484994683e-02
   19500  2.925000000000e+02  9.359099310907e-02
   19550  2.932500000000e+02  9.821356498199e-02
   19600  2.940000000000e+02  1.025793769014e-01
   19650  2.947500000000e+02  1.066576061552e-01
   19700  2.955000000000e+02  1.104198285786e-01
   19750  2.962500000000e+02  1.138403200879e-01
   19800  2.970000000000e+02  1.168961748817e-01
   19850  2.977500000000e+02  1.195675357637e-01
   19900  2.985000000000e+02  1.218372066671e-01
   19950  2.992500000000e+02  1.236916609036e-01
   20000  3.000000000000e+02  1.251201592352e-01
   20050  3.007500000000e+02  1.261153475120e-01
   20100  3.015000000000e+02  1.266731333541e-01
   20150  3.022500000000e+02  1.267922729462e-01
   20200  3.030000000000e+02  1.264750245952e-01
   20250  3.037500000000e+02  1.257265922516e-01
   20300  3.045000000000e+02  1.245553550779e-01
   20350  3.052500000000e+02  1.229724380506e-01
   20400  3.060000000000e+02  1.209917539634e-01
   20450  3.067500000000e+02  1.186298160329e-01
   20500  3.075000000000e+02  1.159060379739e-01
   20550  3.082500000000e+02  1.128414049389e-01
   20600  3.090000000000e+02  1.094599094429e-01
   20650  3.097500000000e+02  1.057867624709e-01
   20700  3.105000000000e+02  1.018492876898e-01
   20750  3.112500000000e+02  9.767629579279e-02
   20800  3.120000000000e+02  9.329753968169e-02
   20850  3.127500000000e+02  8.874421603451e-02
   20900  3.135000000000e+02  8.404816336097e-02
   20950  3.142500000000e+02  7.924159080127e-02
   21000  3.150000000000e+02  7.435728998487e-02
   21050  3.157500000000e+02  6.942782977783e-02
   21100  3.165000000000e+02  6.448578897350e-02
   21150  3.172500000000e+02  5.956318092300e-02
   21200  3.180000000000e+02  5.469145599859e-02
   21250  3.187500000000e+02  4.990107635015e-02
   21300  3.195000000000e+02  4.522144376713e-02
   21350  3.202500000000e+02  4.068056733440e-02
   21400  3.210000000000e+02  3.630485962696e-02
   21450  3.217500000000e+02  3.211914536157e-02
   21500  3.225000000000e+02  2.814628397810e-02
   21550  3.232500000000e+02  2.440717563334e-02
   21600  3.240000000000e+02  2.092038798131e-02
   21650  3.247500000000e+02  1.770228249252e-02
   21700  3.255000000000e+02  1.476678413768e-02
   21750  3.262500000000e+02  1.212537131235e-02
   21800  3.270000000000e+02  9.786999389050e-03
   21850  3.277500000000e+02  7.758009515161e-03
   21900  3.285000000000e+02  6.042203009136e-03
   21950  3.292500000000e+02  4.640834844029e-03
   22000  3.300000000000e+02  3.552621106868e-03
   22050  3.307500000000e+02  2.773838980227e-03
   22100  3.315000000000e+02  2.298369734664e-03
   22150  3.322500000000e+02  2.117845761761e-03
   22200  3.330000000000e+02  2.221732103483e-03
   22250  3.337500000000e+02  2.597470880458e-03
   22300  3.345000000000e+02  3.230696281061e-03
   22350  3.352500000000e+02  4.105261718781e-03
   22400  3.360000000000e+02  5.203569580213e-03
   22450  3.367500000000e+02  6.506656977267e-03
   22500  3.375000000000e+02  7.994409533093e-03
   22550  3.382500000000e+02  9.645775607933e-03
   22600  3.390000000000e+02  1.143899342078e-02
   22650  3.397500000000e+02  1.335167903325e-02
   22700  3.405000000000e+02  1.536107609007e-02
   22750  3.412500000000e+02  1.744441235980e-02
   22800  3.420000000000e+02  1.957872486667e-02
   22850  3.427500000000e+02  2.174142277431e-02
   22900  3.435000000000e+02  2.391034945482e-02
   22950  3.442500000000e+02  2.606376606116e-02
   23000  3.450000000000e+02  2.818074765174e-02
   23050  3.457500000000e+02  3.024126978049e-02
   23100  3.465000000000e+02  3.222621231043e-02
   23150  3.472500000000e+02  3.411787299127e-02
   23200  3.480000000000e+02  3.589948760814e-02
   23250  3.487500000000e+02  3.755606523002e-02
   23300  3.495000000000e+02  3.907372630388e-02
   23350  3.502500000000e+02  4.044035320386e-02
   23400  3.510000000000e+02  4.164548512988e-02
   23450  3.517500000000e+02  4.268014303010e-02
   23500  3.525000000000e+02  4.353721417798e-02
   23550  3.532500000000e+02  4.421136906371e-02
   23600  3.540000000000e+02  4.469866430969e-02
   23650  3.547500000000e+02  4.499733173066e-02
   23700  3.555000000000e+02  4.510699951249e-02
   23750  3.562500000000e+02  4.502892535594e-02
   23800  3.570000000000e+02  4.476617750126e-02
   23850  3.577500000000e+02  4.432312354246e-02
   23900  3.585000000000e+02  4.370571666972e-02
   23950  3.592500000000e+02  4.292127590427e-02
   24000  3.600000000000e+02  4.197835506042e-02
   24050  3.607500000000e+02  4.088668514444e-02
   24100  3.615000000000e+02  3.965719653976e-02
   24150  3.622500000000e+02  3.830148052423e-02
   24200  3.630000000000e+02  3.683221837476e-02
   24250  3.637500000000e+02  3.526257156981e-02
   24300  3.645000000000e+02  3.360643637041e-02
   24350  3.652500000000e+02  3.187787106444e-02
   24400  3.660000000000e+02  3.009150162396e-02
   24450  3.667500000000e+02  2.826187930951e-02
   24500  3.675000000000e+02  2.640367348708e-02
   24550  3.682500000000e+02  2.453136720918e-02
   24600  3.690000000000e+02  2.265932605575e-02
   24650  3.697500000000e+02  2.080139656784e-02
   24700  3.705000000000e+02  1.897100584173e-02
   24750  3.712500000000e+02  1.718104573904e-02
   24800  3.720000000000e+02  1.544371192643e-02
   24850  3.727500000000e+02  1.377039551553e-02
   24900  3.735000000000e+02  1.217159940535e-02
   24950  3.742500000000e+02  1.065691839820e-02
   25000  3.750000000000e+02  9.234996802843e-03
   25050  3.757500000000e+02  7.913400504721e-03
   25100  3.765000000000e+02  6.698594877064e-03
   25150  3.772500000000e+02  5.595994756036e-03
   25200  3.780000000000e+02  4.609820932317e-03
   25250  3.787500000000e+02  3.743198461636e-03
   25300  3.795000000000e+02  2.998140451975e-03
   25350  3.802500000000e+02  2.375553432983e-03
   25400  3.810000000000e+02  1.875225967614e-03
   25450  3.817500000000e+02  1.495991513553e-03
   25500  3.825000000000e+02  1.235637798754e-03
   25550  3.832500000000e+02  1.091048127558e-03
   25600  3.840000000000e+02  1.058230844197e-03
   25650  3.847500000000e+02  1.132390312758e-03
   25700  3.855000000000e+02  1.308018001554e-03
   25750  3.862500000000e+02  1.578962786854e-03
   25800  3.870000000000e+02  1.938495304114e-03
   25850  3.877500000000e+02  2.379427729593e-03
   25900  3.885000000000e+02  2.894151826083e-03
   25950  3.892500000000e+02  3.474790525869e-03
   26000  3.900000000000e+02  4.113219498915e-03
   26050  3.907500000000e+02  4.801156602798e-03
   26100  3.915000000000e+02  5.530261628207e-03
   26150  3.922500000000e+02  6.292216097269e-03
   26200  3.930000000000e+02  7.078796861195e-03
   26250  3.937500000000e+02  7.881872981002e-03
   26300  3.945000000000e+02  8.693563001393e-03
   26350  3.952500000000e+02  9.506235299946e-03
   26400  3.960000000000e+02  1.031260276033e-02
   26450  3.967500000000e+02  1.110564211129e-02
   26500  3.975000000000e+02  1.187885608329e-02
   26550  3.982500000000e+02  1.262604216860e-02
   26600  3.990000000000e+02  1.334161050201e-02
   26650  3.997500000000e+02  1.402042109994e-02
   26700  4.005000000000e+02  1.465773202427e-02
   26750  4.012500000000e+02  1.524946936447e-02
   26800  4.020000000000e+02  1.579204776764e-02
   26850  4.027500000000e+02  1.628234711606e-02
   26900  4.035000000000e+02  1.671783305626e-02
   26950  4.042500000000e+02  1.709651701229e-02
   27000  4.050000000000e+02  1.741687655864e-02
   27050  4.057500000000e+02  1.767795175374e-02
   27100  4.065000000000e+02  1.787915440936e-02
   27150  4.072500000000e+02  1.802054018247e-02
   27200  4.080000000000e+02  1.810247522209e-02
   27250  4.087500000000e+02  1.812582579231e-02
   27300  4.095000000000e+02  1.809181748269e-02
   27350  4.102500000000e+02  1.800205520164e-02
   27400  4.110000000000e+02  1.785849254801e-02
   27450  4.117500000000e+02  1.766342617244e-02
   27500  4.125000000000e+02  1.741935391114e-02
   27550  4.132500000000e+02  1.712904792570e-02
   27600  4.140000000000e+02  1.679559704563e-02
   27650  4.147500000000e+02  1.642224916618e-02
   27700  4.155000000000e+02  1.601218339936e-02
   27750  4.162500000000e+02  1.556904720967e-02
   27800  4.170000000000e+02  1.509631033915e-02
   27850  4.177500000000e+02  1.459770834295e-02
   27900  4.185000000000e+02  1.407680124721e-02
   27950  4.192500000000e+02  1.353730284853e-02
   28000  4.200000000000e+02  1.298284936278e-02
   28050  4.207500000000e+02  1.241707244043e-02
   28100  4.215000000000e+02  1.184340681083e-02
   28150  4.222500000000e+02  1.126527784906e-02
   28200  4.230000000000e+02  1.068597775348e-02
   28250  4.237500000000e+02  1.010857615839e-02
   28300  4.245000000000e+02  9.536160044817e-03
   28350  4.252500000000e+02  8.971371161352e-03
   28400  4.260000000000e+02  8.416878229207e-03
   28450  4.267500000000e+02  7.875020857651e-03
   28500  4.275000000000e+02  7.347966465996e-03
   28550  4.282500000000e+02  6.837607658830e-03
   28600  4.290000000000e+02  6.345646891262e-03
   28650  4.297500000000e+02  5.873511145402e-03
   28700  4.305000000000e+02  5.422424705633e-03
   28750  4.312500000000e+02  4.993313390785e-03
   28800  4.320000000000e+02  4.586919429122e-03
   28850  4.327500000000e+02  4.203735060602e-03
   28900  4.335000000000e+02  3.844045213912e-03
   28950  4.342500000000e+02  3.507919967778e-03
   29000  4.350000000000e+02  3.195216191891e-03
   29050  4.357500000000e+02  2.905627517374e-03
   29100  4.365000000000e+02  2.638682912430e-03
   29150  4.372500000000e+02  2.393767681914e-03
   29200  4.380000000000e+02  2.170075672486e-03
   29250  4.387500000000e+02  1.966782162188e-03
   29300  4.395000000000e+02  1.782916271369e-03
   29350  4.402500000000e+02  1.617439124429e-03
   29400  4.410000000000e+02  1.469258978636e-03
   29450  4.417500000000e+02  1.337251136874e-03
   29500  4.425000000000e+02  1.220253272148e-03
   29550  4.432500000000e+02  1.117118633043e-03
   29600  4.440000000000e+02  1.026683349148e-03
   29650  4.447500000000e+02  9.478347808232e-04
   29700  4.455000000000e+02  8.794804999673e-04
   29750  4.462500000000e+02  8.205685721224e-04
   29800  4.470000000000e+02  7.701225169083e-04
   29850  4.477500000000e+02  7.272088719754e-04
   29900  4.485000000000e+02  6.909784248215e-04
   29950  4.492500000000e+02  6.606561165845e-04
   30000  4.500000000000e+02  6.355228496063e-04
   30050  4.507500000000e+02  6.149691590623e-04
   30100  4.515000000000e+02  5.984510639435e-04
   30150  4.522500000000e+02  5.854845504320e-04
   30200  4.530000000000e+02  5.756832707203e-04
   30250  4.537500000000e+02  5.687132985514e-04
   30300  4.545000000000e+02  5.643177243497e-04
   30350  4.552500000000e+02  5.622897695980e-04
   30400  4.560000000000e+02  5.624742267350e-04
   30450  4.567500000000e+02  5.647517379999e-04
   30500  4.575000000000e+02  5.690631682528e-04
   30550  4.582500000000e+02  5.753511293396e-04
   30600  4.590000000000e+02  5.835996845904e-04
   30650  4.597500000000e+02  5.938065115061e-04
   30700  4.605000000000e+02  6.059772436583e-04
   30750  4.612500000000e+02  6.201090090673e-04
   30800  4.620000000000e+02  6.362180583122e-04
   30850  4.627500000000e+02  6.543043781303e-04
   30900  4.635000000000e+02  6.743560489242e-04
   30950  4.642500000000e+02  6.963641374735e-04
   31000  4.650000000000e+02  7.202834036340e-04
   31050  4.657500000000e+02  7.460694516386e-04
   31100  4.665000000000e+02  7.736663106152e-04
   31150  4.672500000000e+02  8.029945956825e-04
   31200  4.680000000000e+02  8.339561702896e-04
   31250  4.687500000000e+02  8.664478395876e-04
   31300  4.695000000000e+02  9.003446892794e-04
   31350  4.702500000000e+02  9.355114305508e-04
   31400  4.710000000000e+02  9.718124178857e-04
   31450  4.717500000000e+02  1.009095664582e-03
   31500  4.725000000000e+02  1.047206157911e-03
   31550  4.732500000000e+02  1.085963994986e-03
   31600  4.740000000000e+02  1.125238099860e-03
   31650  4.747500000000e+02  1.164826031713e-03
   31700  4.755000000000e+02  1.204578745972e-03
   31750  4.762500000000e+02  1.244318632384e-03
   31800  4.770000000000e+02  1.283882115005e-03
   31850  4.777500000000e+02  1.323108904258e-03
   31900  4.785000000000e+02  1.361849405468e-03
   31950  4.792500000000e+02  1.399958052147e-03
   32000  4.800000000000e+02  1.437272904430e-03
   32050  4.807500000000e+02  1.473677405816e-03
   32100  4.815000000000e+02  1.509045559082e-03
   32150  4.822500000000e+02  1.543272729235e-03
   32200  4.830000000000e+02  1.576260358363e-03
   32250  4.837500000000e+02  1.607910441124e-03
   32300  4.845000000000e+02  1.638159840446e-03
   32350  4.852500000000e+02  1.666950917975e-03
   32400  4.860000000000e+02  1.694255049113e-03
   32450  4.867500000000e+02  1.720026424737e-03
   32500  4.875000000000e+02  1.744265877734e-03
   32550  4.882500000000e+02  1.766970758360e-03
   32600  4.890000000000e+02  1.788196620878e-03
   32650  4.897500000000e+02  1.807968921634e-03
   32700  4.905000000000e+02  1.826319366631e-03
   32750  4.912500000000e+02  1.843348726646e-03
   32800  4.920000000000e+02  1.859133980933e-03
   32850  4.927500000000e+02  1.873793092316e-03
   32900  4.935000000000e+02  1.887435071176e-03
   32950  4.942500000000e+02  1.900186751544e-03
   33000  4.950000000000e+02  1.912175490944e-03
   33050  4.957500000000e+02  1.923590778053e-03
   33100  4.965000000000e+02  1.934578066826e-03
   33150  4.972500000000e+02  1.945288952300e-03
   33200  4.980000000000e+02  1.955937953238e-03
   33250  4.987500000000e+02  1.966665189700e-03
   33300  4.995000000000e+02  1.977669245306e-03
   33350  5.002500000000e+02  1.989139896765e-03
   33400  5.010000000000e+02  2.001038609035e-03
   33450  5.017500000000e+02  2.013132714302e-03
   33500  5.025000000000e+02  2.025329712711e-03
   33550  5.032500000000e+02  2.037626546439e-03
   33600  5.040000000000e+02  2.050046683456e-03
   33650  5.047500000000e+02  2.062613989438e-03
   33700  5.055000000000e+02  2.075361835673e-03
   33750  5.062500000000e+02  2.088325963361e-03
   33800  5.070000000000e+02  2.101524574386e-03
   33850  5.077500000000e+02  2.114960008268e-03
   33900  5.085000000000e+02  2.128643485038e-03
   33950  5.092500000000e+02  2.142575975082e-03
   34000  5.100000000000e+02  2.156736004652e-03
   34050  5.107500000000e+02  2.171102342437e-03
   34100  5.115000000000e+02  2.185646983681e-03
   34150  5.122500000000e+02  2.200342345252e-03
   34200  5.130000000000e+02  2.215162163972e-03
   34250  5.137500000000e+02  2.230089705241e-03
   34300  5.145000000000e+02  2.245106423668e-03
   34350  5.152500000000e+02  2.260177930149e-03
   34400  5.160000000000e+02  2.275256746285e-03
   34450  5.167500000000e+02  2.290285895959e-03
   34500  5.175000000000e+02  2.305200167766e-03
   34550  5.182500000000e+02  2.319946568515e-03
   34600  5.190000000000e+02  2.334475101425e-03
   34650  5.197500000000e+02  2.348733513472e-03
   34700  5.205000000000e+02  2.362671560087e-03
   34750  5.212500000000e+02  2.376251447459e-03
   34800  5.220000000000e+02  2.389444051373e-03
   34850  5.227500000000e+02  2.402214405714e-03
   34900  5.235000000000e+02  2.414541614811e-03
   34950  5.242500000000e+02  2.426413420447e-03
   35000  5.250000000000e+02  2.437828020977e-03
   35050  5.257500000000e+02  2.448792447793e-03
   35100  5.265000000000e+02  2.459328298171e-03
   35150  5.272500000000e+02  2.469452034121e-03
   35200  5.280000000000e+02  2.479189751775e-03
   35250  5.287500000000e+02  2.488572034520e-03
   35300  5.295000000000e+02  2.497631314278e-03
   35350  5.302500000000e+02  2.506405978319e-03
   35400  5.310000000000e+02  2.514941289941e-03
   35450  5.317500000000e+02  2.523289094958e-03
   35500  5.325000000000e+02  2.531507996551e-03
   35550  5.332500000000e+02  2.539654091887e-03
   35600  5.340000000000e+02  2.547786714852e-03
   35650  5.347500000000e+02  2.555964970297e-03
   35700  5.355000000000e+02  2.564241887493e-03
   35750  5.362500000000e+02  2.572675485296e-03
   35800  5.370000000000e+02  2.581318540150e-03
   35850  5.377500000000e+02  2.590210805760e-03
   35900  5.385000000000e+02  2.599390361399e-03
   35950  5.392500000000e+02  2.608892111667e-03
   36000  5.400000000000e+02  2.618753122772e-03
   36050  5.407500000000e+02  2.629006867858e-03
   36100  5.415000000000e+02  2.639683206285e-03
   36150  5.422500000000e+02  2.650802583543e-03
   36200  5.430000000000e+02  2.662374735539e-03
   36250  5.437500000000e+02  2.674401444019e-03
   36300  5.445000000000e+02  2.686880901806e-03
   36350  5.452500000000e+02  2.699804355616e-03
   36400  5.460000000000e+02  2.713162998872e-03
   36450  5.467500000000e+02  2.726936630764e-03
   36500  5.475000000000e+02  2.741104662703e-03
   36550  5.482500000000e+02  2.755641544793e-03
   36600  5.490000000000e+02  2.770521114304e-03
   36650  5.497500000000e+02  2.785716093927e-03
   36700  5.505000000000e+02  2.801191993526e-03
   36750  5.512500000000e+02  2.816908112104e-03
   36800  5.520000000000e+02  2.832824944468e-03
   36850  5.527500000000e+02  2.848911017426e-03
   36900  5.535000000000e+02  2.865133491412e-03
   36950  5.542500000000e+02  2.881468983697e-03
   37000  5.550000000000e+02  2.897890163432e-03
   37050  5.557500000000e+02  2.914377394849e-03
   37100  5.565000000000e+02  2.930918321918e-03
   37150  5.572500000000e+02  2.947505933447e-03
   37200  5.580000000000e+02  2.964130981807e-03
   37250  5.587500000000e+02  2.980786824436e-03
   37300  5.595000000000e+02  2.997472605306e-03
   37350  5.602500000000e+02  3.014199539394e-03
   37400  5.610000000000e+02  3.030970782363e-03
   37450  5.617500000000e+02  3.047802183608e-03
   37500  5.625000000000e+02  3.064702987623e-03
   37550  5.632500000000e+02  3.081681820015e-03
   37600  5.640000000000e+02  3.098744839719e-03
   37650  5.647500000000e+02  3.115891431409e-03
   37700  5.655000000000e+02  3.133121515856e-03
   37750  5.662500000000e+02  3.150432044446e-03
   37800  5.670000000000e+02  3.167815991187e-03
   37850  5.677500000000e+02  3.185265350266e-03
   37900  5.685000000000e+02  3.202761908078e-03
   37950  5.692500000000e+02  3.220281408964e-03
   38000  5.700000000000e+02  3.237792261949e-03
   38050  5.707500000000e+02  3.255259123271e-03
   38100  5.715000000000e+02  3.272643513264e-03
   38150  5.722500000000e+02  3.289906011876e-03
   38200  5.730000000000e+02  3.306994947799e-03
   38250  5.737500000000e+02  3.323861103358e-03
   38300  5.745000000000e+02  3.340458874843e-03
   38350  5.752500000000e+02  3.356744053634e-03
   38400  5.760000000000e+02  3.372677911014e-03
   38450  5.767500000000e+02  3.388219107993e-03
   38500  5.775000000000e+02  3.403332922313e-03
   38550  5.782500000000e+02  3.417986502626e-03
   38600  5.790000000000e+02  3.432154401049e-03
   38650  5.797500000000e+02  3.445816257966e-03
   38700  5.805000000000e+02  3.458966741074e-03
   38750  5.812500000000e+02  3.471600825997e-03
   38800  5.820000000000e+02  3.483733424127e-03
   38850  5.827500000000e+02  3.495384364666e-03
   38900  5.835000000000e+02  3.506580236894e-03
   38950  5.842500000000e+02  3.517356992596e-03
   39000  5.850000000000e+02  3.527753689462e-03
   39050  5.857500000000e+02  3.537816506189e-03
   39100  5.865000000000e+02  3.547601787713e-03
   39150  5.872500000000e+02  3.557171137621e-03
   39200  5.880000000000e+02  3.566581680722e-03
   39250  5.887500000000e+02  3.575903336151e-03
   39300  5.895000000000e+02  3.585200105160e-03
   39350  5.902500000000e+02  3.594542182320e-03
   39400  5.910000000000e+02  3.603993889418e-03
   39450  5.917500000000e+02  3.613621216481e-03
   39500  5.925000000000e+02  3.623491784148e-03
   39550  5.932500000000e+02  3.633668715032e-03
   39600  5.940000000000e+02  3.644212759634e-03
   39650  5.947500000000e+02  3.655180680481e-03
   39700  5.955000000000e+02  3.666628145926e-03
   39750  5.962500000000e+02  3.678601099406e-03
   39800  5.970000000000e+02  3.691150586024e-03
   39850  5.977500000000e+02  3.704314865764e-03
   39900  5.985000000000e+02  3.718124840501e-03
   39950  5.992500000000e+02  3.732597773758e-03
   40000  6.000000000000e+02  3.747749963990e-03
