################################################################################
# HEADER
# nspin         1
#%
# nik       186
#  st         1      26
# ust         1      26
# Iter             t            #  iter t Nex(t)  
################################################################################
       0  0.000000000000e+00 -7.049916206370e-15
      50  2.500000000000e+00  1.851951342280e-09
     100  5.000000000000e+00  1.014263882396e-07
     150  7.500000000000e+00  8.951402417426e-07
     200  1.000000000000e+01  4.016706595084e-06
     250  1.250000000000e+01  1.275399324453e-05
     300  1.500000000000e+01  3.238835783591e-05
     350  1.750000000000e+01  6.974337537109e-05
     400  2.000000000000e+01  1.322360840984e-04
     450  2.250000000000e+01  2.263927009213e-04
     500  2.500000000000e+01  3.554053777457e-04
     550  2.750000000000e+01  5.164501951913e-04
     600  3.000000000000e+01  6.990874713024e-04
     650  3.250000000000e+01  8.849828714553e-04
     700  3.500000000000e+01  1.048734287253e-03
     750  3.750000000000e+01  1.161030545505e-03
     800  4.000000000000e+01  1.193986679120e-03
     850  4.250000000000e+01  1.128091144851e-03
     900  4.500000000000e+01  9.591122540466e-04
     950  4.750000000000e+01  7.065747973785e-04
    1000  5.000000000000e+01  4.206004950235e-04
    1050  5.250000000000e+01  1.851347086926e-04
    1100  5.500000000000e+01  1.162991582544e-04
    1150  5.750000000000e+01  3.550155381138e-04
    1200  6.000000000000e+01  1.054320293502e-03
    1250  6.250000000000e+01  2.361319341396e-03
    1300  6.500000000000e+01  4.394238296563e-03
    1350  6.750000000000e+01  7.218430427855e-03
    1400  7.000000000000e+01  1.082514824379e-02
    1450  7.250000000000e+01  1.511346395811e-02
    1500  7.500000000000e+01  1.988161326035e-02
    1550  7.750000000000e+01  2.483059329254e-02
    1600  8.000000000000e+01  2.958057890010e-02
    1650  8.250000000000e+01  3.370196012253e-02
    1700  8.500000000000e+01  3.675734392427e-02
    1750  8.750000000000e+01  3.835154664971e-02
    1800  9.000000000000e+01  3.819478596243e-02
    1850  9.250000000000e+01  3.614813748442e-02
    1900  9.500000000000e+01  3.226747545131e-02
    1950  9.750000000000e+01  2.683729336464e-02
    2000  1.000000000000e+02  2.038193060385e-02
    2050  1.025000000000e+02  1.364614676443e-02
    2100  1.050000000000e+02  7.550726124929e-03
    2150  1.075000000000e+02  3.120722606883e-03
    2200  1.100000000000e+02  1.387651888993e-03
    2250  1.125000000000e+02  3.276036910500e-03
    2300  1.150000000000e+02  9.482726791107e-03
    2350  1.175000000000e+02  2.036752365211e-02
    2400  1.200000000000e+02  3.586916564960e-02
    2450  1.225000000000e+02  5.545613977832e-02
    2500  1.250000000000e+02  7.813091309547e-02
    2550  1.275000000000e+02  1.024863889477e-01
    2600  1.300000000000e+02  1.268051921757e-01
    2650  1.325000000000e+02  1.492041273934e-01
    2700  1.350000000000e+02  1.678037927764e-01
    2750  1.375000000000e+02  1.809001275982e-01
    2800  1.400000000000e+02  1.871401789153e-01
    2850  1.425000000000e+02  1.856811838998e-01
    2900  1.450000000000e+02  1.762938332931e-01
    2950  1.475000000000e+02  1.594516263388e-01
    3000  1.500000000000e+02  1.363592965210e-01
    3050  1.525000000000e+02  1.089229811187e-01
    3100  1.550000000000e+02  7.966031774598e-02
    3150  1.575000000000e+02  5.153109428255e-02
    3200  1.600000000000e+02  2.769378891237e-02
    3250  1.625000000000e+02  1.120677343543e-02
    3300  1.650000000000e+02  4.687776989107e-03
    3350  1.675000000000e+02  9.983205523630e-03
    3400  1.700000000000e+02  2.789960105049e-02
    3450  1.725000000000e+02  5.804210953855e-02
    3500  1.750000000000e+02  9.880042749068e-02
    3550  1.775000000000e+02  1.474755204084e-01
    3600  1.800000000000e+02  2.005261828271e-01
    3650  1.825000000000e+02  2.539005359310e-01
    3700  1.850000000000e+02  3.033863504691e-01
    3750  1.875000000000e+02  3.449655818323e-01
    3800  1.900000000000e+02  3.751501463963e-01
    3850  1.925000000000e+02  3.912598904616e-01
    3900  1.950000000000e+02  3.916532681097e-01
    3950  1.975000000000e+02  3.759129687031e-01
    4000  2.000000000000e+02  3.449317307667e-01
    4050  2.025000000000e+02  3.009365053486e-01
    4100  2.050000000000e+02  2.474302530727e-01
    4150  2.075000000000e+02  1.889962725081e-01
    4200  2.100000000000e+02  1.309872729355e-01
    4250  2.125000000000e+02  7.910316490613e-02
    4300  2.150000000000e+02  3.883509761301e-02
    4350  2.175000000000e+02  1.483341955373e-02
    4400  2.200000000000e+02  1.028982994711e-02
    4450  2.225000000000e+02  2.645652488317e-02
    4500  2.250000000000e+02  6.244424739934e-02
    4550  2.275000000000e+02  1.153449827743e-01
    4600  2.300000000000e+02  1.806459866429e-01
    4650  2.325000000000e+02  2.528125006243e-01
    4700  2.350000000000e+02  3.258646257955e-01
    4750  2.375000000000e+02  3.938849830390e-01
    4800  2.400000000000e+02  4.514441671090e-01
    4850  2.425000000000e+02  4.939534180917e-01
    4900  2.450000000000e+02  5.179920794307e-01
    4950  2.475000000000e+02  5.215785217478e-01
    5000  2.500000000000e+02  5.042876509138e-01
    5050  2.525000000000e+02  4.672535568211e-01
    5100  2.550000000000e+02  4.131540483053e-01
    5150  2.575000000000e+02  3.461259517029e-01
    5200  2.600000000000e+02  2.716128325655e-01
    5250  2.625000000000e+02  1.960675309445e-01
    5300  2.650000000000e+02  1.264369615082e-01
    5350  2.675000000000e+02  6.948378512074e-02
    5400  2.700000000000e+02  3.100586590992e-02
    5450  2.725000000000e+02  1.505543124954e-02
    5500  2.750000000000e+02  2.336559322006e-02
    5550  2.775000000000e+02  5.513542576063e-02
    5600  2.800000000000e+02  1.072479516142e-01
    5650  2.825000000000e+02  1.748383265319e-01
    5700  2.850000000000e+02  2.519826313217e-01
    5750  2.875000000000e+02  3.323369374387e-01
    5800  2.900000000000e+02  4.096360844857e-01
    5850  2.925000000000e+02  4.780889105340e-01
    5900  2.950000000000e+02  5.327718662767e-01
    5950  2.975000000000e+02  5.699535322869e-01
    6000  3.000000000000e+02  5.872719169972e-01
    6050  3.025000000000e+02  5.837848266147e-01
    6100  3.050000000000e+02  5.598855967689e-01
    6150  3.075000000000e+02  5.172131777558e-01
    6200  3.100000000000e+02  4.586929974028e-01
    6250  3.125000000000e+02  3.885071117750e-01
    6300  3.150000000000e+02  3.118373141366e-01
    6350  3.175000000000e+02  2.344794390933e-01
    6400  3.200000000000e+02  1.623609596727e-01
    6450  3.225000000000e+02  1.009621915573e-01
    6500  3.250000000000e+02  5.472216267621e-02
    6550  3.275000000000e+02  2.648867645138e-02
    6600  3.300000000000e+02  1.716015068015e-02
    6650  3.325000000000e+02  2.567098607190e-02
    6700  3.350000000000e+02  4.933061394433e-02
    6750  3.375000000000e+02  8.442094892672e-02
    6800  3.400000000000e+02  1.268327592102e-01
    6850  3.425000000000e+02  1.725257653918e-01
    6900  3.450000000000e+02  2.177665826702e-01
    6950  3.475000000000e+02  2.591823227236e-01
    7000  3.500000000000e+02  2.937594178925e-01
    7050  3.525000000000e+02  3.189596852238e-01
    7100  3.550000000000e+02  3.329425079365e-01
    7150  3.575000000000e+02  3.347793409092e-01
    7200  3.600000000000e+02  3.245510273983e-01
    7250  3.625000000000e+02  3.032593305392e-01
    7300  3.650000000000e+02  2.726747692706e-01
    7350  3.675000000000e+02  2.352327567676e-01
    7400  3.700000000000e+02  1.938711556645e-01
    7450  3.725000000000e+02  1.517613832934e-01
    7500  3.750000000000e+02  1.119959280851e-01
    7550  3.775000000000e+02  7.724554571802e-02
    7600  3.800000000000e+02  4.945062699230e-02
    7650  3.825000000000e+02  2.963416080110e-02
    7700  3.850000000000e+02  1.785395450736e-02
    7750  3.875000000000e+02  1.332628541947e-02
    7800  3.900000000000e+02  1.468732037350e-02
    7850  3.925000000000e+02  2.029722051361e-02
    7900  3.950000000000e+02  2.852618135128e-02
    7950  3.975000000000e+02  3.796426128045e-02
    8000  4.000000000000e+02  4.752383270891e-02
    8050  4.025000000000e+02  5.643670549164e-02
    8100  4.050000000000e+02  6.416788383108e-02
    8150  4.075000000000e+02  7.032961203916e-02
    8200  4.100000000000e+02  7.463745109241e-02
    8250  4.125000000000e+02  7.688198143785e-02
    8300  4.150000000000e+02  7.694205982619e-02
    8350  4.175000000000e+02  7.484488431692e-02
    8400  4.200000000000e+02  7.079414008844e-02
    8450  4.225000000000e+02  6.515569096477e-02
    8500  4.250000000000e+02  5.842567823033e-02
    8550  4.275000000000e+02  5.116142122460e-02
    8600  4.300000000000e+02  4.390472508346e-02
    8650  4.325000000000e+02  3.713000953809e-02
    8700  4.350000000000e+02  3.118848676726e-02
    8750  4.375000000000e+02  2.627389006354e-02
    8800  4.400000000000e+02  2.243784018341e-02
    8850  4.425000000000e+02  1.961710163781e-02
    8900  4.450000000000e+02  1.767053941633e-02
    8950  4.475000000000e+02  1.643414196915e-02
    9000  4.500000000000e+02  1.576025584874e-02
    9050  4.525000000000e+02  1.553547675539e-02
    9100  4.550000000000e+02  1.568961783017e-02
    9150  4.575000000000e+02  1.618659927911e-02
    9200  4.600000000000e+02  1.700003312477e-02
    9250  4.625000000000e+02  1.809821047970e-02
    9300  4.650000000000e+02  1.943153197999e-02
    9350  4.675000000000e+02  2.091450330107e-02
    9400  4.700000000000e+02  2.243317425217e-02
    9450  4.725000000000e+02  2.386495616137e-02
    9500  4.750000000000e+02  2.508626885252e-02
    9550  4.775000000000e+02  2.600430524304e-02
    9600  4.800000000000e+02  2.659076628686e-02
    9650  4.825000000000e+02  2.688036886379e-02
    9700  4.850000000000e+02  2.696641386475e-02
    9750  4.875000000000e+02  2.697586881139e-02
    9800  4.900000000000e+02  2.701671015708e-02
    9850  4.925000000000e+02  2.716048795018e-02
    9900  4.950000000000e+02  2.744097285630e-02
    9950  4.975000000000e+02  2.783719355299e-02
   10000  5.000000000000e+02  2.828775266859e-02
   10050  5.025000000000e+02  2.870370223090e-02
   10100  5.050000000000e+02  2.895676379076e-02
   10150  5.075000000000e+02  2.896769749085e-02
   10200  5.100000000000e+02  2.871463791537e-02
   10250  5.125000000000e+02  2.821032466918e-02
   10300  5.150000000000e+02  2.749336452787e-02
   10350  5.175000000000e+02  2.662515592315e-02
   10400  5.200000000000e+02  2.565823011986e-02
   10450  5.225000000000e+02  2.463666883247e-02
   10500  5.250000000000e+02  2.360475394503e-02
   10550  5.275000000000e+02  2.259327025067e-02
   10600  5.300000000000e+02  2.162838107821e-02
   10650  5.325000000000e+02  2.074976543712e-02
   10700  5.350000000000e+02  1.998923119194e-02
   10750  5.375000000000e+02  1.936286734575e-02
   10800  5.400000000000e+02  1.888115266692e-02
   10850  5.425000000000e+02  1.853603653831e-02
   10900  5.450000000000e+02  1.829724534851e-02
   10950  5.475000000000e+02  1.812257121234e-02
   11000  5.500000000000e+02  1.795096034680e-02
   11050  5.525000000000e+02  1.771092292781e-02
   11100  5.550000000000e+02  1.735071029204e-02
   11150  5.575000000000e+02  1.684384475103e-02
   11200  5.600000000000e+02  1.619718443726e-02
   11250  5.625000000000e+02  1.546127302013e-02
   11300  5.650000000000e+02  1.470629190331e-02
   11350  5.675000000000e+02  1.399793215816e-02
   11400  5.700000000000e+02  1.338905853250e-02
   11450  5.725000000000e+02  1.290301915333e-02
   11500  5.750000000000e+02  1.253626843387e-02
   11550  5.775000000000e+02  1.227482575166e-02
   11600  5.800000000000e+02  1.209875140972e-02
   11650  5.825000000000e+02  1.198664777576e-02
   11700  5.850000000000e+02  1.192411115035e-02
   11750  5.875000000000e+02  1.190076884472e-02
   11800  5.900000000000e+02  1.190645278250e-02
   11850  5.925000000000e+02  1.193407645099e-02
   11900  5.950000000000e+02  1.197484247899e-02
   11950  5.975000000000e+02  1.201289285588e-02
   12000  6.000000000000e+02  1.203180840267e-02
   12050  6.025000000000e+02  1.201636744143e-02
   12100  6.050000000000e+02  1.195436594459e-02
   12150  6.075000000000e+02  1.184758481909e-02
   12200  6.100000000000e+02  1.171082616155e-02
   12250  6.125000000000e+02  1.156497291753e-02
   12300  6.150000000000e+02  1.143511361519e-02
   12350  6.175000000000e+02  1.133977086085e-02
   12400  6.200000000000e+02  1.128390174150e-02
   12450  6.225000000000e+02  1.126502702603e-02
   12500  6.250000000000e+02  1.128059815138e-02
   12550  6.275000000000e+02  1.133433744734e-02
   12600  6.300000000000e+02  1.143859972017e-02
   12650  6.325000000000e+02  1.160635791926e-02
   12700  6.350000000000e+02  1.183825304968e-02
   12750  6.375000000000e+02  1.212385727196e-02
   12800  6.400000000000e+02  1.244857167147e-02
   12850  6.425000000000e+02  1.279440397240e-02
   12900  6.450000000000e+02  1.314965120120e-02
   12950  6.475000000000e+02  1.350975098333e-02
   13000  6.500000000000e+02  1.386463435929e-02
   13050  6.525000000000e+02  1.420298202351e-02
   13100  6.550000000000e+02  1.451338269286e-02
   13150  6.575000000000e+02  1.477681162093e-02
   13200  6.600000000000e+02  1.498303251595e-02
   13250  6.625000000000e+02  1.514019048886e-02
   13300  6.650000000000e+02  1.526717180943e-02
   13350  6.675000000000e+02  1.540452921174e-02
   13400  6.700000000000e+02  1.561125237527e-02
   13450  6.725000000000e+02  1.594352337633e-02
   13500  6.750000000000e+02  1.645784920817e-02
   13550  6.775000000000e+02  1.721089178327e-02
   13600  6.800000000000e+02  1.823833948759e-02
   13650  6.825000000000e+02  1.955165308211e-02
   13700  6.850000000000e+02  2.112876331749e-02
   13750  6.875000000000e+02  2.288310101133e-02
   13800  6.900000000000e+02  2.467804466482e-02
   13850  6.925000000000e+02  2.635984307975e-02
   13900  6.950000000000e+02  2.776572905323e-02
   13950  6.975000000000e+02  2.877860239680e-02
   14000  7.000000000000e+02  2.937147830026e-02
