################################################################################
# HEADER
# nspin         1
#%
# nik       217
#  st         1      26
# ust         1      26
# Iter             t            #  iter t Nex(t)  
################################################################################
       0  0.000000000000e+00 -2.560451850542e-15
      50  1.000000000000e+00  1.161538365491e-10
     100  2.000000000000e+00  1.872179355988e-10
     150  3.000000000000e+00  2.405429674890e-10
     200  4.000000000000e+00  3.513912008590e-10
     250  5.000000000000e+00  8.637739759565e-10
     300  6.000000000000e+00  2.593454700994e-09
     350  7.000000000000e+00  6.794289214573e-09
     400  8.000000000000e+00  1.567734663616e-08
     450  9.000000000000e+00  3.254771965139e-08
     500  1.000000000000e+01  6.223799783878e-08
     550  1.100000000000e+01  1.111604477008e-07
     600  1.200000000000e+01  1.874364714410e-07
     650  1.300000000000e+01  3.006892191487e-07
     700  1.400000000000e+01  4.622296903151e-07
     750  1.500000000000e+01  6.849666987635e-07
     800  1.600000000000e+01  9.834890884047e-07
     850  1.700000000000e+01  1.373420619274e-06
     900  1.800000000000e+01  1.871317623955e-06
     950  1.900000000000e+01  2.494100861082e-06
    1000  2.000000000000e+01  3.257625336935e-06
    1050  2.100000000000e+01  4.176258124100e-06
    1100  2.200000000000e+01  5.262654034895e-06
    1150  2.300000000000e+01  6.526049127965e-06
    1200  2.400000000000e+01  7.971625367621e-06
    1250  2.500000000000e+01  9.600469392787e-06
    1300  2.600000000000e+01  1.140733888862e-05
    1350  2.700000000000e+01  1.338151762317e-05
    1400  2.800000000000e+01  1.550661252187e-05
    1450  2.900000000000e+01  1.775972095647e-05
    1500  3.000000000000e+01  2.011114555622e-05
    1550  3.100000000000e+01  2.252349718942e-05
    1600  3.200000000000e+01  2.495257113923e-05
    1650  3.300000000000e+01  2.734768298657e-05
    1700  3.400000000000e+01  2.965170808099e-05
    1750  3.500000000000e+01  3.180418239598e-05
    1800  3.600000000000e+01  3.374169902912e-05
    1850  3.700000000000e+01  3.539909809653e-05
    1900  3.800000000000e+01  3.671249660193e-05
    1950  3.900000000000e+01  3.762255382113e-05
    2000  4.000000000000e+01  3.807658069919e-05
    2050  4.100000000000e+01  3.803118416117e-05
    2100  4.200000000000e+01  3.745426008522e-05
    2150  4.300000000000e+01  3.633001752060e-05
    2200  4.400000000000e+01  3.465877491431e-05
    2250  4.500000000000e+01  3.246033649781e-05
    2300  4.600000000000e+01  2.977681191119e-05
    2350  4.700000000000e+01  2.667434592567e-05
    2400  4.800000000000e+01  2.324549165390e-05
    2450  4.900000000000e+01  1.960997028300e-05
    2500  5.000000000000e+01  1.591477725166e-05
    2550  5.100000000000e+01  1.233470878197e-05
    2600  5.200000000000e+01  9.071967182389e-06
    2650  5.300000000000e+01  6.353987346004e-06
    2700  5.400000000000e+01  4.432217201672e-06
    2750  5.500000000000e+01  3.578327252070e-06
    2800  5.600000000000e+01  4.081036986389e-06
    2850  5.700000000000e+01  6.241629308915e-06
    2900  5.800000000000e+01  1.036903342429e-05
    2950  5.900000000000e+01  1.677319141817e-05
    3000  6.000000000000e+01  2.575895282418e-05
    3050  6.100000000000e+01  3.761887434552e-05
    3100  6.200000000000e+01  5.262546787202e-05
    3150  6.300000000000e+01  7.102401478324e-05
    3200  6.400000000000e+01  9.302490094384e-05
    3250  6.500000000000e+01  1.187949227926e-04
    3300  6.600000000000e+01  1.484496066292e-04
    3350  6.700000000000e+01  1.820480761480e-04
    3400  6.800000000000e+01  2.195868067372e-04
    3450  6.900000000000e+01  2.609930552519e-04
    3500  7.000000000000e+01  3.061187258986e-04
    3550  7.100000000000e+01  3.547356508157e-04
    3600  7.200000000000e+01  4.065384970442e-04
    3650  7.300000000000e+01  4.611393821427e-04
    3700  7.400000000000e+01  5.180739783577e-04
    3750  7.500000000000e+01  5.767985683913e-04
    3800  7.600000000000e+01  6.366921294517e-04
    3850  7.700000000000e+01  6.970676562156e-04
    3900  7.800000000000e+01  7.571818866551e-04
    3950  7.900000000000e+01  8.162425235240e-04
    4000  8.000000000000e+01  8.734196874650e-04
    4050  8.100000000000e+01  9.278498918538e-04
    4100  8.200000000000e+01  9.786573021088e-04
    4150  8.300000000000e+01  1.024974174446e-03
    4200  8.400000000000e+01  1.065948686846e-03
    4250  8.500000000000e+01  1.100768805039e-03
    4300  8.600000000000e+01  1.128668687217e-03
    4350  8.700000000000e+01  1.148955994353e-03
    4400  8.800000000000e+01  1.161037827370e-03
    4450  8.900000000000e+01  1.164426896002e-03
    4500  9.000000000000e+01  1.158767372296e-03
    4550  9.100000000000e+01  1.143836892480e-03
    4600  9.200000000000e+01  1.119569435865e-03
    4650  9.300000000000e+01  1.086071046297e-03
    4700  9.400000000000e+01  1.043622901234e-03
    4750  9.500000000000e+01  9.926870268523e-04
    4800  9.600000000000e+01  9.339056695727e-04
    4850  9.700000000000e+01  8.681125739429e-04
    4900  9.800000000000e+01  7.963293911318e-04
    4950  9.900000000000e+01  7.197614712171e-04
    5000  1.000000000000e+02  6.397844278179e-04
    5050  1.010000000000e+02  5.579281540968e-04
    5100  1.020000000000e+02  4.758703201397e-04
    5150  1.030000000000e+02  3.954155724238e-04
    5200  1.040000000000e+02  3.184707707225e-04
    5250  1.050000000000e+02  2.470127446955e-04
    5300  1.060000000000e+02  1.830636879269e-04
    5350  1.070000000000e+02  1.286594680520e-04
    5400  1.080000000000e+02  8.581973065969e-05
    5450  1.090000000000e+02  5.651007858559e-05
    5500  1.100000000000e+02  4.260601046211e-05
    5550  1.110000000000e+02  4.585770884249e-05
    5600  1.120000000000e+02  6.785517652462e-05
    5650  1.130000000000e+02  1.099930204292e-04
    5700  1.140000000000e+02  1.734360914998e-04
    5750  1.150000000000e+02  2.590874654238e-04
    5800  1.160000000000e+02  3.675623765855e-04
    5850  1.170000000000e+02  4.991620920307e-04
    5900  1.180000000000e+02  6.538507774731e-04
    5950  1.190000000000e+02  8.312371257430e-04
    6000  1.200000000000e+02  1.030566890206e-03
    6050  1.210000000000e+02  1.250719812680e-03
    6100  1.220000000000e+02  1.490206427636e-03
    6150  1.230000000000e+02  1.747170732303e-03
    6200  1.240000000000e+02  2.019399680989e-03
    6250  1.250000000000e+02  2.304351638707e-03
    6300  1.260000000000e+02  2.599176355974e-03
    6350  1.270000000000e+02  2.900744106938e-03
    6400  1.280000000000e+02  3.205681647041e-03
    6450  1.290000000000e+02  3.510407148501e-03
    6500  1.300000000000e+02  3.811195386996e-03
    6550  1.310000000000e+02  4.104218609620e-03
    6600  1.320000000000e+02  4.385606333276e-03
    6650  1.330000000000e+02  4.651498871525e-03
    6700  1.340000000000e+02  4.898108216106e-03
    6750  1.350000000000e+02  5.121786274219e-03
    6800  1.360000000000e+02  5.319080717149e-03
    6850  1.370000000000e+02  5.486798570591e-03
    6900  1.380000000000e+02  5.622065257853e-03
    6950  1.390000000000e+02  5.722378267373e-03
    7000  1.400000000000e+02  5.785659935420e-03
    7050  1.410000000000e+02  5.810311126398e-03
    7100  1.420000000000e+02  5.795250054227e-03
    7150  1.430000000000e+02  5.739949393506e-03
    7200  1.440000000000e+02  5.644453123490e-03
    7250  1.450000000000e+02  5.509427231372e-03
    7300  1.460000000000e+02  5.336136351912e-03
    7350  1.470000000000e+02  5.126470761303e-03
    7400  1.480000000000e+02  4.882938285875e-03
    7450  1.490000000000e+02  4.608634927286e-03
    7500  1.500000000000e+02  4.307237765280e-03
    7550  1.510000000000e+02  3.982958364013e-03
    7600  1.520000000000e+02  3.640500365170e-03
    7650  1.530000000000e+02  3.285012904699e-03
    7700  1.540000000000e+02  2.922016295880e-03
    7750  1.550000000000e+02  2.557334460440e-03
    7800  1.560000000000e+02  2.197011451488e-03
    7850  1.570000000000e+02  1.847237414080e-03
    7900  1.580000000000e+02  1.514256876505e-03
    7950  1.590000000000e+02  1.204262925517e-03
    8000  1.600000000000e+02  9.233159870769e-04
    8050  1.610000000000e+02  6.772398979035e-04
    8100  1.620000000000e+02  4.715420974903e-04
    8150  1.630000000000e+02  3.113117228164e-04
    8200  1.640000000000e+02  2.011302466592e-04
    8250  1.650000000000e+02  1.449945547898e-04
    8300  1.660000000000e+02  1.462381429998e-04
    8350  1.670000000000e+02  2.074647660908e-04
    8400  1.680000000000e+02  3.304889528304e-04
    8450  1.690000000000e+02  5.162877099921e-04
    8500  1.700000000000e+02  7.649637531596e-04
    8550  1.710000000000e+02  1.075722281893e-03
    8600  1.720000000000e+02  1.446854976063e-03
    8650  1.730000000000e+02  1.875739126525e-03
    8700  1.740000000000e+02  2.358859578001e-03
    8750  1.750000000000e+02  2.891829701049e-03
    8800  1.760000000000e+02  3.469446502742e-03
    8850  1.770000000000e+02  4.085733625018e-03
    8900  1.780000000000e+02  4.734019733284e-03
    8950  1.790000000000e+02  5.407004691606e-03
    9000  1.800000000000e+02  6.096876104705e-03
    9050  1.810000000000e+02  6.795405937986e-03
    9100  1.820000000000e+02  7.494053069600e-03
    9150  1.830000000000e+02  8.184079083298e-03
    9200  1.840000000000e+02  8.856659107769e-03
    9250  1.850000000000e+02  9.503032711013e-03
    9300  1.860000000000e+02  1.011462721187e-02
    9350  1.870000000000e+02  1.068316634032e-02
    9400  1.880000000000e+02  1.120079876518e-02
    9450  1.890000000000e+02  1.166022014369e-02
    9500  1.900000000000e+02  1.205479707346e-02
    9550  1.910000000000e+02  1.237866991492e-02
    9600  1.920000000000e+02  1.262685953634e-02
    9650  1.930000000000e+02  1.279533380078e-02
    9700  1.940000000000e+02  1.288108580028e-02
    9750  1.950000000000e+02  1.288222255362e-02
    9800  1.960000000000e+02  1.279800346570e-02
    9850  1.970000000000e+02  1.262887282574e-02
    9900  1.980000000000e+02  1.237643824753e-02
    9950  1.990000000000e+02  1.204349487602e-02
   10000  2.000000000000e+02  1.163402792633e-02
   10050  2.010000000000e+02  1.115314309146e-02
   10100  2.020000000000e+02  1.060702775796e-02
   10150  2.030000000000e+02  1.000285710878e-02
   10200  2.040000000000e+02  9.348705485418e-03
   10250  2.050000000000e+02  8.653480403591e-03
   10300  2.060000000000e+02  7.926778747661e-03
   10350  2.070000000000e+02  7.178760611884e-03
   10400  2.080000000000e+02  6.420010467907e-03
   10450  2.090000000000e+02  5.661393645533e-03
   10500  2.100000000000e+02  4.913902145439e-03
   10550  2.110000000000e+02  4.188510816851e-03
   10600  2.120000000000e+02  3.496012917370e-03
   10650  2.130000000000e+02  2.846862211043e-03
   10700  2.140000000000e+02  2.251017000093e-03
   10750  2.150000000000e+02  1.717797329870e-03
   10800  2.160000000000e+02  1.255746623204e-03
   10850  2.170000000000e+02  8.724920418421e-04
   10900  2.180000000000e+02  5.746316818365e-04
   10950  2.190000000000e+02  3.676276583890e-04
   11000  2.200000000000e+02  2.557239479635e-04
   11050  2.210000000000e+02  2.418692455013e-04
   11100  2.220000000000e+02  3.276640075147e-04
   11150  2.230000000000e+02  5.133248736821e-04
   11200  2.240000000000e+02  7.976715368880e-04
   11250  2.250000000000e+02  1.178126189428e-03
   11300  2.260000000000e+02  1.650741856926e-03
   11350  2.270000000000e+02  2.210243818252e-03
   11400  2.280000000000e+02  2.850100155640e-03
   11450  2.290000000000e+02  3.562604840080e-03
   11500  2.300000000000e+02  4.338981421836e-03
   11550  2.310000000000e+02  5.169504759838e-03
   11600  2.320000000000e+02  6.043626338367e-03
   11650  2.330000000000e+02  6.950123712297e-03
   11700  2.340000000000e+02  7.877242786668e-03
   11750  2.350000000000e+02  8.812876843283e-03
   11800  2.360000000000e+02  9.744739609345e-03
   11850  2.370000000000e+02  1.066050018708e-02
   11900  2.380000000000e+02  1.154799348270e-02
   11950  2.390000000000e+02  1.239537999165e-02
   12000  2.400000000000e+02  1.319131302000e-02
   12050  2.410000000000e+02  1.392510499972e-02
   12100  2.420000000000e+02  1.458687957432e-02
   12150  2.430000000000e+02  1.516771060768e-02
   12200  2.440000000000e+02  1.565974939576e-02
   12250  2.450000000000e+02  1.605631239890e-02
   12300  2.460000000000e+02  1.635200421790e-02
   12350  2.470000000000e+02  1.654277927167e-02
   12400  2.480000000000e+02  1.662600981890e-02
   12450  2.490000000000e+02  1.660051332764e-02
   12500  2.500000000000e+02  1.646659448755e-02
   12550  2.510000000000e+02  1.622602177669e-02
   12600  2.520000000000e+02  1.588201734591e-02
   12650  2.530000000000e+02  1.543921509655e-02
   12700  2.540000000000e+02  1.490359813208e-02
   12750  2.550000000000e+02  1.428240247754e-02
   12800  2.560000000000e+02  1.358400464743e-02
   12850  2.570000000000e+02  1.281781523099e-02
   12900  2.580000000000e+02  1.199413871400e-02
   12950  2.590000000000e+02  1.112403506499e-02
   13000  2.600000000000e+02  1.021916255589e-02
   13050  2.610000000000e+02  9.291605281620e-03
   13100  2.620000000000e+02  8.353696962896e-03
   13150  2.630000000000e+02  7.417868774049e-03
   13200  2.640000000000e+02  6.496455584174e-03
   13250  2.650000000000e+02  5.601540525096e-03
   13300  2.660000000000e+02  4.744780731165e-03
   13350  2.670000000000e+02  3.937219843836e-03
   13400  2.680000000000e+02  3.189169758612e-03
   13450  2.690000000000e+02  2.510036820031e-03
   13500  2.700000000000e+02  1.908218544455e-03
   13550  2.710000000000e+02  1.390993918425e-03
   13600  2.720000000000e+02  9.644080830213e-04
   13650  2.730000000000e+02  6.332072107769e-04
   13700  2.740000000000e+02  4.007755548246e-04
   13750  2.750000000000e+02  2.691023946018e-04
   13800  2.760000000000e+02  2.387626432840e-04
   13850  2.770000000000e+02  3.089171618048e-04
   13900  2.780000000000e+02  4.773359866211e-04
   13950  2.790000000000e+02  7.404439723639e-04
   14000  2.800000000000e+02  1.093377812068e-03
   14050  2.810000000000e+02  1.530068678353e-03
   14100  2.820000000000e+02  2.043343674923e-03
   14150  2.830000000000e+02  2.625024161773e-03
   14200  2.840000000000e+02  3.266066388679e-03
   14250  2.850000000000e+02  3.956686184782e-03
   14300  2.860000000000e+02  4.686509317706e-03
   14350  2.870000000000e+02  5.444724665113e-03
   14400  2.880000000000e+02  6.220233883460e-03
   14450  2.890000000000e+02  7.001821790452e-03
   14500  2.900000000000e+02  7.778301482196e-03
   14550  2.910000000000e+02  8.538680854606e-03
   14600  2.920000000000e+02  9.272327209810e-03
   14650  2.930000000000e+02  9.969095300298e-03
   14700  2.940000000000e+02  1.061947416433e-02
   14750  2.950000000000e+02  1.121469597989e-02
   14800  2.960000000000e+02  1.174686464245e-02
   14850  2.970000000000e+02  1.220905430119e-02
   14900  2.980000000000e+02  1.259539236186e-02
   14950  2.990000000000e+02  1.290112413661e-02
   15000  3.000000000000e+02  1.312264931576e-02
   15050  3.010000000000e+02  1.325757080914e-02
   15100  3.020000000000e+02  1.330471331635e-02
   15150  3.030000000000e+02  1.326411574200e-02
   15200  3.040000000000e+02  1.313701182709e-02
   15250  3.050000000000e+02  1.292579825270e-02
   15300  3.060000000000e+02  1.263397892649e-02
   15350  3.070000000000e+02  1.226610056965e-02
   15400  3.080000000000e+02  1.182766841977e-02
   15450  3.090000000000e+02  1.132506040508e-02
   15500  3.100000000000e+02  1.076541802895e-02
   15550  3.110000000000e+02  1.015653181038e-02
   15600  3.120000000000e+02  9.506729232934e-03
   15650  3.130000000000e+02  8.824742265529e-03
   15700  3.140000000000e+02  8.119575574712e-03
   15750  3.150000000000e+02  7.400365935632e-03
   15800  3.160000000000e+02  6.676261892334e-03
   15850  3.170000000000e+02  5.956281754551e-03
   15900  3.180000000000e+02  5.249201859775e-03
   15950  3.190000000000e+02  4.563424948088e-03
   16000  3.200000000000e+02  3.906866545807e-03
   16050  3.210000000000e+02  3.286860576866e-03
   16100  3.220000000000e+02  2.710063130314e-03
   16150  3.230000000000e+02  2.182375013845e-03
   16200  3.240000000000e+02  1.708878020632e-03
   16250  3.250000000000e+02  1.293775112692e-03
   16300  3.260000000000e+02  9.403547906733e-04
   16350  3.270000000000e+02  6.509607800658e-04
   16400  3.280000000000e+02  4.269823636371e-04
   16450  3.290000000000e+02  2.688613427852e-04
   16500  3.300000000000e+02  1.761048021637e-04
   16550  3.310000000000e+02  1.473166726489e-04
   16600  3.320000000000e+02  1.802402413806e-04
   16650  3.330000000000e+02  2.718143292646e-04
   16700  3.340000000000e+02  4.182375737599e-04
   16750  3.350000000000e+02  6.150470622516e-04
   16800  3.360000000000e+02  8.571986904849e-04
   16850  3.370000000000e+02  1.139159222791e-03
   16900  3.380000000000e+02  1.454997138825e-03
   16950  3.390000000000e+02  1.798480775636e-03
   17000  3.400000000000e+02  2.163178069939e-03
   17050  3.410000000000e+02  2.542556736990e-03
   17100  3.420000000000e+02  2.930078540069e-03
   17150  3.430000000000e+02  3.319286409902e-03
   17200  3.440000000000e+02  3.703904186113e-03
   17250  3.450000000000e+02  4.077917895901e-03
   17300  3.460000000000e+02  4.435655521132e-03
   17350  3.470000000000e+02  4.771862430791e-03
   17400  3.480000000000e+02  5.081760377589e-03
   17450  3.490000000000e+02  5.361099527669e-03
   17500  3.500000000000e+02  5.606215166865e-03
   17550  3.510000000000e+02  5.814047797882e-03
   17600  3.520000000000e+02  5.982178750433e-03
   17650  3.530000000000e+02  6.108849667940e-03
   17700  3.540000000000e+02  6.192952062436e-03
   17750  3.550000000000e+02  6.234022365742e-03
   17800  3.560000000000e+02  6.232232735229e-03
   17850  3.570000000000e+02  6.188366359254e-03
   17900  3.580000000000e+02  6.103785864859e-03
   17950  3.590000000000e+02  5.980389588160e-03
   18000  3.600000000000e+02  5.820564242674e-03
   18050  3.610000000000e+02  5.627137759135e-03
   18100  3.620000000000e+02  5.403317897068e-03
   18150  3.630000000000e+02  5.152631914420e-03
   18200  3.640000000000e+02  4.878859662129e-03
   18250  3.650000000000e+02  4.585968422119e-03
   18300  3.660000000000e+02  4.278050770455e-03
   18350  3.670000000000e+02  3.959247499623e-03
   18400  3.680000000000e+02  3.633696322362e-03
   18450  3.690000000000e+02  3.305472932171e-03
   18500  3.700000000000e+02  2.978524434866e-03
   18550  3.710000000000e+02  2.656619309241e-03
   18600  3.720000000000e+02  2.343305770878e-03
   18650  3.730000000000e+02  2.041858334581e-03
   18700  3.740000000000e+02  1.755247856647e-03
   18750  3.750000000000e+02  1.486102755759e-03
   18800  3.760000000000e+02  1.236687063996e-03
   18850  3.770000000000e+02  1.008882188153e-03
   18900  3.780000000000e+02  8.041743385867e-04
   18950  3.790000000000e+02  6.236490353411e-04
   19000  3.800000000000e+02  4.679937760463e-04
   19050  3.810000000000e+02  3.375084523743e-04
   19100  3.820000000000e+02  2.321154211901e-04
   19150  3.830000000000e+02  1.513807997846e-04
   19200  3.840000000000e+02  9.453595246532e-05
   19250  3.850000000000e+02  6.050529866501e-05
   19300  3.860000000000e+02  4.793732628490e-05
   19350  3.870000000000e+02  5.523942684735e-05
   19400  3.880000000000e+02  8.061454031552e-05
   19450  3.890000000000e+02  1.220995510528e-04
   19500  3.900000000000e+02  1.776048249246e-04
   19550  3.910000000000e+02  2.449537964681e-04
   19600  3.920000000000e+02  3.219218884217e-04
   19650  3.930000000000e+02  4.062731939170e-04
   19700  3.940000000000e+02  4.957967026425e-04
   19750  3.950000000000e+02  5.883390940484e-04
   19800  3.960000000000e+02  6.818371209305e-04
   19850  3.970000000000e+02  7.743423322462e-04
   19900  3.980000000000e+02  8.640493053995e-04
   19950  3.990000000000e+02  9.493118812882e-04
   20000  4.000000000000e+02  1.028662666672e-03
   20050  4.010000000000e+02  1.100825158977e-03
   20100  4.020000000000e+02  1.164723694782e-03
   20150  4.030000000000e+02  1.219486988682e-03
   20200  4.040000000000e+02  1.264453220394e-03
   20250  4.050000000000e+02  1.299166187815e-03
   20300  4.060000000000e+02  1.323367687134e-03
   20350  4.070000000000e+02  1.336995525976e-03
   20400  4.080000000000e+02  1.340167136837e-03
   20450  4.090000000000e+02  1.333170531102e-03
   20500  4.100000000000e+02  1.316448444035e-03
   20550  4.110000000000e+02  1.290577148444e-03
   20600  4.120000000000e+02  1.256254513991e-03
   20650  4.130000000000e+02  1.214273709932e-03
   20700  4.140000000000e+02  1.165505360550e-03
   20750  4.150000000000e+02  1.110879488027e-03
   20800  4.160000000000e+02  1.051366235548e-03
   20850  4.170000000000e+02  9.879513245244e-04
   20900  4.180000000000e+02  9.216210247321e-04
   20950  4.190000000000e+02  8.533498493568e-04
   21000  4.200000000000e+02  7.840778135760e-04
   21050  4.210000000000e+02  7.147013481276e-04
   21100  4.220000000000e+02  6.460596248002e-04
   21150  4.230000000000e+02  5.789198364169e-04
   21200  4.240000000000e+02  5.139746665736e-04
   21250  4.250000000000e+02  4.518303283644e-04
   21300  4.260000000000e+02  3.930071640743e-04
   21350  4.270000000000e+02  3.379347661039e-04
   21400  4.280000000000e+02  2.869501257120e-04
   21450  4.290000000000e+02  2.402985531013e-04
   21500  4.300000000000e+02  1.981358598308e-04
   21550  4.310000000000e+02  1.605368008040e-04
   21600  4.320000000000e+02  1.274958315637e-04
   21650  4.330000000000e+02  9.893590552500e-05
   21700  4.340000000000e+02  7.471423829351e-05
   21750  4.350000000000e+02  5.463106596201e-05
   21800  4.360000000000e+02  3.843937337148e-05
   21850  4.370000000000e+02  2.585350936241e-05
   21900  4.380000000000e+02  1.655720740346e-05
   21950  4.390000000000e+02  1.021172802362e-05
   22000  4.400000000000e+02  6.464326906160e-06
   22050  4.410000000000e+02  4.956258170236e-06
   22100  4.420000000000e+02  5.329849842708e-06
   22150  4.430000000000e+02  7.235180813053e-06
   22200  4.440000000000e+02  1.033612591686e-05
   22250  4.450000000000e+02  1.431590352914e-05
   22300  4.460000000000e+02  1.888118888232e-05
   22350  4.470000000000e+02  2.376615442033e-05
   22400  4.480000000000e+02  2.873447898893e-05
   22450  4.490000000000e+02  3.358085607741e-05
   22500  4.500000000000e+02  3.813251871512e-05
   22550  4.510000000000e+02  4.224888370131e-05
   22600  4.520000000000e+02  4.582016818015e-05
   22650  4.530000000000e+02  4.876696842051e-05
   22700  4.540000000000e+02  5.103837536517e-05
   22750  4.550000000000e+02  5.260967068976e-05
   22800  4.560000000000e+02  5.347960110040e-05
   22850  4.570000000000e+02  5.366694781140e-05
   22900  4.580000000000e+02  5.320817463726e-05
   22950  4.590000000000e+02  5.215494725874e-05
   23000  4.600000000000e+02  5.056856333394e-05
   23050  4.610000000000e+02  4.851917624382e-05
   23100  4.620000000000e+02  4.608189408214e-05
   23150  4.630000000000e+02  4.333395536141e-05
   23200  4.640000000000e+02  4.035305538411e-05
   23250  4.650000000000e+02  3.721483171760e-05
   23300  4.660000000000e+02  3.399182533264e-05
   23350  4.670000000000e+02  3.075025847309e-05
   23400  4.680000000000e+02  2.755023823058e-05
   23450  4.690000000000e+02  2.444428713150e-05
   23500  4.700000000000e+02  2.147740431423e-05
   23550  4.710000000000e+02  1.868560030471e-05
   23600  4.720000000000e+02  1.609639506614e-05
   23650  4.730000000000e+02  1.372910798306e-05
   23700  4.740000000000e+02  1.159483216798e-05
   23750  4.750000000000e+02  9.697769531761e-06
   23800  4.760000000000e+02  8.035782527165e-06
   23850  4.770000000000e+02  6.601200411252e-06
   23900  4.780000000000e+02  5.381735021875e-06
   23950  4.790000000000e+02  4.361628167041e-06
   24000  4.800000000000e+02  3.522782030252e-06
   24050  4.810000000000e+02  2.845512695165e-06
   24100  4.820000000000e+02  2.309459070822e-06
   24150  4.830000000000e+02  1.894270764573e-06
   24200  4.840000000000e+02  1.580386243968e-06
   24250  4.850000000000e+02  1.349454456720e-06
   24300  4.860000000000e+02  1.184700087878e-06
   24350  4.870000000000e+02  1.071324691460e-06
   24400  4.880000000000e+02  9.965332070233e-07
   24450  4.890000000000e+02  9.496587243113e-07
   24500  4.900000000000e+02  9.220790028117e-07
   24550  4.910000000000e+02  9.071055291285e-07
   24600  4.920000000000e+02  8.998077826450e-07
   24650  4.930000000000e+02  8.967489891834e-07
   24700  4.940000000000e+02  8.957096164081e-07
   24750  4.950000000000e+02  8.954264317518e-07
   24800  4.960000000000e+02  8.953049499896e-07
   24850  4.970000000000e+02  8.951622183367e-07
   24900  4.980000000000e+02  8.950210124634e-07
   24950  4.990000000000e+02  8.949459406327e-07
   25000  5.000000000000e+02  8.949645669692e-07
   25050  5.010000000000e+02  8.950576914704e-07
   25100  5.020000000000e+02  8.952187660893e-07
   25150  5.030000000000e+02  8.954295009703e-07
   25200  5.040000000000e+02  8.956627665854e-07
   25250  5.050000000000e+02  8.958912475349e-07
   25300  5.060000000000e+02  8.960944791608e-07
   25350  5.070000000000e+02  8.962527155570e-07
   25400  5.080000000000e+02  8.963415226437e-07
   25450  5.090000000000e+02  8.963575071352e-07
   25500  5.100000000000e+02  8.963101740672e-07
   25550  5.110000000000e+02  8.962142552388e-07
   25600  5.120000000000e+02  8.960816916051e-07
   25650  5.130000000000e+02  8.959203345940e-07
   25700  5.140000000000e+02  8.957457951833e-07
   25750  5.150000000000e+02  8.955686497183e-07
   25800  5.160000000000e+02  8.953946855558e-07
   25850  5.170000000000e+02  8.952268781837e-07
   25900  5.180000000000e+02  8.950721164733e-07
   25950  5.190000000000e+02  8.949429574912e-07
   26000  5.200000000000e+02  8.948460967981e-07
   26050  5.210000000000e+02  8.947872771267e-07
   26100  5.220000000000e+02  8.947706447923e-07
   26150  5.230000000000e+02  8.948013310653e-07
   26200  5.240000000000e+02  8.948770287565e-07
   26250  5.250000000000e+02  8.949895310070e-07
   26300  5.260000000000e+02  8.951273298974e-07
   26350  5.270000000000e+02  8.952767601295e-07
   26400  5.280000000000e+02  8.954227693966e-07
   26450  5.290000000000e+02  8.955512663320e-07
   26500  5.300000000000e+02  8.956501966473e-07
   26550  5.310000000000e+02  8.957126716100e-07
   26600  5.320000000000e+02  8.957386123734e-07
   26650  5.330000000000e+02  8.957285136182e-07
   26700  5.340000000000e+02  8.956844905414e-07
   26750  5.350000000000e+02  8.956149923425e-07
   26800  5.360000000000e+02  8.955328517080e-07
   26850  5.370000000000e+02  8.954514701606e-07
   26900  5.380000000000e+02  8.953804364470e-07
   26950  5.390000000000e+02  8.953291767075e-07
   27000  5.400000000000e+02  8.953026270908e-07
   27050  5.410000000000e+02  8.953025352754e-07
   27100  5.420000000000e+02  8.953246288246e-07
   27150  5.430000000000e+02  8.953673912085e-07
   27200  5.440000000000e+02  8.954354094939e-07
   27250  5.450000000000e+02  8.955240224096e-07
   27300  5.460000000000e+02  8.956236737037e-07
   27350  5.470000000000e+02  8.957129730355e-07
   27400  5.480000000000e+02  8.957839656987e-07
   27450  5.490000000000e+02  8.958333377954e-07
   27500  5.500000000000e+02  8.958563122857e-07
   27550  5.510000000000e+02  8.958520157573e-07
   27600  5.520000000000e+02  8.958124429123e-07
   27650  5.530000000000e+02  8.957335365101e-07
   27700  5.540000000000e+02  8.956174849806e-07
   27750  5.550000000000e+02  8.954675488268e-07
   27800  5.560000000000e+02  8.952982088889e-07
   27850  5.570000000000e+02  8.951267787272e-07
   27900  5.580000000000e+02  8.949672425512e-07
   27950  5.590000000000e+02  8.948264023922e-07
   28000  5.600000000000e+02  8.947109714358e-07
   28050  5.610000000000e+02  8.946338011170e-07
   28100  5.620000000000e+02  8.946084579728e-07
   28150  5.630000000000e+02  8.946410541139e-07
   28200  5.640000000000e+02  8.947260951089e-07
   28250  5.650000000000e+02  8.948572693956e-07
   28300  5.660000000000e+02  8.950248386250e-07
   28350  5.670000000000e+02  8.952108811397e-07
   28400  5.680000000000e+02  8.953935543010e-07
   28450  5.690000000000e+02  8.955557951884e-07
   28500  5.700000000000e+02  8.956883607719e-07
   28550  5.710000000000e+02  8.957833078221e-07
   28600  5.720000000000e+02  8.958306495915e-07
   28650  5.730000000000e+02  8.958267190551e-07
   28700  5.740000000000e+02  8.957781960639e-07
   28750  5.750000000000e+02  8.956977494909e-07
   28800  5.760000000000e+02  8.955957594703e-07
   28850  5.770000000000e+02  8.954869811229e-07
   28900  5.780000000000e+02  8.953839038262e-07
   28950  5.790000000000e+02  8.953028597450e-07
   29000  5.800000000000e+02  8.952490031730e-07
   29050  5.810000000000e+02  8.952260122722e-07
   29100  5.820000000000e+02  8.952355760664e-07
   29150  5.830000000000e+02  8.952753730238e-07
   29200  5.840000000000e+02  8.953409619816e-07
   29250  5.850000000000e+02  8.954176177883e-07
   29300  5.860000000000e+02  8.954945980438e-07
   29350  5.870000000000e+02  8.955582013262e-07
   29400  5.880000000000e+02  8.956007208835e-07
   29450  5.890000000000e+02  8.956118150369e-07
   29500  5.900000000000e+02  8.955843447192e-07
   29550  5.910000000000e+02  8.955202459096e-07
   29600  5.920000000000e+02  8.954263502822e-07
   29650  5.930000000000e+02  8.953070542786e-07
   29700  5.940000000000e+02  8.951694305814e-07
   29750  5.950000000000e+02  8.950264547350e-07
