################################################################################
# HEADER
# nspin         1
#%
# nik       217
#  st         1      26
# ust         1      26
# Iter             t            #  iter t Nex(t)  
################################################################################
       0  0.000000000000e+00 -2.560451850542e-15
      50  1.000000000000e+00  1.160912269094e-10
     100  2.000000000000e+00  1.857726125709e-10
     150  3.000000000000e+00  2.184614919520e-10
     200  4.000000000000e+00  2.074261248874e-10
     250  5.000000000000e+00  2.538038598732e-10
     300  6.000000000000e+00  6.143645869816e-10
     350  7.000000000000e+00  1.518885121843e-09
     400  8.000000000000e+00  3.455281089026e-09
     450  9.000000000000e+00  7.119720334126e-09
     500  1.000000000000e+01  1.370530472444e-08
     550  1.100000000000e+01  2.485982845274e-08
     600  1.200000000000e+01  4.284324967019e-08
     650  1.300000000000e+01  7.048687371974e-08
     700  1.400000000000e+01  1.113938575062e-07
     750  1.500000000000e+01  1.701006991164e-07
     800  1.600000000000e+01  2.523446205049e-07
     850  1.700000000000e+01  3.650488752463e-07
     900  1.800000000000e+01  5.166282529070e-07
     950  1.900000000000e+01  7.171667608177e-07
    1000  2.000000000000e+01  9.781955742152e-07
    1050  2.100000000000e+01  1.313100442109e-06
    1100  2.200000000000e+01  1.737681680165e-06
    1150  2.300000000000e+01  2.269808029205e-06
    1200  2.400000000000e+01  2.929683482998e-06
    1250  2.500000000000e+01  3.740481115802e-06
    1300  2.600000000000e+01  4.727580028070e-06
    1350  2.700000000000e+01  5.919634192206e-06
    1400  2.800000000000e+01  7.348957680765e-06
    1450  2.900000000000e+01  9.051445717757e-06
    1500  3.000000000000e+01  1.106682563775e-05
    1550  3.100000000000e+01  1.343829887918e-05
    1600  3.200000000000e+01  1.621320267394e-05
    1650  3.300000000000e+01  1.944307065324e-05
    1700  3.400000000000e+01  2.318303897513e-05
    1750  3.500000000000e+01  2.749360983231e-05
    1800  3.600000000000e+01  3.243989179516e-05
    1850  3.700000000000e+01  3.809100317265e-05
    1900  3.800000000000e+01  4.452090883500e-05
    1950  3.900000000000e+01  5.180934058725e-05
    2000  4.000000000000e+01  6.004132925919e-05
    2050  4.100000000000e+01  6.930746928146e-05
    2100  4.200000000000e+01  7.970326533443e-05
    2150  4.300000000000e+01  9.133263654258e-05
    2200  4.400000000000e+01  1.043036822265e-04
    2250  4.500000000000e+01  1.187297719486e-04
    2300  4.600000000000e+01  1.347305250317e-04
    2350  4.700000000000e+01  1.524312696185e-04
    2400  4.800000000000e+01  1.719645615256e-04
    2450  4.900000000000e+01  1.934694337934e-04
    2500  5.000000000000e+01  2.170894844894e-04
    2550  5.100000000000e+01  2.429741533376e-04
    2600  5.200000000000e+01  2.712804713136e-04
    2650  5.300000000000e+01  3.021692519149e-04
    2700  5.400000000000e+01  3.358113207607e-04
    2750  5.500000000000e+01  3.723796413792e-04
    2800  5.600000000000e+01  4.120525581353e-04
    2850  5.700000000000e+01  4.550165877158e-04
    2900  5.800000000000e+01  5.014585323629e-04
    2950  5.900000000000e+01  5.515766283679e-04
    3000  6.000000000000e+01  6.055721406391e-04
    3050  6.100000000000e+01  6.636510307639e-04
    3100  6.200000000000e+01  7.260251791364e-04
    3150  6.300000000000e+01  7.929099530723e-04
    3200  6.400000000000e+01  8.645237511592e-04
    3250  6.500000000000e+01  9.410913181821e-04
    3300  6.600000000000e+01  1.022843034739e-03
    3350  6.700000000000e+01  1.110009802488e-03
    3400  6.800000000000e+01  1.202822899232e-03
    3450  6.900000000000e+01  1.301516451103e-03
    3500  7.000000000000e+01  1.406329017620e-03
    3550  7.100000000000e+01  1.517505339712e-03
    3600  7.200000000000e+01  1.635283934469e-03
    3650  7.300000000000e+01  1.759908940298e-03
    3700  7.400000000000e+01  1.891617413524e-03
    3750  7.500000000000e+01  2.030650131379e-03
    3800  7.600000000000e+01  2.177254740006e-03
    3850  7.700000000000e+01  2.331674075559e-03
    3900  7.800000000000e+01  2.494142635343e-03
    3950  7.900000000000e+01  2.664891875725e-03
    4000  8.000000000000e+01  2.844148463866e-03
    4050  8.100000000000e+01  3.032147676295e-03
    4100  8.200000000000e+01  3.229120068944e-03
    4150  8.300000000000e+01  3.435280218352e-03
    4200  8.400000000000e+01  3.650844873708e-03
    4250  8.500000000000e+01  3.876018486412e-03
    4300  8.600000000000e+01  4.111014813227e-03
    4350  8.700000000000e+01  4.356039552201e-03
    4400  8.800000000000e+01  4.611276275085e-03
    4450  8.900000000000e+01  4.876906742541e-03
    4500  9.000000000000e+01  5.153090274240e-03
    4550  9.100000000000e+01  5.439994482922e-03
    4600  9.200000000000e+01  5.737773888447e-03
    4650  9.300000000000e+01  6.046560646828e-03
    4700  9.400000000000e+01  6.366474723626e-03
    4750  9.500000000000e+01  6.697625947729e-03
    4800  9.600000000000e+01  7.040126704652e-03
    4850  9.700000000000e+01  7.394066997912e-03
    4900  9.800000000000e+01  7.759521394844e-03
    4950  9.900000000000e+01  8.136541778210e-03
    5000  1.000000000000e+02  8.525167782599e-03
    5050  1.010000000000e+02  8.925443761545e-03
    5100  1.020000000000e+02  9.337383925759e-03
    5150  1.030000000000e+02  9.760972728732e-03
    5200  1.040000000000e+02  1.019616689747e-02
    5250  1.050000000000e+02  1.064292206180e-02
    5300  1.060000000000e+02  1.110118055509e-02
    5350  1.070000000000e+02  1.157087196371e-02
    5400  1.080000000000e+02  1.205188498044e-02
    5450  1.090000000000e+02  1.254408450627e-02
    5500  1.100000000000e+02  1.304731713794e-02
    5550  1.110000000000e+02  1.356143018065e-02
    5600  1.120000000000e+02  1.408623836187e-02
    5650  1.130000000000e+02  1.462153600894e-02
    5700  1.140000000000e+02  1.516707900298e-02
    5750  1.150000000000e+02  1.572259587568e-02
    5800  1.160000000000e+02  1.628781444234e-02
    5850  1.170000000000e+02  1.686244106921e-02
    5900  1.180000000000e+02  1.744614963734e-02
    5950  1.190000000000e+02  1.803857069098e-02
    6000  1.200000000000e+02  1.863931917721e-02
    6050  1.210000000000e+02  1.924800954710e-02
    6100  1.220000000000e+02  1.986422439112e-02
    6150  1.230000000000e+02  2.048752065878e-02
    6200  1.240000000000e+02  2.111740545358e-02
    6250  1.250000000000e+02  2.175338724226e-02
    6300  1.260000000000e+02  2.239496249828e-02
    6350  1.270000000000e+02  2.304158162257e-02
    6400  1.280000000000e+02  2.369268927259e-02
    6450  1.290000000000e+02  2.434766878232e-02
    6500  1.300000000000e+02  2.500591171615e-02
    6550  1.310000000000e+02  2.566679077509e-02
    6600  1.320000000000e+02  2.632965457947e-02
    6650  1.330000000000e+02  2.699383126226e-02
    6700  1.340000000000e+02  2.765860957289e-02
    6750  1.350000000000e+02  2.832328857671e-02
    6800  1.360000000000e+02  2.898712735743e-02
    6850  1.370000000000e+02  2.964938332236e-02
    6900  1.380000000000e+02  3.030928407458e-02
    6950  1.390000000000e+02  3.096605059397e-02
    7000  1.400000000000e+02  3.161888083217e-02
    7050  1.410000000000e+02  3.226694879521e-02
    7100  1.420000000000e+02  3.290943628902e-02
    7150  1.430000000000e+02  3.354549235654e-02
    7200  1.440000000000e+02  3.417424587233e-02
    7250  1.450000000000e+02  3.479482963670e-02
    7300  1.460000000000e+02  3.540634494759e-02
    7350  1.470000000000e+02  3.600789138735e-02
    7400  1.480000000000e+02  3.659856041910e-02
    7450  1.490000000000e+02  3.717743033589e-02
    7500  1.500000000000e+02  3.774358645523e-02
    7550  1.510000000000e+02  3.829609721869e-02
    7600  1.520000000000e+02  3.883404648445e-02
    7650  1.530000000000e+02  3.935653009746e-02
    7700  1.540000000000e+02  3.986263273100e-02
    7750  1.550000000000e+02  4.035146806323e-02
    7800  1.560000000000e+02  4.082212320554e-02
    7850  1.570000000000e+02  4.127371315246e-02
    7900  1.580000000000e+02  4.170537530339e-02
    7950  1.590000000000e+02  4.211622531641e-02
    8000  1.600000000000e+02  4.250538906217e-02
    8050  1.610000000000e+02  4.287200001648e-02
    8100  1.620000000000e+02  4.321522092408e-02
    8150  1.630000000000e+02  4.353424745690e-02
    8200  1.640000000000e+02  4.382826230973e-02
    8250  1.650000000000e+02  4.409646605925e-02
    8300  1.660000000000e+02  4.433808496422e-02
    8350  1.670000000000e+02  4.455237782722e-02
    8400  1.680000000000e+02  4.473861592790e-02
    8450  1.690000000000e+02  4.489611379496e-02
    8500  1.700000000000e+02  4.502420742221e-02
    8550  1.710000000000e+02  4.512223855044e-02
    8600  1.720000000000e+02  4.518961762419e-02
    8650  1.730000000000e+02  4.522577774922e-02
    8700  1.740000000000e+02  4.523019891416e-02
    8750  1.750000000000e+02  4.520242102808e-02
    8800  1.760000000000e+02  4.514198755012e-02
    8850  1.770000000000e+02  4.504849189818e-02
    8900  1.780000000000e+02  4.492158898876e-02
    8950  1.790000000000e+02  4.476099003498e-02
    9000  1.800000000000e+02  4.456644457068e-02
    9050  1.810000000000e+02  4.433772153688e-02
    9100  1.820000000000e+02  4.407463829653e-02
    9150  1.830000000000e+02  4.377708587837e-02
    9200  1.840000000000e+02  4.344503584300e-02
    9250  1.850000000000e+02  4.307849159073e-02
    9300  1.860000000000e+02  4.267752342323e-02
    9350  1.870000000000e+02  4.224223988916e-02
    9400  1.880000000000e+02  4.177284711104e-02
    9450  1.890000000000e+02  4.126960902369e-02
    9500  1.900000000000e+02  4.073285421359e-02
    9550  1.910000000000e+02  4.016298136224e-02
    9600  1.920000000000e+02  3.956044338075e-02
    9650  1.930000000000e+02  3.892577764604e-02
    9700  1.940000000000e+02  3.825962203312e-02
    9750  1.950000000000e+02  3.756264518035e-02
    9800  1.960000000000e+02  3.683558871535e-02
    9850  1.970000000000e+02  3.607926402025e-02
    9900  1.980000000000e+02  3.529458098595e-02
    9950  1.990000000000e+02  3.448254482219e-02
   10000  2.000000000000e+02  3.364420658442e-02
   10050  2.010000000000e+02  3.278068104822e-02
   10100  2.020000000000e+02  3.189315355510e-02
   10150  2.030000000000e+02  3.098293358423e-02
   10200  2.040000000000e+02  3.005140389633e-02
   10250  2.050000000000e+02  2.910000541309e-02
   10300  2.060000000000e+02  2.813025906229e-02
   10350  2.070000000000e+02  2.714376681491e-02
   10400  2.080000000000e+02  2.614221373463e-02
   10450  2.090000000000e+02  2.512739293813e-02
   10500  2.100000000000e+02  2.410115275089e-02
   10550  2.110000000000e+02  2.306542307399e-02
   10600  2.120000000000e+02  2.202221368882e-02
   10650  2.130000000000e+02  2.097360558732e-02
   10700  2.140000000000e+02  1.992178615529e-02
   10750  2.150000000000e+02  1.886900541350e-02
   10800  2.160000000000e+02  1.781759342919e-02
   10850  2.170000000000e+02  1.676993831143e-02
   10900  2.180000000000e+02  1.572851759515e-02
   10950  2.190000000000e+02  1.469589453122e-02
   11000  2.200000000000e+02  1.367467735467e-02
   11050  2.210000000000e+02  1.266756997725e-02
   11100  2.220000000000e+02  1.167733182092e-02
   11150  2.230000000000e+02  1.070679057849e-02
   11200  2.240000000000e+02  9.758849350222e-03
   11250  2.250000000000e+02  8.836466262911e-03
   11300  2.260000000000e+02  7.942661722403e-03
   11350  2.270000000000e+02  7.080512225893e-03
   11400  2.280000000000e+02  6.253163063448e-03
   11450  2.290000000000e+02  5.463808744248e-03
   11500  2.300000000000e+02  4.715701564399e-03
   11550  2.310000000000e+02  4.012135986513e-03
   11600  2.320000000000e+02  3.356456743260e-03
   11650  2.330000000000e+02  2.752051290235e-03
   11700  2.340000000000e+02  2.202347275187e-03
   11750  2.350000000000e+02  1.710807794468e-03
   11800  2.360000000000e+02  1.280931820198e-03
   11850  2.370000000000e+02  9.162457462707e-04
   11900  2.380000000000e+02  6.202955115157e-04
   11950  2.390000000000e+02  3.966590181408e-04
   12000  2.400000000000e+02  2.489270172598e-04
   12050  2.410000000000e+02  1.807066468590e-04
   12100  2.420000000000e+02  1.956147757504e-04
   12150  2.430000000000e+02  2.972743723795e-04
   12200  2.440000000000e+02  4.893093021512e-04
   12250  2.450000000000e+02  7.753411893207e-04
   12300  2.460000000000e+02  1.158984843780e-03
   12350  2.470000000000e+02  1.643843170325e-03
   12400  2.480000000000e+02  2.233504242525e-03
   12450  2.490000000000e+02  2.931534258614e-03
   12500  2.500000000000e+02  3.741474700641e-03
   12550  2.510000000000e+02  4.666834160745e-03
   12600  2.520000000000e+02  5.711088608322e-03
   12650  2.530000000000e+02  6.877673194503e-03
   12700  2.540000000000e+02  8.169971815600e-03
   12750  2.550000000000e+02  9.591316199817e-03
   12800  2.560000000000e+02  1.114498358115e-02
   12850  2.570000000000e+02  1.283420029316e-02
   12900  2.580000000000e+02  1.466211943014e-02
   12950  2.590000000000e+02  1.663181922036e-02
   13000  2.600000000000e+02  1.874631042314e-02
   13050  2.610000000000e+02  2.100850875283e-02
   13100  2.620000000000e+02  2.342125731496e-02
   13150  2.630000000000e+02  2.598730680424e-02
   13200  2.640000000000e+02  2.870930345886e-02
   13250  2.650000000000e+02  3.158980399758e-02
   13300  2.660000000000e+02  3.463121928533e-02
   13350  2.670000000000e+02  3.783587128659e-02
   13400  2.680000000000e+02  4.120596311230e-02
   13450  2.690000000000e+02  4.474359818160e-02
   13500  2.700000000000e+02  4.845074603091e-02
   13550  2.710000000000e+02  5.232922852985e-02
   13600  2.720000000000e+02  5.638074501600e-02
   13650  2.730000000000e+02  6.060684640193e-02
   13700  2.740000000000e+02  6.500897557193e-02
   13750  2.750000000000e+02  6.958841232329e-02
   13800  2.760000000000e+02  7.434627864285e-02
   13850  2.770000000000e+02  7.928352438292e-02
   13900  2.780000000000e+02  8.440095840743e-02
   13950  2.790000000000e+02  8.969925280858e-02
   14000  2.800000000000e+02  9.517888969319e-02
   14050  2.810000000000e+02  1.008401591170e-01
   14100  2.820000000000e+02  1.066831716353e-01
   14150  2.830000000000e+02  1.127079135464e-01
   14200  2.840000000000e+02  1.189141606612e-01
   14250  2.850000000000e+02  1.253014907715e-01
   14300  2.860000000000e+02  1.318693085679e-01
   14350  2.870000000000e+02  1.386168210327e-01
   14400  2.880000000000e+02  1.455430572480e-01
   14450  2.890000000000e+02  1.526468961389e-01
   14500  2.900000000000e+02  1.599269656494e-01
   14550  2.910000000000e+02  1.673817187308e-01
   14600  2.920000000000e+02  1.750094435791e-01
   14650  2.930000000000e+02  1.828082663307e-01
   14700  2.940000000000e+02  1.907760894206e-01
   14750  2.950000000000e+02  1.989106387088e-01
   14800  2.960000000000e+02  2.072093977474e-01
   14850  2.970000000000e+02  2.156696767815e-01
   14900  2.980000000000e+02  2.242886483277e-01
   14950  2.990000000000e+02  2.330632532494e-01
   15000  3.000000000000e+02  2.419902427199e-01
   15050  3.010000000000e+02  2.510660990480e-01
   15100  3.020000000000e+02  2.602871895572e-01
   15150  3.030000000000e+02  2.696496606770e-01
   15200  3.040000000000e+02  2.791494330461e-01
   15250  3.050000000000e+02  2.887823061052e-01
   15300  3.060000000000e+02  2.985438674560e-01
   15350  3.070000000000e+02  3.084295071387e-01
   15400  3.080000000000e+02  3.184343798221e-01
   15450  3.090000000000e+02  3.285535289976e-01
   15500  3.100000000000e+02  3.387818190017e-01
   15550  3.110000000000e+02  3.491139550652e-01
   15600  3.120000000000e+02  3.595445187589e-01
   15650  3.130000000000e+02  3.700678265743e-01
   15700  3.140000000000e+02  3.806781594665e-01
   15750  3.150000000000e+02  3.913695899795e-01
   15800  3.160000000000e+02  4.021360752242e-01
   15850  3.170000000000e+02  4.129714491792e-01
   15900  3.180000000000e+02  4.238693239889e-01
   15950  3.190000000000e+02  4.348233204528e-01
   16000  3.200000000000e+02  4.458268318598e-01
   16050  3.210000000000e+02  4.568731732222e-01
   16100  3.220000000000e+02  4.679554329952e-01
   16150  3.230000000000e+02  4.790667181295e-01
   16200  3.240000000000e+02  4.901999556905e-01
   16250  3.250000000000e+02  5.013480653371e-01
   16300  3.260000000000e+02  5.125038861379e-01
   16350  3.270000000000e+02  5.236600736101e-01
   16400  3.280000000000e+02  5.348092360573e-01
   16450  3.290000000000e+02  5.459438622380e-01
   16500  3.300000000000e+02  5.570564955850e-01
   16550  3.310000000000e+02  5.681395526538e-01
   16600  3.320000000000e+02  5.791853667255e-01
   16650  3.330000000000e+02  5.901861821205e-01
   16700  3.340000000000e+02  6.011341572505e-01
   16750  3.350000000000e+02  6.120214593950e-01
   16800  3.360000000000e+02  6.228401220599e-01
   16850  3.370000000000e+02  6.335822451958e-01
   16900  3.380000000000e+02  6.442398949924e-01
   16950  3.390000000000e+02  6.548050432509e-01
   17000  3.400000000000e+02  6.652697780887e-01
   17050  3.410000000000e+02  6.756260333614e-01
   17100  3.420000000000e+02  6.858658585462e-01
   17150  3.430000000000e+02  6.959812651611e-01
   17200  3.440000000000e+02  7.059642668320e-01
   17250  3.450000000000e+02  7.158069304631e-01
   17300  3.460000000000e+02  7.255012994532e-01
   17350  3.470000000000e+02  7.350395574138e-01
   17400  3.480000000000e+02  7.444138014908e-01
   17450  3.490000000000e+02  7.536162943944e-01
   17500  3.500000000000e+02  7.626393129534e-01
   17550  3.510000000000e+02  7.714753155929e-01
   17600  3.520000000000e+02  7.801168155604e-01
   17650  3.530000000000e+02  7.885563761753e-01
   17700  3.540000000000e+02  7.967866553584e-01
   17750  3.550000000000e+02  8.048004463670e-01
   17800  3.560000000000e+02  8.125907414394e-01
   17850  3.570000000000e+02  8.201506133818e-01
   17900  3.580000000000e+02  8.274732735245e-01
   17950  3.590000000000e+02  8.345519940041e-01
   18000  3.600000000000e+02  8.413801759955e-01
   18050  3.610000000000e+02  8.479514900789e-01
   18100  3.620000000000e+02  8.542596962195e-01
   18150  3.630000000000e+02  8.602986629473e-01
   18200  3.640000000000e+02  8.660624567950e-01
   18250  3.650000000000e+02  8.715451473820e-01
   18300  3.660000000000e+02  8.767411272702e-01
   18350  3.670000000000e+02  8.816449427933e-01
   18400  3.680000000000e+02  8.862512598692e-01
   18450  3.690000000000e+02  8.905549635829e-01
   18500  3.700000000000e+02  8.945509751545e-01
   18550  3.710000000000e+02  8.982345112749e-01
   18600  3.720000000000e+02  9.016010069051e-01
   18650  3.730000000000e+02  9.046460732738e-01
   18700  3.740000000000e+02  9.073655374086e-01
   18750  3.750000000000e+02  9.097554095300e-01
   18800  3.760000000000e+02  9.118118820196e-01
   18850  3.770000000000e+02  9.135313765029e-01
   18900  3.780000000000e+02  9.149106706718e-01
   18950  3.790000000000e+02  9.159466920866e-01
   19000  3.800000000000e+02  9.166366428558e-01
   19050  3.810000000000e+02  9.169779535225e-01
   19100  3.820000000000e+02  9.169683455320e-01
   19150  3.830000000000e+02  9.166056836946e-01
   19200  3.840000000000e+02  9.158882272966e-01
   19250  3.850000000000e+02  9.148144726257e-01
   19300  3.860000000000e+02  9.133832292375e-01
   19350  3.870000000000e+02  9.115935648752e-01
   19400  3.880000000000e+02  9.094447303588e-01
   19450  3.890000000000e+02  9.069363220388e-01
   19500  3.900000000000e+02  9.040682662792e-01
   19550  3.910000000000e+02  9.008407955672e-01
   19600  3.920000000000e+02  8.972543938478e-01
   19650  3.930000000000e+02  8.933097805628e-01
   19700  3.940000000000e+02  8.890081466437e-01
   19750  3.950000000000e+02  8.843508071863e-01
   19800  3.960000000000e+02  8.793394016039e-01
   19850  3.970000000000e+02  8.739759564363e-01
   19900  3.980000000000e+02  8.682627657121e-01
   19950  3.990000000000e+02  8.622024871734e-01
   20000  4.000000000000e+02  8.557979306647e-01
   20050  4.010000000000e+02  8.490523197573e-01
   20100  4.020000000000e+02  8.419691704962e-01
   20150  4.030000000000e+02  8.345523472877e-01
   20200  4.040000000000e+02  8.268061141244e-01
   20250  4.050000000000e+02  8.187349166544e-01
   20300  4.060000000000e+02  8.103436824445e-01
   20350  4.070000000000e+02  8.016375550037e-01
   20400  4.080000000000e+02  7.926220608972e-01
   20450  4.090000000000e+02  7.833030825123e-01
   20500  4.100000000000e+02  7.736867441778e-01
   20550  4.110000000000e+02  7.637794786478e-01
   20600  4.120000000000e+02  7.535879986673e-01
   20650  4.130000000000e+02  7.431193563320e-01
   20700  4.140000000000e+02  7.323809143764e-01
   20750  4.150000000000e+02  7.213802946240e-01
   20800  4.160000000000e+02  7.101254018385e-01
   20850  4.170000000000e+02  6.986244536118e-01
   20900  4.180000000000e+02  6.868860078519e-01
   20950  4.190000000000e+02  6.749188828322e-01
   21000  4.200000000000e+02  6.627321731232e-01
   21050  4.210000000000e+02  6.503353011242e-01
   21100  4.220000000000e+02  6.377380425327e-01
   21150  4.230000000000e+02  6.249503807526e-01
   21200  4.240000000000e+02  6.119826549310e-01
   21250  4.250000000000e+02  5.988454368691e-01
   21300  4.260000000000e+02  5.855496005406e-01
   21350  4.270000000000e+02  5.721063183223e-01
   21400  4.280000000000e+02  5.585270329825e-01
   21450  4.290000000000e+02  5.448234759901e-01
   21500  4.300000000000e+02  5.310075116207e-01
   21550  4.310000000000e+02  5.170914181928e-01
   21600  4.320000000000e+02  5.030876269403e-01
   21650  4.330000000000e+02  4.890088358108e-01
   21700  4.340000000000e+02  4.748679960143e-01
   21750  4.350000000000e+02  4.606781843668e-01
   21800  4.360000000000e+02  4.464527664848e-01
   21850  4.370000000000e+02  4.322052631585e-01
   21900  4.380000000000e+02  4.179494157068e-01
   21950  4.390000000000e+02  4.036991910559e-01
   22000  4.400000000000e+02  3.894686927423e-01
   22050  4.410000000000e+02  3.752721371240e-01
   22100  4.420000000000e+02  3.611238550148e-01
   22150  4.430000000000e+02  3.470383572124e-01
   22200  4.440000000000e+02  3.330302755293e-01
   22250  4.450000000000e+02  3.191143384612e-01
   22300  4.460000000000e+02  3.053053385759e-01
   22350  4.470000000000e+02  2.916181101871e-01
   22400  4.480000000000e+02  2.780676075332e-01
   22450  4.490000000000e+02  2.646687828531e-01
   22500  4.500000000000e+02  2.514366741147e-01
   22550  4.510000000000e+02  2.383863490039e-01
   22600  4.520000000000e+02  2.255328222286e-01
   22650  4.530000000000e+02  2.128911149278e-01
   22700  4.540000000000e+02  2.004762361225e-01
   22750  4.550000000000e+02  1.883031492615e-01
   22800  4.560000000000e+02  1.763867665788e-01
   22850  4.570000000000e+02  1.647419122140e-01
   22900  4.580000000000e+02  1.533832537848e-01
   22950  4.590000000000e+02  1.423254034809e-01
   23000  4.600000000000e+02  1.315828273373e-01
   23050  4.610000000000e+02  1.211698271820e-01
   23100  4.620000000000e+02  1.111005683418e-01
   23150  4.630000000000e+02  1.013889700206e-01
   23200  4.640000000000e+02  9.204876888360e-02
   23250  4.650000000000e+02  8.309348102429e-02
   23300  4.660000000000e+02  7.453636090057e-02
   23350  4.670000000000e+02  6.639039636258e-02
   23400  4.680000000000e+02  5.866829549430e-02
   23450  4.690000000000e+02  5.138247511434e-02
   23500  4.700000000000e+02  4.454503252637e-02
   23550  4.710000000000e+02  3.816772412009e-02
   23600  4.720000000000e+02  3.226193248276e-02
   23650  4.730000000000e+02  2.683868824239e-02
   23700  4.740000000000e+02  2.190863518654e-02
   23750  4.750000000000e+02  1.748201306443e-02
   23800  4.760000000000e+02  1.356862911408e-02
   23850  4.770000000000e+02  1.017784451878e-02
   23900  4.780000000000e+02  7.318552354239e-03
   23950  4.790000000000e+02  4.999174682488e-03
   24000  4.800000000000e+02  3.227639791665e-03
   24050  4.810000000000e+02  2.011360131047e-03
   24100  4.820000000000e+02  1.357224322995e-03
   24150  4.830000000000e+02  1.271582425074e-03
   24200  4.840000000000e+02  1.760232328168e-03
   24250  4.850000000000e+02  2.828409553462e-03
   24300  4.860000000000e+02  4.480776320600e-03
   24350  4.870000000000e+02  6.721413008225e-03
   24400  4.880000000000e+02  9.553815853512e-03
   24450  4.890000000000e+02  1.298088435200e-02
   24500  4.900000000000e+02  1.700492677600e-02
   24550  4.910000000000e+02  2.162765541305e-02
   24600  4.920000000000e+02  2.685017852338e-02
   24650  4.930000000000e+02  3.267301192157e-02
   24700  4.940000000000e+02  3.909607061629e-02
   24750  4.950000000000e+02  4.611867851312e-02
   24800  4.960000000000e+02  5.373955297221e-02
   24850  4.970000000000e+02  6.195681419717e-02
   24900  4.980000000000e+02  7.076796274937e-02
   24950  4.990000000000e+02  8.016988785235e-02
   25000  5.000000000000e+02  9.015886488570e-02
   25050  5.010000000000e+02  1.007305432684e-01
   25100  5.020000000000e+02  1.118799774952e-01
   25150  5.030000000000e+02  1.236015816286e-01
   25200  5.040000000000e+02  1.358890956932e-01
   25250  5.050000000000e+02  1.487356618910e-01
   25300  5.060000000000e+02  1.621337752003e-01
   25350  5.070000000000e+02  1.760753651114e-01
   25400  5.080000000000e+02  1.905517522710e-01
   25450  5.090000000000e+02  2.055536626137e-01
   25500  5.100000000000e+02  2.210713028575e-01
   25550  5.110000000000e+02  2.370943230175e-01
   25600  5.120000000000e+02  2.536119809471e-01
   25650  5.130000000000e+02  2.706130595490e-01
   25700  5.140000000000e+02  2.880860409231e-01
   25750  5.150000000000e+02  3.060190423022e-01
   25800  5.160000000000e+02  3.243998905365e-01
   25850  5.170000000000e+02  3.432161139175e-01
   25900  5.180000000000e+02  3.624549682806e-01
   25950  5.190000000000e+02  3.821034809670e-01
   26000  5.200000000000e+02  4.021484722694e-01
   26050  5.210000000000e+02  4.225764164849e-01
   26100  5.220000000000e+02  4.433734492649e-01
   26150  5.230000000000e+02  4.645253204242e-01
   26200  5.240000000000e+02  4.860173565858e-01
   26250  5.250000000000e+02  5.078345070280e-01
   26300  5.260000000000e+02  5.299611777608e-01
   26350  5.270000000000e+02  5.523812489785e-01
   26400  5.280000000000e+02  5.750780373201e-01
   26450  5.290000000000e+02  5.980343535363e-01
   26500  5.300000000000e+02  6.212325754645e-01
   26550  5.310000000000e+02  6.446546409961e-01
   26600  5.320000000000e+02  6.682821852401e-01
   26650  5.330000000000e+02  6.920965925476e-01
   26700  5.340000000000e+02  7.160791519331e-01
   26750  5.350000000000e+02  7.402112751714e-01
   26800  5.360000000000e+02  7.644745415014e-01
   26850  5.370000000000e+02  7.888508320964e-01
   26900  5.380000000000e+02  8.133224024710e-01
   26950  5.390000000000e+02  8.378719614042e-01
   27000  5.400000000000e+02  8.624827748607e-01
   27050  5.410000000000e+02  8.871384912764e-01
   27100  5.420000000000e+02  9.118231702280e-01
   27150  5.430000000000e+02  9.365211035946e-01
   27200  5.440000000000e+02  9.612168452633e-01
   27250  5.450000000000e+02  9.858950240204e-01
   27300  5.460000000000e+02  1.010540183906e+00
   27350  5.470000000000e+02  1.035136369734e+00
   27400  5.480000000000e+02  1.059667353249e+00
   27450  5.490000000000e+02  1.084116418462e+00
   27500  5.500000000000e+02  1.108466187600e+00
   27550  5.510000000000e+02  1.132698782046e+00
   27600  5.520000000000e+02  1.156795739352e+00
   27650  5.530000000000e+02  1.180738036693e+00
   27700  5.540000000000e+02  1.204506362344e+00
   27750  5.550000000000e+02  1.228081189675e+00
   27800  5.560000000000e+02  1.251443307842e+00
   27850  5.570000000000e+02  1.274573727713e+00
   27900  5.580000000000e+02  1.297454222437e+00
   27950  5.590000000000e+02  1.320067189971e+00
   28000  5.600000000000e+02  1.342396293523e+00
   28050  5.610000000000e+02  1.364426288377e+00
   28100  5.620000000000e+02  1.386143107945e+00
   28150  5.630000000000e+02  1.407534047961e+00
   28200  5.640000000000e+02  1.428587266318e+00
   28250  5.650000000000e+02  1.449291762623e+00
   28300  5.660000000000e+02  1.469637248545e+00
   28350  5.670000000000e+02  1.489613570287e+00
   28400  5.680000000000e+02  1.509210613609e+00
   28450  5.690000000000e+02  1.528418103876e+00
   28500  5.700000000000e+02  1.547225086390e+00
   28550  5.710000000000e+02  1.565620224432e+00
   28600  5.720000000000e+02  1.583591533190e+00
   28650  5.730000000000e+02  1.601126395970e+00
   28700  5.740000000000e+02  1.618211918801e+00
   28750  5.750000000000e+02  1.634834933986e+00
   28800  5.760000000000e+02  1.650982198582e+00
   28850  5.770000000000e+02  1.666640617250e+00
   28900  5.780000000000e+02  1.681797629638e+00
   28950  5.790000000000e+02  1.696441156809e+00
   29000  5.800000000000e+02  1.710559655793e+00
   29050  5.810000000000e+02  1.724142348058e+00
   29100  5.820000000000e+02  1.737179127293e+00
   29150  5.830000000000e+02  1.749660697048e+00
   29200  5.840000000000e+02  1.761578524314e+00
   29250  5.850000000000e+02  1.772924850575e+00
   29300  5.860000000000e+02  1.783692887567e+00
   29350  5.870000000000e+02  1.793876485340e+00
   29400  5.880000000000e+02  1.803470507922e+00
   29450  5.890000000000e+02  1.812470572790e+00
   29500  5.900000000000e+02  1.820873226929e+00
   29550  5.910000000000e+02  1.828675595545e+00
   29600  5.920000000000e+02  1.835875208505e+00
   29650  5.930000000000e+02  1.842469958084e+00
   29700  5.940000000000e+02  1.848457682317e+00
   29750  5.950000000000e+02  1.853836052768e+00
   29800  5.960000000000e+02  1.858602426242e+00
   29850  5.970000000000e+02  1.862753738243e+00
   29900  5.980000000000e+02  1.866286372423e+00
   29950  5.990000000000e+02  1.869196530411e+00
   30000  6.000000000000e+02  1.871480307628e+00
   30050  6.010000000000e+02  1.873133827031e+00
   30100  6.020000000000e+02  1.874153847782e+00
   30150  6.030000000000e+02  1.874537962589e+00
   30200  6.040000000000e+02  1.874284748952e+00
   30250  6.050000000000e+02  1.873394086857e+00
   30300  6.060000000000e+02  1.871866822371e+00
   30350  6.070000000000e+02  1.869705102860e+00
   30400  6.080000000000e+02  1.866911913896e+00
   30450  6.090000000000e+02  1.863490929604e+00
   30500  6.100000000000e+02  1.859446047458e+00
   30550  6.110000000000e+02  1.854781303689e+00
   30600  6.120000000000e+02  1.849500513606e+00
   30650  6.130000000000e+02  1.843606958022e+00
   30700  6.140000000000e+02  1.837103705801e+00
   30750  6.150000000000e+02  1.829993478199e+00
   30800  6.160000000000e+02  1.822278956731e+00
   30850  6.170000000000e+02  1.813962982649e+00
   30900  6.180000000000e+02  1.805048749209e+00
   30950  6.190000000000e+02  1.795540137756e+00
   31000  6.200000000000e+02  1.785442039454e+00
   31050  6.210000000000e+02  1.774760293118e+00
   31100  6.220000000000e+02  1.763502025348e+00
   31150  6.230000000000e+02  1.751675414532e+00
   31200  6.240000000000e+02  1.739289728817e+00
   31250  6.250000000000e+02  1.726354950884e+00
   31300  6.260000000000e+02  1.712881703859e+00
   31350  6.270000000000e+02  1.698881121430e+00
   31400  6.280000000000e+02  1.684364415284e+00
   31450  6.290000000000e+02  1.669342519217e+00
   31500  6.300000000000e+02  1.653826116164e+00
   31550  6.310000000000e+02  1.637825572754e+00
   31600  6.320000000000e+02  1.621350686859e+00
   31650  6.330000000000e+02  1.604410970544e+00
   31700  6.340000000000e+02  1.587015699924e+00
   31750  6.350000000000e+02  1.569173885703e+00
   31800  6.360000000000e+02  1.550894718055e+00
   31850  6.370000000000e+02  1.532187914722e+00
   31900  6.380000000000e+02  1.513063782201e+00
   31950  6.390000000000e+02  1.493533466685e+00
   32000  6.400000000000e+02  1.473609069103e+00
   32050  6.410000000000e+02  1.453303826364e+00
   32100  6.420000000000e+02  1.432632084430e+00
   32150  6.430000000000e+02  1.411609247903e+00
   32200  6.440000000000e+02  1.390251629740e+00
   32250  6.450000000000e+02  1.368576162452e+00
   32300  6.460000000000e+02  1.346600153518e+00
   32350  6.470000000000e+02  1.324341038398e+00
   32400  6.480000000000e+02  1.301816086798e+00
   32450  6.490000000000e+02  1.279042476412e+00
   32500  6.500000000000e+02  1.256036806507e+00
   32550  6.510000000000e+02  1.232815067254e+00
   32600  6.520000000000e+02  1.209392787853e+00
   32650  6.530000000000e+02  1.185785002180e+00
   32700  6.540000000000e+02  1.162006346732e+00
   32750  6.550000000000e+02  1.138071256002e+00
   32800  6.560000000000e+02  1.113994106430e+00
   32850  6.570000000000e+02  1.089789493758e+00
   32900  6.580000000000e+02  1.065472232936e+00
   32950  6.590000000000e+02  1.041057522012e+00
   33000  6.600000000000e+02  1.016561216227e+00
   33050  6.610000000000e+02  9.919995338789e-01
   33100  6.620000000000e+02  9.673893439205e-01
   33150  6.630000000000e+02  9.427480400944e-01
   33200  6.640000000000e+02  9.180933897399e-01
   33250  6.650000000000e+02  8.934435587175e-01
   33300  6.660000000000e+02  8.688168206889e-01
   33350  6.670000000000e+02  8.442317205981e-01
   33400  6.680000000000e+02  8.197068994139e-01
   33450  6.690000000000e+02  7.952609589404e-01
   33500  6.700000000000e+02  7.709123401425e-01
   33550  6.710000000000e+02  7.466794444808e-01
   33600  6.720000000000e+02  7.225804537111e-01
   33650  6.730000000000e+02  6.986333358733e-01
   33700  6.740000000000e+02  6.748558611260e-01
   33750  6.750000000000e+02  6.512655913180e-01
   33800  6.760000000000e+02  6.278797944104e-01
   33850  6.770000000000e+02  6.047154250667e-01
   33900  6.780000000000e+02  5.817892591050e-01
   33950  6.790000000000e+02  5.591178143711e-01
   34000  6.800000000000e+02  5.367174004039e-01
   34050  6.810000000000e+02  5.146039344975e-01
   34100  6.820000000000e+02  4.927931059090e-01
   34150  6.830000000000e+02  4.713003110356e-01
   34200  6.840000000000e+02  4.501405491664e-01
   34250  6.850000000000e+02  4.293285377403e-01
   34300  6.860000000000e+02  4.088786625796e-01
   34350  6.870000000000e+02  3.888050200576e-01
   34400  6.880000000000e+02  3.691213036756e-01
   34450  6.890000000000e+02  3.498408607969e-01
   34500  6.900000000000e+02  3.309766980852e-01
   34550  6.910000000000e+02  3.125414586005e-01
   34600  6.920000000000e+02  2.945474637411e-01
   34650  6.930000000000e+02  2.770066949465e-01
   34700  6.940000000000e+02  2.599307614426e-01
   34750  6.950000000000e+02  2.433308418311e-01
   34800  6.960000000000e+02  2.272176792017e-01
   34850  6.970000000000e+02  2.116016772275e-01
   34900  6.980000000000e+02  1.964927742167e-01
   34950  6.990000000000e+02  1.819004686178e-01
   35000  7.000000000000e+02  1.678337563972e-01
   35050  7.010000000000e+02  1.543011462964e-01
   35100  7.020000000000e+02  1.413106033298e-01
   35150  7.030000000000e+02  1.288695164473e-01
   35200  7.040000000000e+02  1.169847430779e-01
   35250  7.050000000000e+02  1.056625664004e-01
   35300  7.060000000000e+02  9.490862590807e-02
   35350  7.070000000000e+02  8.472793710823e-02
   35400  7.080000000000e+02  7.512489638571e-02
   35450  7.090000000000e+02  6.610327290091e-02
   35500  7.100000000000e+02  5.766620181698e-02
   35550  7.110000000000e+02  4.981617815541e-02
   35600  7.120000000000e+02  4.255506208756e-02
   35650  7.130000000000e+02  3.588410289037e-02
   35700  7.140000000000e+02  2.980393160098e-02
   35750  7.150000000000e+02  2.431458356407e-02
   35800  7.160000000000e+02  1.941550274061e-02
   35850  7.170000000000e+02  1.510554104173e-02
   35900  7.180000000000e+02  1.138296216116e-02
   35950  7.190000000000e+02  8.245458890871e-03
   36000  7.200000000000e+02  5.690161298965e-03
   36050  7.210000000000e+02  3.713624549859e-03
   36100  7.220000000000e+02  2.311834573674e-03
   36150  7.230000000000e+02  1.480215284370e-03
   36200  7.240000000000e+02  1.213629865954e-03
   36250  7.250000000000e+02  1.506389691933e-03
   36300  7.260000000000e+02  2.352266846641e-03
   36350  7.270000000000e+02  3.744508180168e-03
   36400  7.280000000000e+02  5.675859848590e-03
   36450  7.290000000000e+02  8.138577807944e-03
   36500  7.300000000000e+02  1.112445859568e-02
   36550  7.310000000000e+02  1.462485294823e-02
   36600  7.320000000000e+02  1.863069579063e-02
   36650  7.330000000000e+02  2.313253981605e-02
   36700  7.340000000000e+02  2.812055111802e-02
   36750  7.350000000000e+02  3.358451758536e-02
   36800  7.360000000000e+02  3.951387358624e-02
   36850  7.370000000000e+02  4.589772352747e-02
   36900  7.380000000000e+02  5.272478315146e-02
   36950  7.390000000000e+02  5.998345295172e-02
   37000  7.400000000000e+02  6.766175135366e-02
   37050  7.410000000000e+02  7.574730353446e-02
   37100  7.420000000000e+02  8.422735126641e-02
   37150  7.430000000000e+02  9.308875876263e-02
   37200  7.440000000000e+02  1.023180078575e-01
   37250  7.450000000000e+02  1.119012255624e-01
   37300  7.460000000000e+02  1.218241592783e-01
   37350  7.470000000000e+02  1.320722739636e-01
   37400  7.480000000000e+02  1.426308200628e-01
   37450  7.490000000000e+02  1.534848887486e-01
   37500  7.500000000000e+02  1.646194217301e-01
   37550  7.510000000000e+02  1.760193782251e-01
   37600  7.520000000000e+02  1.876697323752e-01
   37650  7.530000000000e+02  1.995555810583e-01
   37700  7.540000000000e+02  2.116621673795e-01
   37750  7.550000000000e+02  2.239749567311e-01
   37800  7.560000000000e+02  2.364796184249e-01
   37850  7.570000000000e+02  2.491619905227e-01
   37900  7.580000000000e+02  2.620081975803e-01
   37950  7.590000000000e+02  2.750045355359e-01
   38000  7.600000000000e+02  2.881374400900e-01
   38050  7.610000000000e+02  3.013934341362e-01
   38100  7.620000000000e+02  3.147590801920e-01
   38150  7.630000000000e+02  3.282210280851e-01
   38200  7.640000000000e+02  3.417658665131e-01
   38250  7.650000000000e+02  3.553800452481e-01
   38300  7.660000000000e+02  3.690499189247e-01
   38350  7.670000000000e+02  3.827616095318e-01
   38400  7.680000000000e+02  3.965010760680e-01
   38450  7.690000000000e+02  4.102540919572e-01
   38500  7.700000000000e+02  4.240062844604e-01
   38550  7.710000000000e+02  4.377430455562e-01
   38600  7.720000000000e+02  4.514496446415e-01
   38650  7.730000000000e+02  4.651114002839e-01
   38700  7.740000000000e+02  4.787137827369e-01
   38750  7.750000000000e+02  4.922424986099e-01
   38800  7.760000000000e+02  5.056835856675e-01
   38850  7.770000000000e+02  5.190235995857e-01
   38900  7.780000000000e+02  5.322497961038e-01
   38950  7.790000000000e+02  5.453501658230e-01
   39000  7.800000000000e+02  5.583135051249e-01
   39050  7.810000000000e+02  5.711294635654e-01
   39100  7.820000000000e+02  5.837884218023e-01
   39150  7.830000000000e+02  5.962813507448e-01
   39200  7.840000000000e+02  6.085998905740e-01
   39250  7.850000000000e+02  6.207360250513e-01
   39300  7.860000000000e+02  6.326818961172e-01
   39350  7.870000000000e+02  6.444296787342e-01
   39400  7.880000000000e+02  6.559713826786e-01
   39450  7.890000000000e+02  6.672989369171e-01
   39500  7.900000000000e+02  6.784040066757e-01
   39550  7.910000000000e+02  6.892779633652e-01
   39600  7.920000000000e+02  6.999120866947e-01
   39650  7.930000000000e+02  7.102975684412e-01
   39700  7.940000000000e+02  7.204255085516e-01
   39750  7.950000000000e+02  7.302872888093e-01
   39800  7.960000000000e+02  7.398744754102e-01
   39850  7.970000000000e+02  7.491789152655e-01
   39900  7.980000000000e+02  7.581928001985e-01
   39950  7.990000000000e+02  7.669088435202e-01
   40000  8.000000000000e+02  7.753203167755e-01
   40050  8.010000000000e+02  7.834210172237e-01
   40100  8.020000000000e+02  7.912053629806e-01
   40150  8.030000000000e+02  7.986684746745e-01
   40200  8.040000000000e+02  8.058062894620e-01
   40250  8.050000000000e+02  8.126155249697e-01
   40300  8.060000000000e+02  8.190937319950e-01
   40350  8.070000000000e+02  8.252391462696e-01
   40400  8.080000000000e+02  8.310506178856e-01
   40450  8.090000000000e+02  8.365273953672e-01
   40500  8.100000000000e+02  8.416690676758e-01
   40550  8.110000000000e+02  8.464752487140e-01
   40600  8.120000000000e+02  8.509453311148e-01
   40650  8.130000000000e+02  8.550783093532e-01
   40700  8.140000000000e+02  8.588728363461e-01
   40750  8.150000000000e+02  8.623272711577e-01
   40800  8.160000000000e+02  8.654396961329e-01
   40850  8.170000000000e+02  8.682080653813e-01
   40900  8.180000000000e+02  8.706305245501e-01
   40950  8.190000000000e+02  8.727057027829e-01
   41000  8.200000000000e+02  8.744327105934e-01
   41050  8.210000000000e+02  8.758113778854e-01
   41100  8.220000000000e+02  8.768425205963e-01
   41150  8.230000000000e+02  8.775276340758e-01
   41200  8.240000000000e+02  8.778688159775e-01
   41250  8.250000000000e+02  8.778688305010e-01
   41300  8.260000000000e+02  8.775307066250e-01
   41350  8.270000000000e+02  8.768575535939e-01
   41400  8.280000000000e+02  8.758523618939e-01
   41450  8.290000000000e+02  8.745180273704e-01
   41500  8.300000000000e+02  8.728572303843e-01
   41550  8.310000000000e+02  8.708724498536e-01
   41600  8.320000000000e+02  8.685660963527e-01
   41650  8.330000000000e+02  8.659406329816e-01
   41700  8.340000000000e+02  8.629988100393e-01
   41750  8.350000000000e+02  8.597436418980e-01
   41800  8.360000000000e+02  8.561787069590e-01
   41850  8.370000000000e+02  8.523082436867e-01
   41900  8.380000000000e+02  8.481370510559e-01
   41950  8.390000000000e+02  8.436705166215e-01
   42000  8.400000000000e+02  8.389146854528e-01
   42050  8.410000000000e+02  8.338761604880e-01
   42100  8.420000000000e+02  8.285619036673e-01
   42150  8.430000000000e+02  8.229791848001e-01
   42200  8.440000000000e+02  8.171354993233e-01
   42250  8.450000000000e+02  8.110384631186e-01
   42300  8.460000000000e+02  8.046955819513e-01
   42350  8.470000000000e+02  7.981141204287e-01
   42400  8.480000000000e+02  7.913011848932e-01
   42450  8.490000000000e+02  7.842634453187e-01
   42500  8.500000000000e+02  7.770069724417e-01
   42550  8.510000000000e+02  7.695373745708e-01
   42600  8.520000000000e+02  7.618598164166e-01
   42650  8.530000000000e+02  7.539789671011e-01
   42700  8.540000000000e+02  7.458990502679e-01
   42750  8.550000000000e+02  7.376241854300e-01
   42800  8.560000000000e+02  7.291586554409e-01
   42850  8.570000000000e+02  7.205069325098e-01
   42900  8.580000000000e+02  7.116740864783e-01
   42950  8.590000000000e+02  7.026659880874e-01
   43000  8.600000000000e+02  6.934894249600e-01
   43050  8.610000000000e+02  6.841521221707e-01
   43100  8.620000000000e+02  6.746629411275e-01
   43150  8.630000000000e+02  6.650316967956e-01
   43200  8.640000000000e+02  6.552689775808e-01
   43250  8.650000000000e+02  6.453858170981e-01
   43300  8.660000000000e+02  6.353935669984e-01
   43350  8.670000000000e+02  6.253036464095e-01
   43400  8.680000000000e+02  6.151270470510e-01
   43450  8.690000000000e+02  6.048742131744e-01
   43500  8.700000000000e+02  5.945548722967e-01
   43550  8.710000000000e+02  5.841778900734e-01
   43600  8.720000000000e+02  5.737511446824e-01
   43650  8.730000000000e+02  5.632816132249e-01
   43700  8.740000000000e+02  5.527755223009e-01
   43750  8.750000000000e+02  5.422382989424e-01
   43800  8.760000000000e+02  5.316747472476e-01
   43850  8.770000000000e+02  5.210893537621e-01
   43900  8.780000000000e+02  5.104865764764e-01
   43950  8.790000000000e+02  4.998707993210e-01
   44000  8.800000000000e+02  4.892465019806e-01
   44050  8.810000000000e+02  4.786185179675e-01
   44100  8.820000000000e+02  4.679921558453e-01
   44150  8.830000000000e+02  4.573730625580e-01
   44200  8.840000000000e+02  4.467674208955e-01
   44250  8.850000000000e+02  4.361818759020e-01
   44300  8.860000000000e+02  4.256235336047e-01
   44350  8.870000000000e+02  4.150997175534e-01
   44400  8.880000000000e+02  4.046179839407e-01
   44450  8.890000000000e+02  3.941860741392e-01
   44500  8.900000000000e+02  3.838117399788e-01
   44550  8.910000000000e+02  3.735025245171e-01
   44600  8.920000000000e+02  3.632658676358e-01
   44650  8.930000000000e+02  3.531089325900e-01
   44700  8.940000000000e+02  3.430384902898e-01
   44750  8.950000000000e+02  3.330609367299e-01
   44800  8.960000000000e+02  3.231822476237e-01
   44850  8.970000000000e+02  3.134080889550e-01
   44900  8.980000000000e+02  3.037437065321e-01
   44950  8.990000000000e+02  2.941939504278e-01
   45000  9.000000000000e+02  2.847633805160e-01
   45050  9.010000000000e+02  2.754562675476e-01
   45100  9.020000000000e+02  2.662765317484e-01
   45150  9.030000000000e+02  2.572278758236e-01
   45200  9.040000000000e+02  2.483138279810e-01
   45250  9.050000000000e+02  2.395376069152e-01
   45300  9.060000000000e+02  2.309022583208e-01
   45350  9.070000000000e+02  2.224106681877e-01
   45400  9.080000000000e+02  2.140656729243e-01
   45450  9.090000000000e+02  2.058698669335e-01
   45500  9.100000000000e+02  1.978256897898e-01
   45550  9.110000000000e+02  1.899355265899e-01
   45600  9.120000000000e+02  1.822016912702e-01
   45650  9.130000000000e+02  1.746263969033e-01
   45700  9.140000000000e+02  1.672117387344e-01
   45750  9.150000000000e+02  1.599597171532e-01
   45800  9.160000000000e+02  1.528721555636e-01
   45850  9.170000000000e+02  1.459507259561e-01
   45900  9.180000000000e+02  1.391970010990e-01
   45950  9.190000000000e+02  1.326124344902e-01
   46000  9.200000000000e+02  1.261982178867e-01
   46050  9.210000000000e+02  1.199553215183e-01
   46100  9.220000000000e+02  1.138845414526e-01
   46150  9.230000000000e+02  1.079864962083e-01
   46200  9.240000000000e+02  1.022615767609e-01
   46250  9.250000000000e+02  9.670991353790e-02
   46300  9.260000000000e+02  9.133147763785e-02
   46350  9.270000000000e+02  8.612599034035e-02
   46400  9.280000000000e+02  8.109293906132e-02
   46450  9.290000000000e+02  7.623161186879e-02
   46500  9.300000000000e+02  7.154112739537e-02
   46550  9.310000000000e+02  6.702039005034e-02
   46600  9.320000000000e+02  6.266811403858e-02
   46650  9.330000000000e+02  5.848289104004e-02
   46700  9.340000000000e+02  5.446322190208e-02
   46750  9.350000000000e+02  5.060747944093e-02
   46800  9.360000000000e+02  4.691393831982e-02
   46850  9.370000000000e+02  4.338085215477e-02
   46900  9.380000000000e+02  4.000642526711e-02
   46950  9.390000000000e+02  3.678880269116e-02
   47000  9.400000000000e+02  3.372607009347e-02
   47050  9.410000000000e+02  3.081628294083e-02
   47100  9.420000000000e+02  2.805743167101e-02
   47150  9.430000000000e+02  2.544740692898e-02
   47200  9.440000000000e+02  2.298403346116e-02
   47250  9.450000000000e+02  2.066504856522e-02
   47300  9.460000000000e+02  1.848805771561e-02
   47350  9.470000000000e+02  1.645055110484e-02
   47400  9.480000000000e+02  1.454992401374e-02
   47450  9.490000000000e+02  1.278346123182e-02
   47500  9.500000000000e+02  1.114832385976e-02
   47550  9.510000000000e+02  9.641550686786e-03
   47600  9.520000000000e+02  8.260078697701e-03
   47650  9.530000000000e+02  7.000755435969e-03
   47700  9.540000000000e+02  5.860319951436e-03
   47750  9.550000000000e+02  4.835433138723e-03
   47800  9.560000000000e+02  3.922693255461e-03
   47850  9.570000000000e+02  3.118626672694e-03
   47900  9.580000000000e+02  2.419710711741e-03
   47950  9.590000000000e+02  1.822402253489e-03
   48000  9.600000000000e+02  1.323143631722e-03
   48050  9.610000000000e+02  9.183721273482e-04
   48100  9.620000000000e+02  6.045366798935e-04
   48150  9.630000000000e+02  3.781148635407e-04
   48200  9.640000000000e+02  2.356174343697e-04
   48250  9.650000000000e+02  1.735947473780e-04
   48300  9.660000000000e+02  1.886426638302e-04
   48350  9.670000000000e+02  2.774043921114e-04
   48400  9.680000000000e+02  4.365688685379e-04
   48450  9.690000000000e+02  6.628740355558e-04
   48500  9.700000000000e+02  9.530992957135e-04
   48550  9.710000000000e+02  1.304059379545e-03
   48600  9.720000000000e+02  1.712604509230e-03
   48650  9.730000000000e+02  2.175625027155e-03
   48700  9.740000000000e+02  2.690028007701e-03
   48750  9.750000000000e+02  3.252738016283e-03
   48800  9.760000000000e+02  3.860705919553e-03
   48850  9.770000000000e+02  4.510899097281e-03
   48900  9.780000000000e+02  5.200288054577e-03
   48950  9.790000000000e+02  5.925858527559e-03
   49000  9.800000000000e+02  6.684621851802e-03
   49050  9.810000000000e+02  7.473609397140e-03
   49100  9.820000000000e+02  8.289856467923e-03
   49150  9.830000000000e+02  9.130418155503e-03
   49200  9.840000000000e+02  9.992403893399e-03
   49250  9.850000000000e+02  1.087295130405e-02
   49300  9.860000000000e+02  1.176921345774e-02
   49350  9.870000000000e+02  1.267841040672e-02
   49400  9.880000000000e+02  1.359782348428e-02
   49450  9.890000000000e+02  1.452477138961e-02
   49500  9.900000000000e+02  1.545663246891e-02
   49550  9.910000000000e+02  1.639088995467e-02
   49600  9.920000000000e+02  1.732512401308e-02
   49650  9.930000000000e+02  1.825700046261e-02
   49700  9.940000000000e+02  1.918428967944e-02
   49750  9.950000000000e+02  2.010489874616e-02
   49800  9.960000000000e+02  2.101687084657e-02
   49850  9.970000000000e+02  2.191835431044e-02
   49900  9.980000000000e+02  2.280764272338e-02
   49950  9.990000000000e+02  2.368318040538e-02
   50000  1.000000000000e+03  2.454350848793e-02
   50050  1.001000000000e+03  2.538726761788e-02
   50100  1.002000000000e+03  2.621322658703e-02
   50150  1.003000000000e+03  2.702024994605e-02
   50200  1.004000000000e+03  2.780727788884e-02
   50250  1.005000000000e+03  2.857332775295e-02
   50300  1.006000000000e+03  2.931750862358e-02
   50350  1.007000000000e+03  3.003900111000e-02
   50400  1.008000000000e+03  3.073701056893e-02
   50450  1.009000000000e+03  3.141080777548e-02
   50500  1.010000000000e+03  3.205975784061e-02
   50550  1.011000000000e+03  3.268327128651e-02
   50600  1.012000000000e+03  3.328077897083e-02
   50650  1.013000000000e+03  3.385178083715e-02
   50700  1.014000000000e+03  3.439585792775e-02
   50750  1.015000000000e+03  3.491259407351e-02
   50800  1.016000000000e+03  3.540160163222e-02
   50850  1.017000000000e+03  3.586256085687e-02
   50900  1.018000000000e+03  3.629519624029e-02
   50950  1.019000000000e+03  3.669923394472e-02
   51000  1.020000000000e+03  3.707437618321e-02
   51050  1.021000000000e+03  3.742039859554e-02
   51100  1.022000000000e+03  3.773710409617e-02
   51150  1.023000000000e+03  3.802424822893e-02
   51200  1.024000000000e+03  3.828162008664e-02
   51250  1.025000000000e+03  3.850907849986e-02
   51300  1.026000000000e+03  3.870647108317e-02
   51350  1.027000000000e+03  3.887364447194e-02
   51400  1.028000000000e+03  3.901052868590e-02
   51450  1.029000000000e+03  3.911712261741e-02
   51500  1.030000000000e+03  3.919342883353e-02
   51550  1.031000000000e+03  3.923949656688e-02
   51600  1.032000000000e+03  3.925546033517e-02
   51650  1.033000000000e+03  3.924152773503e-02
   51700  1.034000000000e+03  3.919793434833e-02
   51750  1.035000000000e+03  3.912496874519e-02
   51800  1.036000000000e+03  3.902303222277e-02
   51850  1.037000000000e+03  3.889257759220e-02
   51900  1.038000000000e+03  3.873408961491e-02
   51950  1.039000000000e+03  3.854814972386e-02
   52000  1.040000000000e+03  3.833545773485e-02
   52050  1.041000000000e+03  3.809674087519e-02
   52100  1.042000000000e+03  3.783276189458e-02
   52150  1.043000000000e+03  3.754441803424e-02
   52200  1.044000000000e+03  3.723266621208e-02
   52250  1.045000000000e+03  3.689849623098e-02
   52300  1.046000000000e+03  3.654294479459e-02
   52350  1.047000000000e+03  3.616713861520e-02
   52400  1.048000000000e+03  3.577224546392e-02
   52450  1.049000000000e+03  3.535940042790e-02
   52500  1.050000000000e+03  3.492978207146e-02
   52550  1.051000000000e+03  3.448460242008e-02
   52600  1.052000000000e+03  3.402503138498e-02
   52650  1.053000000000e+03  3.355215481958e-02
   52700  1.054000000000e+03  3.306708097026e-02
   52750  1.055000000000e+03  3.257090231421e-02
   52800  1.056000000000e+03  3.206459288952e-02
   52850  1.057000000000e+03  3.154906920649e-02
   52900  1.058000000000e+03  3.102523481678e-02
   52950  1.059000000000e+03  3.049394957786e-02
   53000  1.060000000000e+03  2.995598759473e-02
   53050  1.061000000000e+03  2.941206510019e-02
   53100  1.062000000000e+03  2.886287700551e-02
   53150  1.063000000000e+03  2.830905430535e-02
   53200  1.064000000000e+03  2.775112355226e-02
   53250  1.065000000000e+03  2.718958964789e-02
   53300  1.066000000000e+03  2.662495446186e-02
   53350  1.067000000000e+03  2.605763592203e-02
   53400  1.068000000000e+03  2.548798368624e-02
   53450  1.069000000000e+03  2.491636725440e-02
   53500  1.070000000000e+03  2.434318319781e-02
   53550  1.071000000000e+03  2.376879406262e-02
   53600  1.072000000000e+03  2.319357662059e-02
   53650  1.073000000000e+03  2.261797627782e-02
   53700  1.074000000000e+03  2.204247083408e-02
   53750  1.075000000000e+03  2.146752790453e-02
   53800  1.076000000000e+03  2.089367480522e-02
   53850  1.077000000000e+03  2.032151268346e-02
   53900  1.078000000000e+03  1.975164058704e-02
   53950  1.079000000000e+03  1.918462451008e-02
   54000  1.080000000000e+03  1.862107688460e-02
   54050  1.081000000000e+03  1.806163910011e-02
   54100  1.082000000000e+03  1.750689807937e-02
   54150  1.083000000000e+03  1.695740572489e-02
   54200  1.084000000000e+03  1.641374663142e-02
   54250  1.085000000000e+03  1.587648121937e-02
   54300  1.086000000000e+03  1.534610813908e-02
   54350  1.087000000000e+03  1.482309786472e-02
   54400  1.088000000000e+03  1.430792850881e-02
   54450  1.089000000000e+03  1.380105130737e-02
   54500  1.090000000000e+03  1.330285004244e-02
   54550  1.091000000000e+03  1.281370102790e-02
   54600  1.092000000000e+03  1.233398151701e-02
   54650  1.093000000000e+03  1.186401315638e-02
   54700  1.094000000000e+03  1.140405696979e-02
   54750  1.095000000000e+03  1.095439017969e-02
   54800  1.096000000000e+03  1.051527631444e-02
   54850  1.097000000000e+03  1.008690279867e-02
   54900  1.098000000000e+03  9.669414177246e-03
   54950  1.099000000000e+03  9.262954319918e-03
   55000  1.100000000000e+03  8.867619129118e-03
   55050  1.101000000000e+03  8.483439019357e-03
   55100  1.102000000000e+03  8.110414116234e-03
   55150  1.103000000000e+03  7.748528875381e-03
   55200  1.104000000000e+03  7.397715649991e-03
   55250  1.105000000000e+03  7.057854495772e-03
   55300  1.106000000000e+03  6.728814091809e-03
   55350  1.107000000000e+03  6.410473610036e-03
   55400  1.108000000000e+03  6.102665604640e-03
   55450  1.109000000000e+03  5.805196807761e-03
   55500  1.110000000000e+03  5.517901012220e-03
   55550  1.111000000000e+03  5.240608363785e-03
   55600  1.112000000000e+03  4.973119184999e-03
   55650  1.113000000000e+03  4.715231881154e-03
   55700  1.114000000000e+03  4.466772251707e-03
   55750  1.115000000000e+03  4.227568504451e-03
   55800  1.116000000000e+03  3.997425501218e-03
   55850  1.117000000000e+03  3.776153839558e-03
   55900  1.118000000000e+03  3.563594117266e-03
   55950  1.119000000000e+03  3.359576556635e-03
   56000  1.120000000000e+03  3.163921198542e-03
   56050  1.121000000000e+03  2.976464689351e-03
   56100  1.122000000000e+03  2.797057865823e-03
   56150  1.123000000000e+03  2.625529140634e-03
   56200  1.124000000000e+03  2.461695797793e-03
   56250  1.125000000000e+03  2.305395967887e-03
   56300  1.126000000000e+03  2.156459368012e-03
   56350  1.127000000000e+03  2.014694733317e-03
   56400  1.128000000000e+03  1.879907522854e-03
   56450  1.129000000000e+03  1.751912091070e-03
   56500  1.130000000000e+03  1.630518484354e-03
   56550  1.131000000000e+03  1.515518979309e-03
   56600  1.132000000000e+03  1.406714593934e-03
   56650  1.133000000000e+03  1.303916499220e-03
   56700  1.134000000000e+03  1.206927554937e-03
   56750  1.135000000000e+03  1.115540645151e-03
   56800  1.136000000000e+03  1.029570848297e-03
   56850  1.137000000000e+03  9.488377201049e-04
   56900  1.138000000000e+03  8.731454138537e-04
   56950  1.139000000000e+03  8.023032999151e-04
   57000  1.140000000000e+03  7.361358258442e-04
   57050  1.141000000000e+03  6.744650421095e-04
   57100  1.142000000000e+03  6.171020075583e-04
   57150  1.143000000000e+03  5.638596455013e-04
   57200  1.144000000000e+03  5.145585587230e-04
   57250  1.145000000000e+03  4.690157249060e-04
   57300  1.146000000000e+03  4.270373808512e-04
   57350  1.147000000000e+03  3.884348632956e-04
   57400  1.148000000000e+03  3.530227015144e-04
   57450  1.149000000000e+03  3.206076851774e-04
   57500  1.150000000000e+03  2.909947407145e-04
   57550  1.151000000000e+03  2.640009903688e-04
   57600  1.152000000000e+03  2.394454677810e-04
   57650  1.153000000000e+03  2.171442161121e-04
   57700  1.154000000000e+03  1.969202610839e-04
   57750  1.155000000000e+03  1.786107861500e-04
   57800  1.156000000000e+03  1.620604180340e-04
   57850  1.157000000000e+03  1.471164234139e-04
   57900  1.158000000000e+03  1.336384134224e-04
   57950  1.159000000000e+03  1.215008530465e-04
   58000  1.160000000000e+03  1.105853400591e-04
   58050  1.161000000000e+03  1.007809086125e-04
   58100  1.162000000000e+03  9.198974557002e-05
   58150  1.163000000000e+03  8.412416718077e-05
   58200  1.164000000000e+03  7.710096619894e-05
   58250  1.165000000000e+03  7.084345982597e-05
   58300  1.166000000000e+03  6.528557799971e-05
   58350  1.167000000000e+03  6.036547785706e-05
   58400  1.168000000000e+03  5.602374409980e-05
   58450  1.169000000000e+03  5.220590918471e-05
   58500  1.170000000000e+03  4.886360182852e-05
   58550  1.171000000000e+03  4.595087579617e-05
   58600  1.172000000000e+03  4.342362761260e-05
   58650  1.173000000000e+03  4.124231203134e-05
   58700  1.174000000000e+03  3.937153809268e-05
   58750  1.175000000000e+03  3.777725008556e-05
   58800  1.176000000000e+03  3.642737670658e-05
   58850  1.177000000000e+03  3.529397348923e-05
   58900  1.178000000000e+03  3.435137505380e-05
   58950  1.179000000000e+03  3.357486868184e-05
   59000  1.180000000000e+03  3.294207595213e-05
   59050  1.181000000000e+03  3.243325131999e-05
   59100  1.182000000000e+03  3.203022366113e-05
   59150  1.183000000000e+03  3.171600186778e-05
   59200  1.184000000000e+03  3.147562217654e-05
   59250  1.185000000000e+03  3.129608387289e-05
   59300  1.186000000000e+03  3.116560620180e-05
   59350  1.187000000000e+03  3.107364312620e-05
   59400  1.188000000000e+03  3.101138742592e-05
   59450  1.189000000000e+03  3.097142024163e-05
   59500  1.190000000000e+03  3.094732259946e-05
   59550  1.191000000000e+03  3.093388728703e-05
   59600  1.192000000000e+03  3.092715775486e-05
   59650  1.193000000000e+03  3.092416674180e-05
   59700  1.194000000000e+03  3.092281151977e-05
   59750  1.195000000000e+03  3.092180664568e-05
   59800  1.196000000000e+03  3.092055191118e-05
   59850  1.197000000000e+03  3.091893357528e-05
   59900  1.198000000000e+03  3.091717024262e-05
   59950  1.199000000000e+03  3.091565413699e-05
   60000  1.200000000000e+03  3.091479864114e-05
   60050  1.201000000000e+03  3.091489481875e-05
   60100  1.202000000000e+03  3.091599412886e-05
   60150  1.203000000000e+03  3.091799307042e-05
   60200  1.204000000000e+03  3.092065596581e-05
   60250  1.205000000000e+03  3.092364424589e-05
   60300  1.206000000000e+03  3.092656889658e-05
   60350  1.207000000000e+03  3.092905752335e-05
   60400  1.208000000000e+03  3.093080090418e-05
   60450  1.209000000000e+03  3.093158772980e-05
   60500  1.210000000000e+03  3.093135109653e-05
   60550  1.211000000000e+03  3.093017492568e-05
   60600  1.212000000000e+03  3.092824865959e-05
   60650  1.213000000000e+03  3.092582441733e-05
   60700  1.214000000000e+03  3.092318552293e-05
   60750  1.215000000000e+03  3.092059758147e-05
   60800  1.216000000000e+03  3.091825868412e-05
   60850  1.217000000000e+03  3.091629922590e-05
   60900  1.218000000000e+03  3.091479400273e-05
   60950  1.219000000000e+03  3.091376511469e-05
   61000  1.220000000000e+03  3.091319636023e-05
   61050  1.221000000000e+03  3.091305693465e-05
   61100  1.222000000000e+03  3.091331434933e-05
   61150  1.223000000000e+03  3.091393631403e-05
   61200  1.224000000000e+03  3.091489792274e-05
   61250  1.225000000000e+03  3.091617349201e-05
   61300  1.226000000000e+03  3.091772677482e-05
   61350  1.227000000000e+03  3.091950842293e-05
   61400  1.228000000000e+03  3.092144551662e-05
   61450  1.229000000000e+03  3.092342659918e-05
   61500  1.230000000000e+03  3.092530842189e-05
   61550  1.231000000000e+03  3.092692709893e-05
   61600  1.232000000000e+03  3.092808835831e-05
   61650  1.233000000000e+03  3.092858173490e-05
   61700  1.234000000000e+03  3.092822902990e-05
   61750  1.235000000000e+03  3.092692712768e-05
   61800  1.236000000000e+03  3.092466417300e-05
   61850  1.237000000000e+03  3.092154656485e-05
   61900  1.238000000000e+03  3.091782015475e-05
   61950  1.239000000000e+03  3.091385883739e-05
   62000  1.240000000000e+03  3.091010902323e-05
   62050  1.241000000000e+03  3.090703338900e-05
   62100  1.242000000000e+03  3.090504876783e-05
   62150  1.243000000000e+03  3.090444682167e-05
   62200  1.244000000000e+03  3.090533866746e-05
   62250  1.245000000000e+03  3.090763131327e-05
   62300  1.246000000000e+03  3.091102649559e-05
   62350  1.247000000000e+03  3.091507263687e-05
   62400  1.248000000000e+03  3.091924265016e-05
   62450  1.249000000000e+03  3.092300382548e-05
   62500  1.250000000000e+03  3.092589042115e-05
   62550  1.251000000000e+03  3.092758660844e-05
   62600  1.252000000000e+03  3.092795870671e-05
   62650  1.253000000000e+03  3.092703774869e-05
   62700  1.254000000000e+03  3.092499958773e-05
   62750  1.255000000000e+03  3.092214618747e-05
   62800  1.256000000000e+03  3.091883847024e-05
   62850  1.257000000000e+03  3.091541391818e-05
   62900  1.258000000000e+03  3.091217078713e-05
   62950  1.259000000000e+03  3.090935571178e-05
   63000  1.260000000000e+03  3.090712885821e-05
   63050  1.261000000000e+03  3.090556262669e-05
   63100  1.262000000000e+03  3.090466241547e-05
   63150  1.263000000000e+03  3.090439131886e-05
   63200  1.264000000000e+03  3.090467774482e-05
   63250  1.265000000000e+03  3.090543417743e-05
   63300  1.266000000000e+03  3.090656801034e-05
   63350  1.267000000000e+03  3.090798057663e-05
   63400  1.268000000000e+03  3.090958055127e-05
   63450  1.269000000000e+03  3.091128271512e-05
   63500  1.270000000000e+03  3.091299760286e-05
   63550  1.271000000000e+03  3.091463793669e-05
   63600  1.272000000000e+03  3.091612996365e-05
   63650  1.273000000000e+03  3.091739369705e-05
   63700  1.274000000000e+03  3.091834093847e-05
   63750  1.275000000000e+03  3.091889661616e-05
   63800  1.276000000000e+03  3.091900708718e-05
   63850  1.277000000000e+03  3.091862565432e-05
   63900  1.278000000000e+03  3.091772251458e-05
   63950  1.279000000000e+03  3.091631133040e-05
   64000  1.280000000000e+03  3.091445124086e-05
   64050  1.281000000000e+03  3.091224030913e-05
   64100  1.282000000000e+03  3.090982034891e-05
   64150  1.283000000000e+03  3.090738458892e-05
   64200  1.284000000000e+03  3.090515302302e-05
   64250  1.285000000000e+03  3.090334443672e-05
   64300  1.286000000000e+03  3.090215802508e-05
   64350  1.287000000000e+03  3.090174834858e-05
   64400  1.288000000000e+03  3.090219610967e-05
   64450  1.289000000000e+03  3.090348906726e-05
   64500  1.290000000000e+03  3.090550743596e-05
   64550  1.291000000000e+03  3.090802675425e-05
   64600  1.292000000000e+03  3.091074771785e-05
   64650  1.293000000000e+03  3.091333227475e-05
   64700  1.294000000000e+03  3.091542424423e-05
   64750  1.295000000000e+03  3.091670519590e-05
   64800  1.296000000000e+03  3.091696444180e-05
   64850  1.297000000000e+03  3.091612629137e-05
   64900  1.298000000000e+03  3.091424696360e-05
   64950  1.299000000000e+03  3.091153055702e-05
   65000  1.300000000000e+03  3.090831019118e-05
