################################################################################
# HEADER
# nspin         1
#%
# nik       186
#  st         1      26
# ust         1      26
# Iter             t            #  iter t Nex(t)  
################################################################################
       0  0.000000000000e+00  5.682954107300e-15
      50  7.500000000000e-01  4.931041686085e-12
     100  1.500000000000e+00  1.577615121873e-11
     150  2.250000000000e+00  1.033006943874e-10
     200  3.000000000000e+00  5.177407391699e-10
     250  3.750000000000e+00  1.825591476601e-09
     300  4.500000000000e+00  5.027683359915e-09
     350  5.250000000000e+00  1.165331842828e-08
     400  6.000000000000e+00  2.385192116039e-08
     450  6.750000000000e+00  4.447459886481e-08
     500  7.500000000000e+00  7.722575268154e-08
     550  8.250000000000e+00  1.268150752118e-07
     600  9.000000000000e+00  1.991287475259e-07
     650  9.750000000000e+00  3.013785470143e-07
     700  1.050000000000e+01  4.421411220132e-07
     750  1.125000000000e+01  6.314197882398e-07
     800  1.200000000000e+01  8.806374711817e-07
     850  1.275000000000e+01  1.202631744079e-06
     900  1.350000000000e+01  1.611575258111e-06
     950  1.425000000000e+01  2.122643289311e-06
    1000  1.500000000000e+01  2.751623685619e-06
    1050  1.575000000000e+01  3.514941124480e-06
    1100  1.650000000000e+01  4.429609064181e-06
    1150  1.725000000000e+01  5.512895184613e-06
    1200  1.800000000000e+01  6.782102424552e-06
    1250  1.875000000000e+01  8.254278063315e-06
    1300  1.950000000000e+01  9.945797410017e-06
    1350  2.025000000000e+01  1.187155976700e-05
    1400  2.100000000000e+01  1.404463855341e-05
    1450  2.175000000000e+01  1.647556188517e-05
    1500  2.250000000000e+01  1.917187074933e-05
    1550  2.325000000000e+01  2.213765166861e-05
    1600  2.400000000000e+01  2.537308403303e-05
    1650  2.475000000000e+01  2.887333322452e-05
    1700  2.550000000000e+01  3.262850862752e-05
    1750  2.625000000000e+01  3.662361301290e-05
    1800  2.700000000000e+01  4.083856944716e-05
    1850  2.775000000000e+01  4.524840089234e-05
    1900  2.850000000000e+01  4.982257889418e-05
    1950  2.925000000000e+01  5.452515774673e-05
    2000  3.000000000000e+01  5.931466701833e-05
    2050  3.075000000000e+01  6.414360601414e-05
    2100  3.150000000000e+01  6.895972305795e-05
    2150  3.225000000000e+01  7.370599930422e-05
    2200  3.300000000000e+01  7.832149983202e-05
    2250  3.375000000000e+01  8.274228460262e-05
    2300  3.450000000000e+01  8.690145988888e-05
    2350  3.525000000000e+01  9.073093800040e-05
    2400  3.600000000000e+01  9.416185568614e-05
    2450  3.675000000000e+01  9.712608228647e-05
    2500  3.750000000000e+01  9.955763606701e-05
    2550  3.825000000000e+01  1.013941206574e-04
    2600  3.900000000000e+01  1.025781990365e-04
    2650  3.975000000000e+01  1.030592000773e-04
    2700  4.050000000000e+01  1.027941885351e-04
    2750  4.125000000000e+01  1.017496955833e-04
    2800  4.200000000000e+01  9.990351863115e-05
    2850  4.275000000000e+01  9.724683650921e-05
    2900  4.350000000000e+01  9.378632064889e-05
    2950  4.425000000000e+01  8.954524972755e-05
    3000  4.500000000000e+01  8.456493446238e-05
    3050  4.575000000000e+01  7.890564126818e-05
    3100  4.650000000000e+01  7.264752730208e-05
    3150  4.725000000000e+01  6.589213163970e-05
    3200  4.800000000000e+01  5.876320412723e-05
    3250  4.875000000000e+01  5.140714195244e-05
    3300  4.950000000000e+01  4.399320727771e-05
    3350  5.025000000000e+01  3.671346292291e-05
    3400  5.100000000000e+01  2.978226299968e-05
    3450  5.175000000000e+01  2.343534578030e-05
    3500  5.250000000000e+01  1.792879995478e-05
    3550  5.325000000000e+01  1.353788533691e-05
    3600  5.400000000000e+01  1.055505280743e-05
    3650  5.475000000000e+01  9.287838921103e-06
    3700  5.550000000000e+01  1.005637461009e-05
    3750  5.625000000000e+01  1.319066870982e-05
    3800  5.700000000000e+01  1.902762154728e-05
    3850  5.775000000000e+01  2.790760717729e-05
    3900  5.850000000000e+01  4.017065370696e-05
    3950  5.925000000000e+01  5.615224253200e-05
    4000  6.000000000000e+01  7.617910327748e-05
    4050  6.075000000000e+01  1.005645119750e-04
    4100  6.150000000000e+01  1.296036850402e-04
    4150  6.225000000000e+01  1.635692231539e-04
    4200  6.300000000000e+01  2.027056340857e-04
    4250  6.375000000000e+01  2.472243293514e-04
    4300  6.450000000000e+01  2.972989627590e-04
    4350  6.525000000000e+01  3.530614865691e-04
    4400  6.600000000000e+01  4.145982363110e-04
    4450  6.675000000000e+01  4.819453814359e-04
    4500  6.750000000000e+01  5.550847194302e-04
    4550  6.825000000000e+01  6.339405404390e-04
    4600  6.900000000000e+01  7.183753170605e-04
    4650  6.975000000000e+01  8.081881671134e-04
    4700  7.050000000000e+01  9.031121507444e-04
    4750  7.125000000000e+01  1.002813051545e-03
    4800  7.200000000000e+01  1.106889805022e-03
    4850  7.275000000000e+01  1.214874256146e-03
    4900  7.350000000000e+01  1.326231933743e-03
    4950  7.425000000000e+01  1.440363568653e-03
    5000  7.500000000000e+01  1.556606184252e-03
    5050  7.575000000000e+01  1.674238674498e-03
    5100  7.650000000000e+01  1.792485812746e-03
    5150  7.725000000000e+01  1.910523436959e-03
    5200  7.800000000000e+01  2.027482828951e-03
    5250  7.875000000000e+01  2.142459395857e-03
    5300  7.950000000000e+01  2.254518259855e-03
    5350  8.025000000000e+01  2.362703916603e-03
    5400  8.100000000000e+01  2.466047516516e-03
    5450  8.175000000000e+01  2.563577613499e-03
    5500  8.250000000000e+01  2.654330016534e-03
    5550  8.325000000000e+01  2.737358961874e-03
    5600  8.400000000000e+01  2.811745687698e-03
    5650  8.475000000000e+01  2.876611464860e-03
    5700  8.550000000000e+01  2.931127656666e-03
    5750  8.625000000000e+01  2.974528171993e-03
    5800  8.700000000000e+01  3.006119916817e-03
    5850  8.775000000000e+01  3.025295240726e-03
    5900  8.850000000000e+01  3.031540908604e-03
    5950  8.925000000000e+01  3.024448900928e-03
    6000  9.000000000000e+01  3.003727623709e-03
    6050  9.075000000000e+01  2.969212623002e-03
    6100  9.150000000000e+01  2.920874438409e-03
    6150  9.225000000000e+01  2.858826436070e-03
    6200  9.300000000000e+01  2.783328778149e-03
    6250  9.375000000000e+01  2.694794902342e-03
    6300  9.450000000000e+01  2.593794538834e-03
    6350  9.525000000000e+01  2.481055682427e-03
    6400  9.600000000000e+01  2.357466638374e-03
    6450  9.675000000000e+01  2.224077053749e-03
    6500  9.750000000000e+01  2.082093823268e-03
    6550  9.825000000000e+01  1.932878784308e-03
    6600  9.900000000000e+01  1.777939809219e-03
    6650  9.975000000000e+01  1.618926117785e-03
    6700  1.005000000000e+02  1.457618736648e-03
    6750  1.012500000000e+02  1.295920271510e-03
    6800  1.020000000000e+02  1.135842510625e-03
    6850  1.027500000000e+02  9.794925905288e-04
    6900  1.035000000000e+02  8.290566246159e-04
    6950  1.042500000000e+02  6.867838828677e-04
    7000  1.050000000000e+02  5.549676913423e-04
    7050  1.057500000000e+02  4.359277957680e-04
    7100  1.065000000000e+02  3.319895601687e-04
    7150  1.072500000000e+02  2.454623214160e-04
    7200  1.080000000000e+02  1.786168831189e-04
    7250  1.087500000000e+02  1.336628937152e-04
    7300  1.095000000000e+02  1.127253804356e-04
    7350  1.102500000000e+02  1.178209903367e-04
    7400  1.110000000000e+02  1.508348275401e-04
    7450  1.117500000000e+02  2.134974421594e-04
    7500  1.125000000000e+02  3.073628556575e-04
    7550  1.132500000000e+02  4.337871198576e-04
    7600  1.140000000000e+02  5.939080474991e-04
    7650  1.147500000000e+02  7.886260489326e-04
    7700  1.155000000000e+02  1.018587075926e-03
    7750  1.162500000000e+02  1.284166882041e-03
    7800  1.170000000000e+02  1.585455401690e-03
    7850  1.177500000000e+02  1.922245519176e-03
    7900  1.185000000000e+02  2.294023587212e-03
    7950  1.192500000000e+02  2.699963772051e-03
    8000  1.200000000000e+02  3.138921336267e-03
    8050  1.207500000000e+02  3.609433156034e-03
    8100  1.215000000000e+02  4.109717406987e-03
    8150  1.222500000000e+02  4.637679581674e-03
    8200  1.230000000000e+02  5.190920911299e-03
    8250  1.237500000000e+02  5.766747301557e-03
    8300  1.245000000000e+02  6.362181435972e-03
    8350  1.252500000000e+02  6.973980630906e-03
    8400  1.260000000000e+02  7.598653197772e-03
    8450  1.267500000000e+02  8.232483963403e-03
    8500  1.275000000000e+02  8.871554186259e-03
    8550  1.282500000000e+02  9.511770518250e-03
    8600  1.290000000000e+02  1.014889537602e-02
    8650  1.297500000000e+02  1.077857966966e-02
    8700  1.305000000000e+02  1.139639236377e-02
    8750  1.312500000000e+02  1.199786202901e-02
    8800  1.320000000000e+02  1.257851187947e-02
    8850  1.327500000000e+02  1.313390208305e-02
    8900  1.335000000000e+02  1.365966433103e-02
    8950  1.342500000000e+02  1.415154363456e-02
    9000  1.350000000000e+02  1.460543735073e-02
    9050  1.357500000000e+02  1.501743398458e-02
    9100  1.365000000000e+02  1.538385444771e-02
    9150  1.372500000000e+02  1.570129221999e-02
    9200  1.380000000000e+02  1.596664554988e-02
    9250  1.387500000000e+02  1.617715506908e-02
    9300  1.395000000000e+02  1.633043475165e-02
    9350  1.402500000000e+02  1.642450620530e-02
    9400  1.410000000000e+02  1.645782288291e-02
    9450  1.417500000000e+02  1.642929313485e-02
    9500  1.425000000000e+02  1.633830148854e-02
    9550  1.432500000000e+02  1.618472886961e-02
    9600  1.440000000000e+02  1.596896175568e-02
    9650  1.447500000000e+02  1.569190744420e-02
    9700  1.455000000000e+02  1.535499009172e-02
    9750  1.462500000000e+02  1.496016309185e-02
    9800  1.470000000000e+02  1.450990304783e-02
    9850  1.477500000000e+02  1.400720241259e-02
    9900  1.485000000000e+02  1.345555793946e-02
    9950  1.492500000000e+02  1.285895981747e-02
   10000  1.500000000000e+02  1.222186715145e-02
   10050  1.507500000000e+02  1.154918553132e-02
   10100  1.515000000000e+02  1.084623422562e-02
   10150  1.522500000000e+02  1.011871424047e-02
   10200  1.530000000000e+02  9.372673742105e-03
   10250  1.537500000000e+02  8.614459771394e-03
   10300  1.545000000000e+02  7.850678598459e-03
   10350  1.552500000000e+02  7.088141222263e-03
   10400  1.560000000000e+02  6.333817926328e-03
   10450  1.567500000000e+02  5.594777888115e-03
   10500  1.575000000000e+02  4.878137424410e-03
   10550  1.582500000000e+02  4.190997150906e-03
   10600  1.590000000000e+02  3.540384412551e-03
   10650  1.597500000000e+02  2.933190322534e-03
   10700  1.605000000000e+02  2.376111139625e-03
   10750  1.612500000000e+02  1.875585196843e-03
   10800  1.620000000000e+02  1.437735849198e-03
   10850  1.627500000000e+02  1.068310854715e-03
   10900  1.635000000000e+02  7.726256781843e-04
   10950  1.642500000000e+02  5.555093144721e-04
   11000  1.650000000000e+02  4.212526267496e-04
   11050  1.657500000000e+02  3.735604694057e-04
   11100  1.665000000000e+02  4.155080884681e-04
   11150  1.672500000000e+02  5.495018901032e-04
   11200  1.680000000000e+02  7.772453718871e-04
   11250  1.687500000000e+02  1.099710635312e-03
   11300  1.695000000000e+02  1.517116345728e-03
   11350  1.702500000000e+02  2.028910458013e-03
   11400  1.710000000000e+02  2.633761255498e-03
   11450  1.717500000000e+02  3.329553478751e-03
   11500  1.725000000000e+02  4.113390528839e-03
   11550  1.732500000000e+02  4.981605699305e-03
   11600  1.740000000000e+02  5.929779462976e-03
   11650  1.747500000000e+02  6.952760186189e-03
   11700  1.755000000000e+02  8.044699010363e-03
   11750  1.762500000000e+02  9.199082665214e-03
   11800  1.770000000000e+02  1.040878016089e-02
   11850  1.777500000000e+02  1.166608833388e-02
   11900  1.785000000000e+02  1.296279334145e-02
   11950  1.792500000000e+02  1.429022951783e-02
   12000  1.800000000000e+02  1.563934108102e-02
   12050  1.807500000000e+02  1.700075497170e-02
   12100  1.815000000000e+02  1.836485047637e-02
   12150  1.822500000000e+02  1.972183329458e-02
   12200  1.830000000000e+02  2.106181808438e-02
   12250  1.837500000000e+02  2.237490504687e-02
   12300  1.845000000000e+02  2.365126520892e-02
   12350  1.852500000000e+02  2.488121985410e-02
   12400  1.860000000000e+02  2.605531987268e-02
   12450  1.867500000000e+02  2.716442395979e-02
   12500  1.875000000000e+02  2.819977612228e-02
   12550  1.882500000000e+02  2.915308209733e-02
   12600  1.890000000000e+02  3.001658189786e-02
   12650  1.897500000000e+02  3.078311974846e-02
   12700  1.905000000000e+02  3.144620710935e-02
   12750  1.912500000000e+02  3.200008581907e-02
   12800  1.920000000000e+02  3.243978091147e-02
   12850  1.927500000000e+02  3.276115205519e-02
   12900  1.935000000000e+02  3.296093442859e-02
   12950  1.942500000000e+02  3.303677834343e-02
   13000  1.950000000000e+02  3.298728275341e-02
   13050  1.957500000000e+02  3.281201924865e-02
   13100  1.965000000000e+02  3.251154179801e-02
   13150  1.972500000000e+02  3.208739843992e-02
   13200  1.980000000000e+02  3.154213173809e-02
   13250  1.987500000000e+02  3.087926951682e-02
   13300  1.995000000000e+02  3.010331541157e-02
   13350  2.002500000000e+02  2.921972150941e-02
   13400  2.010000000000e+02  2.823486286469e-02
   13450  2.017500000000e+02  2.715599549109e-02
   13500  2.025000000000e+02  2.599120677768e-02
   13550  2.032500000000e+02  2.474936587269e-02
   13600  2.040000000000e+02  2.344006585513e-02
   13650  2.047500000000e+02  2.207355515990e-02
   13700  2.055000000000e+02  2.066066425467e-02
   13750  2.062500000000e+02  1.921272957499e-02
   13800  2.070000000000e+02  1.774150195631e-02
   13850  2.077500000000e+02  1.625905993304e-02
   13900  2.085000000000e+02  1.477771741721e-02
   13950  2.092500000000e+02  1.330993167835e-02
   14000  2.100000000000e+02  1.186820351560e-02
   14050  2.107500000000e+02  1.046497833430e-02
   14100  2.115000000000e+02  9.112544854861e-03
   14150  2.122500000000e+02  7.822928802191e-03
   14200  2.130000000000e+02  6.607797027937e-03
   14250  2.137500000000e+02  5.478355806265e-03
   14300  2.145000000000e+02  4.445257941862e-03
   14350  2.152500000000e+02  3.518508378205e-03
   14400  2.160000000000e+02  2.707373764604e-03
   14450  2.167500000000e+02  2.020299646692e-03
   14500  2.175000000000e+02  1.464830753200e-03
   14550  2.182500000000e+02  1.047541741480e-03
   14600  2.190000000000e+02  7.739728623150e-04
   14650  2.197500000000e+02  6.485756556357e-04
   14700  2.205000000000e+02  6.746650794550e-04
   14750  2.212500000000e+02  8.543823270606e-04
   14800  2.220000000000e+02  1.188666939183e-03
   14850  2.227500000000e+02  1.677238707379e-03
   14900  2.235000000000e+02  2.318590285086e-03
   14950  2.242500000000e+02  3.109991639488e-03
   15000  2.250000000000e+02  4.047502014034e-03
   15050  2.257500000000e+02  5.125992624931e-03
   15100  2.265000000000e+02  6.339180195320e-03
   15150  2.272500000000e+02  7.679674416386e-03
   15200  2.280000000000e+02  9.139029228835e-03
   15250  2.287500000000e+02  1.070780680598e-02
   15300  2.295000000000e+02  1.237565147981e-02
   15350  2.302500000000e+02  1.413136781233e-02
   15400  2.310000000000e+02  1.596300806186e-02
   15450  2.317500000000e+02  1.785796326189e-02
   15500  2.325000000000e+02  1.980306995480e-02
   15550  2.332500000000e+02  2.178470644395e-02
   15600  2.340000000000e+02  2.378890527541e-02
   15650  2.347500000000e+02  2.580146528114e-02
   15700  2.355000000000e+02  2.780806329395e-02
   15750  2.362500000000e+02  2.979436609263e-02
   15800  2.370000000000e+02  3.174614312440e-02
   15850  2.377500000000e+02  3.364937588355e-02
   15900  2.385000000000e+02  3.549037035232e-02
   15950  2.392500000000e+02  3.725586006511e-02
   16000  2.400000000000e+02  3.893310990216e-02
   16050  2.407500000000e+02  4.051001238612e-02
   16100  2.415000000000e+02  4.197518162356e-02
   16150  2.422500000000e+02  4.331803626941e-02
   16200  2.430000000000e+02  4.452888108512e-02
   16250  2.437500000000e+02  4.559897967155e-02
   16300  2.445000000000e+02  4.652061502330e-02
   16350  2.452500000000e+02  4.728715045952e-02
   16400  2.460000000000e+02  4.789307659119e-02
   16450  2.467500000000e+02  4.833405172172e-02
   16500  2.475000000000e+02  4.860693017888e-02
   16550  2.482500000000e+02  4.870978438831e-02
   16600  2.490000000000e+02  4.864191554539e-02
   16650  2.497500000000e+02  4.840386942236e-02
   16700  2.505000000000e+02  4.799742180902e-02
   16750  2.512500000000e+02  4.742555720852e-02
   16800  2.520000000000e+02  4.669245276233e-02
   16850  2.527500000000e+02  4.580344616910e-02
   16900  2.535000000000e+02  4.476499338795e-02
   16950  2.542500000000e+02  4.358462205235e-02
   17000  2.550000000000e+02  4.227087639861e-02
   17050  2.557500000000e+02  4.083324899550e-02
   17100  2.565000000000e+02  3.928211204617e-02
   17150  2.572500000000e+02  3.762863750731e-02
   17200  2.580000000000e+02  3.588471429081e-02
   17250  2.587500000000e+02  3.406286401580e-02
   17300  2.595000000000e+02  3.217614656618e-02
   17350  2.602500000000e+02  3.023806021311e-02
   17400  2.610000000000e+02  2.826244640819e-02
   17450  2.617500000000e+02  2.626337933132e-02
   17500  2.625000000000e+02  2.425505783684e-02
   17550  2.632500000000e+02  2.225169689494e-02
   17600  2.640000000000e+02  2.026741927276e-02
   17650  2.647500000000e+02  1.831614640535e-02
   17700  2.655000000000e+02  1.641148826376e-02
   17750  2.662500000000e+02  1.456664077330e-02
   17800  2.670000000000e+02  1.279428023384e-02
   17850  2.677500000000e+02  1.110646159745e-02
   17900  2.685000000000e+02  9.514522911092e-03
   17950  2.692500000000e+02  8.028998878578e-03
   18000  2.700000000000e+02  6.659533872484e-03
   18050  2.707500000000e+02  5.414806687177e-03
   18100  2.715000000000e+02  4.302464188120e-03
   18150  2.722500000000e+02  3.329061002971e-03
   18200  2.730000000000e+02  2.500008435750e-03
   18250  2.737500000000e+02  1.819535190589e-03
   18300  2.745000000000e+02  1.290656834910e-03
   18350  2.752500000000e+02  9.151577330646e-04
   18400  2.760000000000e+02  6.935815940969e-04
   18450  2.767500000000e+02  6.252330338003e-04
   18500  2.775000000000e+02  7.081903442287e-04
   18550  2.782500000000e+02  9.393294987980e-04
   18600  2.790000000000e+02  1.314358271356e-03
   18650  2.797500000000e+02  1.827860796108e-03
   18700  2.805000000000e+02  2.473351821241e-03
   18750  2.812500000000e+02  3.243340238510e-03
   18800  2.820000000000e+02  4.129400922412e-03
   18850  2.827500000000e+02  5.122253210290e-03
   18900  2.835000000000e+02  6.211850283401e-03
   18950  2.842500000000e+02  7.387467886005e-03
   19000  2.850000000000e+02  8.637804487648e-03
   19050  2.857500000000e+02  9.951080245533e-03
   19100  2.865000000000e+02  1.131514209769e-02
   19150  2.872500000000e+02  1.271756903174e-02
   19200  2.880000000000e+02  1.414578338458e-02
   19250  2.887500000000e+02  1.558715503398e-02
   19300  2.895000000000e+02  1.702910659090e-02
   19350  2.902500000000e+02  1.845921375399e-02
   19400  2.910000000000e+02  1.986531244439e-02
   19450  2.917500000000e+02  2.123558899027e-02
   19500  2.925000000000e+02  2.255868220593e-02
   19550  2.932500000000e+02  2.382376636585e-02
   19600  2.940000000000e+02  2.502062657753e-02
   19650  2.947500000000e+02  2.613973759506e-02
   19700  2.955000000000e+02  2.717232757330e-02
   19750  2.962500000000e+02  2.811043658860e-02
   19800  2.970000000000e+02  2.894697803388e-02
   19850  2.977500000000e+02  2.967577403431e-02
   19900  2.985000000000e+02  3.029159671476e-02
   19950  2.992500000000e+02  3.079018814686e-02
   20000  3.000000000000e+02  3.116828741919e-02
   20050  3.007500000000e+02  3.142362906311e-02
   20100  3.015000000000e+02  3.155495182408e-02
   20150  3.022500000000e+02  3.156199714872e-02
   20200  3.030000000000e+02  3.144549251746e-02
   20250  3.037500000000e+02  3.120713702299e-02
   20300  3.045000000000e+02  3.084956965334e-02
   20350  3.052500000000e+02  3.037633850839e-02
   20400  3.060000000000e+02  2.979186110978e-02
   20450  3.067500000000e+02  2.910138048928e-02
   20500  3.075000000000e+02  2.831090714557e-02
   20550  3.082500000000e+02  2.742716885914e-02
   20600  3.090000000000e+02  2.645754335648e-02
   20650  3.097500000000e+02  2.540999796859e-02
   20700  3.105000000000e+02  2.429302143997e-02
   20750  3.112500000000e+02  2.311555528758e-02
   20800  3.120000000000e+02  2.188690991100e-02
   20850  3.127500000000e+02  2.061669669629e-02
   20900  3.135000000000e+02  1.931475196985e-02
   20950  3.142500000000e+02  1.799105307355e-02
   21000  3.150000000000e+02  1.665563887791e-02
   21050  3.157500000000e+02  1.531853148783e-02
   21100  3.165000000000e+02  1.398966346660e-02
   21150  3.172500000000e+02  1.267879728185e-02
   21200  3.180000000000e+02  1.139545226906e-02
   21250  3.187500000000e+02  1.014883235635e-02
   21300  3.195000000000e+02  8.947753906637e-03
   21350  3.202500000000e+02  7.800580146978e-03
   21400  3.210000000000e+02  6.715164808630e-03
   21450  3.217500000000e+02  5.698791082512e-03
   21500  3.225000000000e+02  4.758119639011e-03
   21550  3.232500000000e+02  3.899140518849e-03
   21600  3.240000000000e+02  3.127131088845e-03
   21650  3.247500000000e+02  2.446621666779e-03
   21700  3.255000000000e+02  1.861364100998e-03
   21750  3.262500000000e+02  1.374311003367e-03
   21800  3.270000000000e+02  9.875988960715e-04
   21850  3.277500000000e+02  7.025386214326e-04
   21900  3.285000000000e+02  5.196143896438e-04
   21950  3.292500000000e+02  4.384889260896e-04
   22000  3.300000000000e+02  4.580165014848e-04
   22050  3.307500000000e+02  5.762629137870e-04
   22100  3.315000000000e+02  7.905323053185e-04
   22150  3.322500000000e+02  1.097400266114e-03
   22200  3.330000000000e+02  1.492752528611e-03
   22250  3.337500000000e+02  1.971829896221e-03
   22300  3.345000000000e+02  2.529277710807e-03
   22350  3.352500000000e+02  3.159200113303e-03
   22400  3.360000000000e+02  3.855217205442e-03
   22450  3.367500000000e+02  4.610525473258e-03
   22500  3.375000000000e+02  5.417965146843e-03
   22550  3.382500000000e+02  6.270082426580e-03
   22600  3.390000000000e+02  7.159198042999e-03
   22650  3.397500000000e+02  8.077474358423e-03
   22700  3.405000000000e+02  9.016986897321e-03
   22750  3.412500000000e+02  9.969789443361e-03
   22800  3.420000000000e+02  1.092797880285e-02
   22850  3.427500000000e+02  1.188376311643e-02
   22900  3.435000000000e+02  1.282952116001e-02
   22950  3.442500000000e+02  1.375786029292e-02
   23000  3.450000000000e+02  1.466166875864e-02
   23050  3.457500000000e+02  1.553416993291e-02
   23100  3.465000000000e+02  1.636896907763e-02
   23150  3.472500000000e+02  1.716009676531e-02
   23200  3.480000000000e+02  1.790204288779e-02
   23250  3.487500000000e+02  1.858979650104e-02
   23300  3.495000000000e+02  1.921886763748e-02
   23350  3.502500000000e+02  1.978531439818e-02
   23400  3.510000000000e+02  2.028575621480e-02
   23450  3.517500000000e+02  2.071739072242e-02
   23500  3.525000000000e+02  2.107799650269e-02
   23550  3.532500000000e+02  2.136593773244e-02
   23600  3.540000000000e+02  2.158015509052e-02
   23650  3.547500000000e+02  2.172015984468e-02
   23700  3.555000000000e+02  2.178602625624e-02
   23750  3.562500000000e+02  2.177836899659e-02
   23800  3.570000000000e+02  2.169832640143e-02
   23850  3.577500000000e+02  2.154753312550e-02
   23900  3.585000000000e+02  2.132809466677e-02
   23950  3.592500000000e+02  2.104256095300e-02
   24000  3.600000000000e+02  2.069388838481e-02
   24050  3.607500000000e+02  2.028540405938e-02
   24100  3.615000000000e+02  1.982077083538e-02
   24150  3.622500000000e+02  1.930394553872e-02
   24200  3.630000000000e+02  1.873914638249e-02
   24250  3.637500000000e+02  1.813081053632e-02
   24300  3.645000000000e+02  1.748354828446e-02
   24350  3.652500000000e+02  1.680211415417e-02
   24400  3.660000000000e+02  1.609135686342e-02
   24450  3.667500000000e+02  1.535618425300e-02
   24500  3.675000000000e+02  1.460152496004e-02
   24550  3.682500000000e+02  1.383229169514e-02
   24600  3.690000000000e+02  1.305333873653e-02
   24650  3.697500000000e+02  1.226943337859e-02
   24700  3.705000000000e+02  1.148521377097e-02
   24750  3.712500000000e+02  1.070516201354e-02
   24800  3.720000000000e+02  9.933570333066e-03
   24850  3.727500000000e+02  9.174516138592e-03
   24900  3.735000000000e+02  8.431833376049e-03
   24950  3.742500000000e+02  7.709092009780e-03
   25000  3.750000000000e+02  7.009577519143e-03
   25050  3.757500000000e+02  6.336273804623e-03
   25100  3.765000000000e+02  5.691848281776e-03
   25150  3.772500000000e+02  5.078640485422e-03
   25200  3.780000000000e+02  4.498655851615e-03
   25250  3.787500000000e+02  3.953559375877e-03
   25300  3.795000000000e+02  3.444674812882e-03
   25350  3.802500000000e+02  2.972987188616e-03
   25400  3.810000000000e+02  2.539145944336e-03
   25450  3.817500000000e+02  2.143474281658e-03
   25500  3.825000000000e+02  1.785977921246e-03
   25550  3.832500000000e+02  1.466359448763e-03
   25600  3.840000000000e+02  1.184031226045e-03
   25650  3.847500000000e+02  9.381355351765e-04
   25700  3.855000000000e+02  7.275620883062e-04
   25750  3.862500000000e+02  5.509704815309e-04
   25800  3.870000000000e+02  4.068124302089e-04
   25850  3.877500000000e+02  2.933556064601e-04
   25900  3.885000000000e+02  2.087086760649e-04
   25950  3.892500000000e+02  1.508470723022e-04
   26000  3.900000000000e+02  1.176382368100e-04
   26050  3.907500000000e+02  1.068673374665e-04
   26100  3.915000000000e+02  1.162622277605e-04
   26150  3.922500000000e+02  1.435178964702e-04
   26200  3.930000000000e+02  1.863201468985e-04
   26250  3.937500000000e+02  2.423682059419e-04
   26300  3.945000000000e+02  3.093961137283e-04
   26350  3.952500000000e+02  3.851928641973e-04
   26400  3.960000000000e+02  4.676206638492e-04
   26450  3.967500000000e+02  5.546323625132e-04
   26500  3.975000000000e+02  6.442862756157e-04
   26550  3.982500000000e+02  7.347592263114e-04
   26600  3.990000000000e+02  8.243579189993e-04
   26650  3.997500000000e+02  9.115276357013e-04
   26700  4.005000000000e+02  9.948591235351e-04
   26750  4.012500000000e+02  1.073093980201e-03
   26800  4.020000000000e+02  1.145128494748e-03
   26850  4.027500000000e+02  1.210013630998e-03
   26900  4.035000000000e+02  1.266957499710e-03
   26950  4.042500000000e+02  1.315323540390e-03
   27000  4.050000000000e+02  1.354626902344e-03
   27050  4.057500000000e+02  1.384530215871e-03
   27100  4.065000000000e+02  1.404839750766e-03
   27150  4.072500000000e+02  1.415498920204e-03
   27200  4.080000000000e+02  1.416581857647e-03
   27250  4.087500000000e+02  1.408284414778e-03
   27300  4.095000000000e+02  1.390916402689e-03
   27350  4.102500000000e+02  1.364891836249e-03
   27400  4.110000000000e+02  1.330718483962e-03
   27450  4.117500000000e+02  1.288988333636e-03
   27500  4.125000000000e+02  1.240367883912e-03
   27550  4.132500000000e+02  1.185587789019e-03
   27600  4.140000000000e+02  1.125431745511e-03
   27650  4.147500000000e+02  1.060725898109e-03
   27700  4.155000000000e+02  9.923274473066e-04
   27750  4.162500000000e+02  9.211140410024e-04
   27800  4.170000000000e+02  8.479746224991e-04
   27850  4.177500000000e+02  7.737994663903e-04
   27900  4.185000000000e+02  6.994698016514e-04
   27950  4.192500000000e+02  6.258493213049e-04
   28000  4.200000000000e+02  5.537745935430e-04
   28050  4.207500000000e+02  4.840470737349e-04
   28100  4.215000000000e+02  4.174253792660e-04
   28150  4.222500000000e+02  3.546181466434e-04
   28200  4.230000000000e+02  2.962776814050e-04
   28250  4.237500000000e+02  2.429947646426e-04
   28300  4.245000000000e+02  1.952930465443e-04
   28350  4.252500000000e+02  1.536250433458e-04
   28400  4.260000000000e+02  1.183689354912e-04
   28450  4.267500000000e+02  8.982700246715e-05
   28500  4.275000000000e+02  6.822378268738e-05
   28550  4.282500000000e+02  5.370579951031e-05
   28600  4.290000000000e+02  4.634197487749e-05
   28650  4.297500000000e+02  4.612505625307e-05
   28700  4.305000000000e+02  5.297360878353e-05
   28750  4.312500000000e+02  6.673488356877e-05
   28800  4.320000000000e+02  8.718836927784e-05
   28850  4.327500000000e+02  1.140502012207e-04
   28900  4.335000000000e+02  1.469780358759e-04
   28950  4.342500000000e+02  1.855766340606e-04
   29000  4.350000000000e+02  2.294044647405e-04
   29050  4.357500000000e+02  2.779799024599e-04
   29100  4.365000000000e+02  3.307882177153e-04
   29150  4.372500000000e+02  3.872886575567e-04
   29200  4.380000000000e+02  4.469221163416e-04
   29250  4.387500000000e+02  5.091174043798e-04
   29300  4.395000000000e+02  5.732984524441e-04
   29350  4.402500000000e+02  6.388908413197e-04
   29400  4.410000000000e+02  7.053279832043e-04
   29450  4.417500000000e+02  7.720574968730e-04
   29500  4.425000000000e+02  8.385467768428e-04
   29550  4.432500000000e+02  9.042892618289e-04
   29600  4.440000000000e+02  9.688082892826e-04
   29650  4.447500000000e+02  1.031661687298e-03
   29700  4.455000000000e+02  1.092445250958e-03
   29750  4.462500000000e+02  1.150795252484e-03
   29800  4.470000000000e+02  1.206390260778e-03
   29850  4.477500000000e+02  1.258953156715e-03
   29900  4.485000000000e+02  1.308250569126e-03
   29950  4.492500000000e+02  1.354093906690e-03
   30000  4.500000000000e+02  1.396336754879e-03
   30050  4.507500000000e+02  1.434875601747e-03
   30100  4.515000000000e+02  1.469647275716e-03
   30150  4.522500000000e+02  1.500627108048e-03
   30200  4.530000000000e+02  1.527826303965e-03
   30250  4.537500000000e+02  1.551290016736e-03
   30300  4.545000000000e+02  1.571092799561e-03
   30350  4.552500000000e+02  1.587337432072e-03
   30400  4.560000000000e+02  1.600150192208e-03
   30450  4.567500000000e+02  1.609678933929e-03
   30500  4.575000000000e+02  1.616087284038e-03
   30550  4.582500000000e+02  1.619553818813e-03
   30600  4.590000000000e+02  1.620267729786e-03
   30650  4.597500000000e+02  1.618423463339e-03
   30700  4.605000000000e+02  1.614220657955e-03
   30750  4.612500000000e+02  1.607861021757e-03
   30800  4.620000000000e+02  1.599545556640e-03
   30850  4.627500000000e+02  1.589472232625e-03
   30900  4.635000000000e+02  1.577835739092e-03
   30950  4.642500000000e+02  1.564823633345e-03
   31000  4.650000000000e+02  1.550617368900e-03
   31050  4.657500000000e+02  1.535389413484e-03
   31100  4.665000000000e+02  1.519303873753e-03
   31150  4.672500000000e+02  1.502514825383e-03
   31200  4.680000000000e+02  1.485166896063e-03
   31250  4.687500000000e+02  1.467393162294e-03
   31300  4.695000000000e+02  1.449317529531e-03
   31350  4.702500000000e+02  1.431053914672e-03
   31400  4.710000000000e+02  1.412707493819e-03
   31450  4.717500000000e+02  1.394374356926e-03
   31500  4.725000000000e+02  1.376143098962e-03
   31550  4.732500000000e+02  1.358093929569e-03
   31600  4.740000000000e+02  1.340300855672e-03
   31650  4.747500000000e+02  1.322831552951e-03
   31700  4.755000000000e+02  1.305747747788e-03
   31750  4.762500000000e+02  1.289106280005e-03
   31800  4.770000000000e+02  1.272959049325e-03
   31850  4.777500000000e+02  1.257354765531e-03
   31900  4.785000000000e+02  1.242337051774e-03
   31950  4.792500000000e+02  1.227945761785e-03
   32000  4.800000000000e+02  1.214217292586e-03
   32050  4.807500000000e+02  1.201184241963e-03
   32100  4.815000000000e+02  1.188876352498e-03
   32150  4.822500000000e+02  1.177321016722e-03
   32200  4.830000000000e+02  1.166542411675e-03
   32250  4.837500000000e+02  1.156562043102e-03
   32300  4.845000000000e+02  1.147399438629e-03
   32350  4.852500000000e+02  1.139071864722e-03
   32400  4.860000000000e+02  1.131593521321e-03
   32450  4.867500000000e+02  1.124976305370e-03
   32500  4.875000000000e+02  1.119228818169e-03
   32550  4.882500000000e+02  1.114356553564e-03
   32600  4.890000000000e+02  1.110361440909e-03
   32650  4.897500000000e+02  1.107242671449e-03
   32700  4.905000000000e+02  1.104994879210e-03
   32750  4.912500000000e+02  1.103609233189e-03
   32800  4.920000000000e+02  1.103073075463e-03
   32850  4.927500000000e+02  1.103367427056e-03
   32900  4.935000000000e+02  1.104469788440e-03
   32950  4.942500000000e+02  1.106351506818e-03
   33000  4.950000000000e+02  1.108978362109e-03
   33050  4.957500000000e+02  1.112310460747e-03
   33100  4.965000000000e+02  1.116302326514e-03
   33150  4.972500000000e+02  1.120903403609e-03
   33200  4.980000000000e+02  1.126056039310e-03
   33250  4.987500000000e+02  1.131697129780e-03
   33300  4.995000000000e+02  1.137756528004e-03
   33350  5.002500000000e+02  1.144159603188e-03
   33400  5.010000000000e+02  1.150921209033e-03
   33450  5.017500000000e+02  1.158141641657e-03
   33500  5.025000000000e+02  1.165852944904e-03
   33550  5.032500000000e+02  1.174042104357e-03
   33600  5.040000000000e+02  1.182681609991e-03
   33650  5.047500000000e+02  1.191732231503e-03
   33700  5.055000000000e+02  1.201147562298e-03
   33750  5.062500000000e+02  1.210874927645e-03
   33800  5.070000000000e+02  1.220869872934e-03
   33850  5.077500000000e+02  1.231091512129e-03
   33900  5.085000000000e+02  1.241498680352e-03
   33950  5.092500000000e+02  1.252049992033e-03
   34000  5.100000000000e+02  1.262696109090e-03
   34050  5.107500000000e+02  1.273382836838e-03
   34100  5.115000000000e+02  1.284056559029e-03
   34150  5.122500000000e+02  1.294668006563e-03
   34200  5.130000000000e+02  1.305174184111e-03
   34250  5.137500000000e+02  1.315530723505e-03
   34300  5.145000000000e+02  1.325684347799e-03
   34350  5.152500000000e+02  1.335589474941e-03
   34400  5.160000000000e+02  1.345212275641e-03
   34450  5.167500000000e+02  1.354524476187e-03
   34500  5.175000000000e+02  1.363504552964e-03
   34550  5.182500000000e+02  1.372137941142e-03
   34600  5.190000000000e+02  1.380413265301e-03
   34650  5.197500000000e+02  1.388322065016e-03
   34700  5.205000000000e+02  1.395857287966e-03
   34750  5.212500000000e+02  1.403015318777e-03
   34800  5.220000000000e+02  1.409804790975e-03
   34850  5.227500000000e+02  1.416243452947e-03
   34900  5.235000000000e+02  1.422352111161e-03
   34950  5.242500000000e+02  1.428151714802e-03
   35000  5.250000000000e+02  1.433667658278e-03
   35050  5.257500000000e+02  1.438931537677e-03
   35100  5.265000000000e+02  1.443983475424e-03
   35150  5.272500000000e+02  1.448869449012e-03
   35200  5.280000000000e+02  1.453639100353e-03
   35250  5.287500000000e+02  1.458342625858e-03
   35300  5.295000000000e+02  1.463028943086e-03
   35350  5.302500000000e+02  1.467745332523e-03
   35400  5.310000000000e+02  1.472538185334e-03
   35450  5.317500000000e+02  1.477455972430e-03
   35500  5.325000000000e+02  1.482543938992e-03
   35550  5.332500000000e+02  1.487846324509e-03
   35600  5.340000000000e+02  1.493406035155e-03
   35650  5.347500000000e+02  1.499259340048e-03
   35700  5.355000000000e+02  1.505436332684e-03
   35750  5.362500000000e+02  1.511964224315e-03
   35800  5.370000000000e+02  1.518865393194e-03
   35850  5.377500000000e+02  1.526157403815e-03
   35900  5.385000000000e+02  1.533855178396e-03
   35950  5.392500000000e+02  1.541966928886e-03
   36000  5.400000000000e+02  1.550492418529e-03
   36050  5.407500000000e+02  1.559423237121e-03
   36100  5.415000000000e+02  1.568744132885e-03
   36150  5.422500000000e+02  1.578437929923e-03
   36200  5.430000000000e+02  1.588485760220e-03
   36250  5.437500000000e+02  1.598865258841e-03
   36300  5.445000000000e+02  1.609549582079e-03
   36350  5.452500000000e+02  1.620506156107e-03
   36400  5.460000000000e+02  1.631696623707e-03
   36450  5.467500000000e+02  1.643080034149e-03
   36500  5.475000000000e+02  1.654615256177e-03
   36550  5.482500000000e+02  1.666259514997e-03
   36600  5.490000000000e+02  1.677969871808e-03
   36650  5.497500000000e+02  1.689705040545e-03
   36700  5.505000000000e+02  1.701421627186e-03
   36750  5.512500000000e+02  1.713075680605e-03
   36800  5.520000000000e+02  1.724625386543e-03
   36850  5.527500000000e+02  1.736032950172e-03
   36900  5.535000000000e+02  1.747265799097e-03
   36950  5.542500000000e+02  1.758294511918e-03
   37000  5.550000000000e+02  1.769094348100e-03
   37050  5.557500000000e+02  1.779642385204e-03
   37100  5.565000000000e+02  1.789918364750e-03
   37150  5.572500000000e+02  1.799909052636e-03
   37200  5.580000000000e+02  1.809607696479e-03
   37250  5.587500000000e+02  1.819017063049e-03
   37300  5.595000000000e+02  1.828144389929e-03
   37350  5.602500000000e+02  1.836999796038e-03
   37400  5.610000000000e+02  1.845599285568e-03
   37450  5.617500000000e+02  1.853962058423e-03
   37500  5.625000000000e+02  1.862112014887e-03
   37550  5.632500000000e+02  1.870081924290e-03
   37600  5.640000000000e+02  1.877907551386e-03
   37650  5.647500000000e+02  1.885624913896e-03
   37700  5.655000000000e+02  1.893268825660e-03
   37750  5.662500000000e+02  1.900874182686e-03
   37800  5.670000000000e+02  1.908476998239e-03
   37850  5.677500000000e+02  1.916112190913e-03
   37900  5.685000000000e+02  1.923815264172e-03
   37950  5.692500000000e+02  1.931622842918e-03
   38000  5.700000000000e+02  1.939569316559e-03
   38050  5.707500000000e+02  1.947686025519e-03
   38100  5.715000000000e+02  1.956001140637e-03
   38150  5.722500000000e+02  1.964536452082e-03
   38200  5.730000000000e+02  1.973310244257e-03
   38250  5.737500000000e+02  1.982338758765e-03
   38300  5.745000000000e+02  1.991635254550e-03
   38350  5.752500000000e+02  2.001206526651e-03
   38400  5.760000000000e+02  2.011054095314e-03
   38450  5.767500000000e+02  2.021174813198e-03
   38500  5.775000000000e+02  2.031559485947e-03
   38550  5.782500000000e+02  2.042195000803e-03
   38600  5.790000000000e+02  2.053067994402e-03
   38650  5.797500000000e+02  2.064159739641e-03
   38700  5.805000000000e+02  2.075448821396e-03
   38750  5.812500000000e+02  2.086913460491e-03
   38800  5.820000000000e+02  2.098527924755e-03
   38850  5.827500000000e+02  2.110267251504e-03
   38900  5.835000000000e+02  2.122105034513e-03
   38950  5.842500000000e+02  2.134015036271e-03
   39000  5.850000000000e+02  2.145972750177e-03
   39050  5.857500000000e+02  2.157953064402e-03
   39100  5.865000000000e+02  2.169931511243e-03
   39150  5.872500000000e+02  2.181887619215e-03
   39200  5.880000000000e+02  2.193802802960e-03
   39250  5.887500000000e+02  2.205661494996e-03
   39300  5.895000000000e+02  2.217450999630e-03
   39350  5.902500000000e+02  2.229161209770e-03
   39400  5.910000000000e+02  2.240780988328e-03
   39450  5.917500000000e+02  2.252301698506e-03
   39500  5.925000000000e+02  2.263718560789e-03
   39550  5.932500000000e+02  2.275030405939e-03
   39600  5.940000000000e+02  2.286237718719e-03
   39650  5.947500000000e+02  2.297346151429e-03
   39700  5.955000000000e+02  2.308362658456e-03
   39750  5.962500000000e+02  2.319293393323e-03
   39800  5.970000000000e+02  2.330146679230e-03
   39850  5.977500000000e+02  2.340934958452e-03
   39900  5.985000000000e+02  2.351674074150e-03
   39950  5.992500000000e+02  2.362381823080e-03
   40000  6.000000000000e+02  2.373074034993e-03
   40050  6.007500000000e+02  2.383767579707e-03
   40100  6.015000000000e+02  2.394479695429e-03
   40150  6.022500000000e+02  2.405226099729e-03
   40200  6.030000000000e+02  2.416024219009e-03
   40250  6.037500000000e+02  2.426889771850e-03
   40300  6.045000000000e+02  2.437839728584e-03
   40350  6.052500000000e+02  2.448888384350e-03
   40400  6.060000000000e+02  2.460047579114e-03
   40450  6.067500000000e+02  2.471326514912e-03
   40500  6.075000000000e+02  2.482734375156e-03
   40550  6.082500000000e+02  2.494278948565e-03
   40600  6.090000000000e+02  2.505966951762e-03
   40650  6.097500000000e+02  2.517801358877e-03
   40700  6.105000000000e+02  2.529784159178e-03
   40750  6.112500000000e+02  2.541916718932e-03
   40800  6.120000000000e+02  2.554198850500e-03
   40850  6.127500000000e+02  2.566628396846e-03
   40900  6.135000000000e+02  2.579200797396e-03
   40950  6.142500000000e+02  2.591909428849e-03
   41000  6.150000000000e+02  2.604747326287e-03
   41050  6.157500000000e+02  2.617707601822e-03
   41100  6.165000000000e+02  2.630782751767e-03
   41150  6.172500000000e+02  2.643960874767e-03
   41200  6.180000000000e+02  2.657230567179e-03
   41250  6.187500000000e+02  2.670583384430e-03
   41300  6.195000000000e+02  2.684008848518e-03
   41350  6.202500000000e+02  2.697495420903e-03
   41400  6.210000000000e+02  2.711031508869e-03
   41450  6.217500000000e+02  2.724606756802e-03
   41500  6.225000000000e+02  2.738212637827e-03
   41550  6.232500000000e+02  2.751839398564e-03
   41600  6.240000000000e+02  2.765477484313e-03
   41650  6.247500000000e+02  2.779117339404e-03
   41700  6.255000000000e+02  2.792746995624e-03
   41750  6.262500000000e+02  2.806356245180e-03
   41800  6.270000000000e+02  2.819935895209e-03
   41850  6.277500000000e+02  2.833475006816e-03
   41900  6.285000000000e+02  2.846965340046e-03
   41950  6.292500000000e+02  2.860398871906e-03
   42000  6.300000000000e+02  2.873766925829e-03
   42050  6.307500000000e+02  2.887061966002e-03
   42100  6.315000000000e+02  2.900278539948e-03
   42150  6.322500000000e+02  2.913414351246e-03
   42200  6.330000000000e+02  2.926467611476e-03
   42250  6.337500000000e+02  2.939437038335e-03
   42300  6.345000000000e+02  2.952323256176e-03
   42350  6.352500000000e+02  2.965129247088e-03
   42400  6.360000000000e+02  2.977860442030e-03
   42450  6.367500000000e+02  2.990527173116e-03
   42500  6.375000000000e+02  3.003142718462e-03
   42550  6.382500000000e+02  3.015720776381e-03
   42600  6.390000000000e+02  3.028278307490e-03
   42650  6.397500000000e+02  3.040834519974e-03
   42700  6.405000000000e+02  3.053410648164e-03
   42750  6.412500000000e+02  3.066027473359e-03
   42800  6.420000000000e+02  3.078706909765e-03
   42850  6.427500000000e+02  3.091471973481e-03
   42900  6.435000000000e+02  3.104345874550e-03
   42950  6.442500000000e+02  3.117349596624e-03
   43000  6.450000000000e+02  3.130501854364e-03
   43050  6.457500000000e+02  3.143817857740e-03
   43100  6.465000000000e+02  3.157314458242e-03
   43150  6.472500000000e+02  3.171005331159e-03
   43200  6.480000000000e+02  3.184902260014e-03
   43250  6.487500000000e+02  3.199015242123e-03
   43300  6.495000000000e+02  3.213352845802e-03
   43350  6.502500000000e+02  3.227919847804e-03
   43400  6.510000000000e+02  3.242718502247e-03
   43450  6.517500000000e+02  3.257747776704e-03
   43500  6.525000000000e+02  3.273005208445e-03
   43550  6.532500000000e+02  3.288485208296e-03
   43600  6.540000000000e+02  3.304180468938e-03
   43650  6.547500000000e+02  3.320081706512e-03
   43700  6.555000000000e+02  3.336176819606e-03
   43750  6.562500000000e+02  3.352452670335e-03
   43800  6.570000000000e+02  3.368896703184e-03
   43850  6.577500000000e+02  3.385493188737e-03
   43900  6.585000000000e+02  3.402225823025e-03
   43950  6.592500000000e+02  3.419075933796e-03
   44000  6.600000000000e+02  3.436022895707e-03
   44050  6.607500000000e+02  3.453044491793e-03
   44100  6.615000000000e+02  3.470119821377e-03
   44150  6.622500000000e+02  3.487227932103e-03
   44200  6.630000000000e+02  3.504347041126e-03
   44250  6.637500000000e+02  3.521456632033e-03
   44300  6.645000000000e+02  3.538536337219e-03
   44350  6.652500000000e+02  3.555566386586e-03
   44400  6.660000000000e+02  3.572527782594e-03
   44450  6.667500000000e+02  3.589404456251e-03
   44500  6.675000000000e+02  3.606180674425e-03
   44550  6.682500000000e+02  3.622843627514e-03
   44600  6.690000000000e+02  3.639381638198e-03
   44650  6.697500000000e+02  3.655782678682e-03
   44700  6.705000000000e+02  3.672038018638e-03
   44750  6.712500000000e+02  3.688140853931e-03
   44800  6.720000000000e+02  3.704087836094e-03
   44850  6.727500000000e+02  3.719875944646e-03
   44900  6.735000000000e+02  3.735505793302e-03
   44950  6.742500000000e+02  3.750981381139e-03
   45000  6.750000000000e+02  3.766308214376e-03
   45050  6.757500000000e+02  3.781496236787e-03
   45100  6.765000000000e+02  3.796557997175e-03
   45150  6.772500000000e+02  3.811509290298e-03
   45200  6.780000000000e+02  3.826364494915e-03
   45250  6.787500000000e+02  3.841138281680e-03
   45300  6.795000000000e+02  3.855846606667e-03
   45350  6.802500000000e+02  3.870506156787e-03
   45400  6.810000000000e+02  3.885136547145e-03
   45450  6.817500000000e+02  3.899757314194e-03
   45500  6.825000000000e+02  3.914392778996e-03
   45550  6.832500000000e+02  3.929068401468e-03
   45600  6.840000000000e+02  3.943809176738e-03
   45650  6.847500000000e+02  3.958638197578e-03
   45700  6.855000000000e+02  3.973580195170e-03
   45750  6.862500000000e+02  3.988662412195e-03
   45800  6.870000000000e+02  4.003915009226e-03
   45850  6.877500000000e+02  4.019367187839e-03
   45900  6.885000000000e+02  4.035046872478e-03
   45950  6.892500000000e+02  4.050979206539e-03
   46000  6.900000000000e+02  4.067189530022e-03
   46050  6.907500000000e+02  4.083700547621e-03
   46100  6.915000000000e+02  4.100532832815e-03
   46150  6.922500000000e+02  4.117705704244e-03
   46200  6.930000000000e+02  4.135237044107e-03
   46250  6.937500000000e+02  4.153141766583e-03
   46300  6.945000000000e+02  4.171431783037e-03
   46350  6.952500000000e+02  4.190112349193e-03
   46400  6.960000000000e+02  4.209184501273e-03
   46450  6.967500000000e+02  4.228644044013e-03
   46500  6.975000000000e+02  4.248485686245e-03
   46550  6.982500000000e+02  4.268698957365e-03
   46600  6.990000000000e+02  4.289265045048e-03
   46650  6.997500000000e+02  4.310159972781e-03
