################################################################################
# HEADER
# nspin         1
#%
# nik       217
#  st         1      26
# ust         1      26
# Iter             t            #  iter t Nex(t)  
################################################################################
       0  0.000000000000e+00 -2.560451850542e-15
      50  1.000000000000e+00  1.160915738541e-10
     100  2.000000000000e+00  1.856633111141e-10
     150  3.000000000000e+00  2.155602918386e-10
     200  4.000000000000e+00  1.875393590423e-10
     250  5.000000000000e+00  1.677839256420e-10
     300  6.000000000000e+00  3.291142774975e-10
     350  7.000000000000e+00  7.469702634211e-10
     400  8.000000000000e+00  1.636772030411e-09
     450  9.000000000000e+00  3.260843581265e-09
     500  1.000000000000e+01  6.169322101790e-09
     550  1.100000000000e+01  1.109936378224e-08
     600  1.200000000000e+01  1.908413849866e-08
     650  1.300000000000e+01  3.138156994681e-08
     700  1.400000000000e+01  4.957536463290e-08
     750  1.500000000000e+01  7.566918603513e-08
     800  1.600000000000e+01  1.122197686998e-07
     850  1.700000000000e+01  1.623020253472e-07
     900  1.800000000000e+01  2.296670351884e-07
     950  1.900000000000e+01  3.188259643308e-07
    1000  2.000000000000e+01  4.348596721257e-07
    1050  2.100000000000e+01  5.836736510986e-07
    1100  2.200000000000e+01  7.723407082216e-07
    1150  2.300000000000e+01  1.008809702954e-06
    1200  2.400000000000e+01  1.302058958028e-06
    1250  2.500000000000e+01  1.662460367167e-06
    1300  2.600000000000e+01  2.101215196816e-06
    1350  2.700000000000e+01  2.631016835682e-06
    1400  2.800000000000e+01  3.266247276354e-06
    1450  2.900000000000e+01  4.022870394457e-06
    1500  3.000000000000e+01  4.918590240773e-06
    1550  3.100000000000e+01  5.972575935258e-06
    1600  3.200000000000e+01  7.205860357483e-06
    1650  3.300000000000e+01  8.641380309968e-06
    1700  3.400000000000e+01  1.030351740033e-05
    1750  3.500000000000e+01  1.221924284476e-05
    1800  3.600000000000e+01  1.441762068903e-05
    1850  3.700000000000e+01  1.692932404022e-05
    1900  3.800000000000e+01  1.978714354203e-05
    1950  3.900000000000e+01  2.302656697065e-05
    2000  4.000000000000e+01  2.668535592414e-05
    2050  4.100000000000e+01  3.080369964932e-05
    2100  4.200000000000e+01  3.542385502421e-05
    2150  4.300000000000e+01  4.059240125826e-05
    2200  4.400000000000e+01  4.635738327162e-05
    2250  4.500000000000e+01  5.276907940322e-05
    2300  4.600000000000e+01  5.988057119924e-05
    2350  4.700000000000e+01  6.774744708696e-05
    2400  4.800000000000e+01  7.642884578829e-05
    2450  4.900000000000e+01  8.598678708675e-05
    2500  5.000000000000e+01  9.648494789195e-05
    2550  5.100000000000e+01  1.079895575343e-04
    2600  5.200000000000e+01  1.205704806927e-04
    2650  5.300000000000e+01  1.342988306740e-04
    2700  5.400000000000e+01  1.492512159235e-04
    2750  5.500000000000e+01  1.655043018120e-04
    2800  5.600000000000e+01  1.831370944540e-04
    2850  5.700000000000e+01  2.022329491775e-04
    2900  5.800000000000e+01  2.228741075774e-04
    2950  5.900000000000e+01  2.451493303726e-04
    3000  6.000000000000e+01  2.691481739633e-04
    3050  6.100000000000e+01  2.949620337436e-04
    3100  6.200000000000e+01  3.226852168297e-04
    3150  6.300000000000e+01  3.524133880818e-04
    3200  6.400000000000e+01  3.842431812818e-04
    3250  6.500000000000e+01  4.182745926946e-04
    3300  6.600000000000e+01  4.546107452908e-04
    3350  6.700000000000e+01  4.933541806683e-04
    3400  6.800000000000e+01  5.346073265925e-04
    3450  6.900000000000e+01  5.784739840156e-04
    3500  7.000000000000e+01  6.250602970257e-04
    3550  7.100000000000e+01  6.744761405972e-04
    3600  7.200000000000e+01  7.268270315339e-04
    3650  7.300000000000e+01  7.822218107787e-04
    3700  7.400000000000e+01  8.407648191913e-04
    3750  7.500000000000e+01  9.025629193620e-04
    3800  7.600000000000e+01  9.677275295798e-04
    3850  7.700000000000e+01  1.036367427104e-03
    3900  7.800000000000e+01  1.108586334292e-03
    3950  7.900000000000e+01  1.184486324074e-03
    4000  8.000000000000e+01  1.264167156066e-03
    4050  8.100000000000e+01  1.347735139527e-03
    4100  8.200000000000e+01  1.435293939422e-03
    4150  8.300000000000e+01  1.526937936448e-03
    4200  8.400000000000e+01  1.622763649631e-03
    4250  8.500000000000e+01  1.722860312411e-03
    4300  8.600000000000e+01  1.827324969659e-03
    4350  8.700000000000e+01  1.936250432731e-03
    4400  8.800000000000e+01  2.049717618245e-03
    4450  8.900000000000e+01  2.167807561091e-03
    4500  9.000000000000e+01  2.290588968835e-03
    4550  9.100000000000e+01  2.418138306334e-03
    4600  9.200000000000e+01  2.550525966376e-03
    4650  9.300000000000e+01  2.687809927847e-03
    4700  9.400000000000e+01  2.830042243240e-03
    4750  9.500000000000e+01  2.977271366303e-03
    4800  9.600000000000e+01  3.129550310761e-03
    4850  9.700000000000e+01  3.286919599396e-03
    4900  9.800000000000e+01  3.449412954740e-03
    4950  9.900000000000e+01  3.617051267079e-03
    5000  1.000000000000e+02  3.789850906496e-03
    5050  1.010000000000e+02  3.967835991945e-03
    5100  1.020000000000e+02  4.151014097410e-03
    5150  1.030000000000e+02  4.339377104960e-03
    5200  1.040000000000e+02  4.532902690454e-03
    5250  1.050000000000e+02  4.731572538229e-03
    5300  1.060000000000e+02  4.935362468828e-03
    5350  1.070000000000e+02  5.144245084065e-03
    5400  1.080000000000e+02  5.358169345391e-03
    5450  1.090000000000e+02  5.577073520670e-03
    5500  1.100000000000e+02  5.800888677834e-03
    5550  1.110000000000e+02  6.029549997013e-03
    5600  1.120000000000e+02  6.262975377320e-03
    5650  1.130000000000e+02  6.501075081388e-03
    5700  1.140000000000e+02  6.743739169651e-03
    5750  1.150000000000e+02  6.990844419636e-03
    5800  1.160000000000e+02  7.242272720662e-03
    5850  1.170000000000e+02  7.497895834103e-03
    5900  1.180000000000e+02  7.757569537891e-03
    5950  1.190000000000e+02  8.021127284105e-03
    6000  1.200000000000e+02  8.288396221890e-03
    6050  1.210000000000e+02  8.559208115768e-03
    6100  1.220000000000e+02  8.833379611660e-03
    6150  1.230000000000e+02  9.110712528617e-03
    6200  1.240000000000e+02  9.390983480852e-03
    6250  1.250000000000e+02  9.673974928702e-03
    6300  1.260000000000e+02  9.959465771684e-03
    6350  1.270000000000e+02  1.024721182846e-02
    6400  1.280000000000e+02  1.053696749726e-02
    6450  1.290000000000e+02  1.082845327246e-02
    6500  1.300000000000e+02  1.112140134429e-02
    6550  1.310000000000e+02  1.141553289715e-02
    6600  1.320000000000e+02  1.171056042037e-02
    6650  1.330000000000e+02  1.200618500852e-02
    6700  1.340000000000e+02  1.230208819720e-02
    6750  1.350000000000e+02  1.259795876787e-02
    6800  1.360000000000e+02  1.289346630764e-02
    6850  1.370000000000e+02  1.318828018808e-02
    6900  1.380000000000e+02  1.348205710652e-02
    6950  1.390000000000e+02  1.377444890279e-02
    7000  1.400000000000e+02  1.406509810670e-02
    7050  1.410000000000e+02  1.435363681623e-02
    7100  1.420000000000e+02  1.463970113565e-02
    7150  1.430000000000e+02  1.492291388602e-02
    7200  1.440000000000e+02  1.520288153888e-02
    7250  1.450000000000e+02  1.547922470024e-02
    7300  1.460000000000e+02  1.575153830079e-02
    7350  1.470000000000e+02  1.601942090250e-02
    7400  1.480000000000e+02  1.628247231472e-02
    7450  1.490000000000e+02  1.654027642197e-02
    7500  1.500000000000e+02  1.679242815609e-02
    7550  1.510000000000e+02  1.703851091200e-02
    7600  1.520000000000e+02  1.727811253206e-02
    7650  1.530000000000e+02  1.751083453638e-02
    7700  1.540000000000e+02  1.773626539211e-02
    7750  1.550000000000e+02  1.795401211486e-02
    7800  1.560000000000e+02  1.816366208374e-02
    7850  1.570000000000e+02  1.836482141339e-02
    7900  1.580000000000e+02  1.855711160546e-02
    7950  1.590000000000e+02  1.874013480415e-02
    8000  1.600000000000e+02  1.891350172669e-02
    8050  1.610000000000e+02  1.907681579446e-02
    8100  1.620000000000e+02  1.922971476272e-02
    8150  1.630000000000e+02  1.937184276963e-02
    8200  1.640000000000e+02  1.950283031749e-02
    8250  1.650000000000e+02  1.962232212156e-02
    8300  1.660000000000e+02  1.972996976409e-02
    8350  1.670000000000e+02  1.982544405568e-02
    8400  1.680000000000e+02  1.990842047783e-02
    8450  1.690000000000e+02  1.997859617526e-02
    8500  1.700000000000e+02  2.003566961114e-02
    8550  1.710000000000e+02  2.007934859693e-02
    8600  1.720000000000e+02  2.010936944981e-02
    8650  1.730000000000e+02  2.012548350163e-02
    8700  1.740000000000e+02  2.012745655336e-02
    8750  1.750000000000e+02  2.011508605496e-02
    8800  1.760000000000e+02  2.008816411702e-02
    8850  1.770000000000e+02  2.004651084941e-02
    8900  1.780000000000e+02  1.998996967477e-02
    8950  1.790000000000e+02  1.991841982031e-02
    9000  1.800000000000e+02  1.983175042933e-02
    9050  1.810000000000e+02  1.972985219819e-02
    9100  1.820000000000e+02  1.961264176839e-02
    9150  1.830000000000e+02  1.948007234951e-02
    9200  1.840000000000e+02  1.933213591406e-02
    9250  1.850000000000e+02  1.916883601091e-02
    9300  1.860000000000e+02  1.899020189327e-02
    9350  1.870000000000e+02  1.879628154162e-02
    9400  1.880000000000e+02  1.858717033180e-02
    9450  1.890000000000e+02  1.836298706569e-02
    9500  1.900000000000e+02  1.812387902541e-02
    9550  1.910000000000e+02  1.787002183864e-02
    9600  1.920000000000e+02  1.760161837115e-02
    9650  1.930000000000e+02  1.731890601787e-02
    9700  1.940000000000e+02  1.702218277690e-02
    9750  1.950000000000e+02  1.671174899134e-02
    9800  1.960000000000e+02  1.638793005962e-02
    9850  1.970000000000e+02  1.605108460399e-02
    9900  1.980000000000e+02  1.570162932971e-02
    9950  1.990000000000e+02  1.534001583903e-02
   10000  2.000000000000e+02  1.496671462370e-02
   10050  2.010000000000e+02  1.458222217437e-02
   10100  2.020000000000e+02  1.418705743005e-02
   10150  2.030000000000e+02  1.378181758991e-02
   10200  2.040000000000e+02  1.336711218675e-02
   10250  2.050000000000e+02  1.294358858414e-02
   10300  2.060000000000e+02  1.251191965958e-02
   10350  2.070000000000e+02  1.207281841365e-02
   10400  2.080000000000e+02  1.162703721447e-02
   10450  2.090000000000e+02  1.117537430132e-02
   10500  2.100000000000e+02  1.071865611829e-02
   10550  2.110000000000e+02  1.025773879522e-02
   10600  2.120000000000e+02  9.793518494103e-03
   10650  2.130000000000e+02  9.326917948709e-03
   10700  2.140000000000e+02  8.858909082910e-03
   10750  2.150000000000e+02  8.390499348651e-03
   10800  2.160000000000e+02  7.922721650012e-03
   10850  2.170000000000e+02  7.456637295885e-03
   10900  2.180000000000e+02  6.993352196961e-03
   10950  2.190000000000e+02  6.534007704223e-03
   11000  2.200000000000e+02  6.079761657546e-03
   11050  2.210000000000e+02  5.631817809489e-03
   11100  2.220000000000e+02  5.191403087489e-03
   11150  2.230000000000e+02  4.759773743841e-03
   11200  2.240000000000e+02  4.338220713466e-03
   11250  2.250000000000e+02  3.928060077968e-03
   11300  2.260000000000e+02  3.530630012603e-03
   11350  2.270000000000e+02  3.147296188903e-03
   11400  2.280000000000e+02  2.779454984964e-03
   11450  2.290000000000e+02  2.428522722935e-03
   11500  2.300000000000e+02  2.095943897828e-03
   11550  2.310000000000e+02  1.783181624392e-03
   11600  2.320000000000e+02  1.491718835423e-03
   11650  2.330000000000e+02  1.223059173316e-03
   11700  2.340000000000e+02  9.787226195956e-04
   11750  2.350000000000e+02  7.602455682119e-04
   11800  2.360000000000e+02  5.691826547589e-04
   11850  2.370000000000e+02  4.070982698340e-04
   11900  2.380000000000e+02  2.755658592451e-04
   11950  2.390000000000e+02  1.761747000708e-04
   12000  2.400000000000e+02  1.105185403646e-04
   12050  2.410000000000e+02  8.019975445710e-05
   12100  2.420000000000e+02  8.682504666033e-05
   12150  2.430000000000e+02  1.320042984461e-04
   12200  2.440000000000e+02  2.173477099077e-04
   12250  2.450000000000e+02  3.444661524392e-04
   12300  2.460000000000e+02  5.149673507172e-04
   12350  2.470000000000e+02  7.304550965893e-04
   12400  2.480000000000e+02  9.925274140816e-04
   12450  2.490000000000e+02  1.302774017540e-03
   12500  2.500000000000e+02  1.662773579010e-03
   12550  2.510000000000e+02  2.074093356075e-03
   12600  2.520000000000e+02  2.538286892585e-03
   12650  2.530000000000e+02  3.056891324283e-03
   12700  2.540000000000e+02  3.631418330272e-03
   12750  2.550000000000e+02  4.263362900913e-03
   12800  2.560000000000e+02  4.954193726153e-03
   12850  2.570000000000e+02  5.705360084207e-03
   12900  2.580000000000e+02  6.518284106392e-03
   12950  2.590000000000e+02  7.394347065779e-03
   13000  2.600000000000e+02  8.334907519888e-03
   13050  2.610000000000e+02  9.341287646900e-03
   13100  2.620000000000e+02  1.041477259503e-02
   13150  2.630000000000e+02  1.155661321244e-02
   13200  2.640000000000e+02  1.276801975559e-02
   13250  2.650000000000e+02  1.405015852507e-02
   13300  2.660000000000e+02  1.540413421617e-02
   13350  2.670000000000e+02  1.683101294806e-02
   13400  2.680000000000e+02  1.833182043595e-02
   13450  2.690000000000e+02  1.990753910501e-02
   13500  2.700000000000e+02  2.155908558937e-02
   13550  2.710000000000e+02  2.328732188785e-02
   13600  2.720000000000e+02  2.509304775667e-02
   13650  2.730000000000e+02  2.697700634648e-02
   13700  2.740000000000e+02  2.893989881355e-02
   13750  2.750000000000e+02  3.098235389636e-02
   13800  2.760000000000e+02  3.310492556087e-02
   13850  2.770000000000e+02  3.530810180829e-02
   13900  2.780000000000e+02  3.759229557167e-02
   13950  2.790000000000e+02  3.995788286617e-02
   14000  2.800000000000e+02  4.240514738632e-02
   14050  2.810000000000e+02  4.493427762492e-02
   14100  2.820000000000e+02  4.754540333363e-02
   14150  2.830000000000e+02  5.023858753530e-02
   14200  2.840000000000e+02  5.301381271745e-02
   14250  2.850000000000e+02  5.587096622040e-02
   14300  2.860000000000e+02  5.880985935825e-02
   14350  2.870000000000e+02  6.183022118951e-02
   14400  2.880000000000e+02  6.493170325392e-02
   14450  2.890000000000e+02  6.811389057400e-02
   14500  2.900000000000e+02  7.137625525750e-02
   14550  2.910000000000e+02  7.471817051507e-02
   14600  2.920000000000e+02  7.813897738710e-02
   14650  2.930000000000e+02  8.163792041442e-02
   14700  2.940000000000e+02  8.521414883680e-02
   14750  2.950000000000e+02  8.886672734350e-02
   14800  2.960000000000e+02  9.259460437804e-02
   14850  2.970000000000e+02  9.639668118674e-02
   14900  2.980000000000e+02  1.002717691304e-01
   14950  2.990000000000e+02  1.042186062596e-01
   15000  3.000000000000e+02  1.082358154124e-01
   15050  3.010000000000e+02  1.123218973255e-01
   15100  3.020000000000e+02  1.164753284333e-01
   15150  3.030000000000e+02  1.206944643516e-01
   15200  3.040000000000e+02  1.249775639240e-01
   15250  3.050000000000e+02  1.293228373118e-01
   15300  3.060000000000e+02  1.337283899951e-01
   15350  3.070000000000e+02  1.381922169618e-01
   15400  3.080000000000e+02  1.427122352783e-01
   15450  3.090000000000e+02  1.472862971467e-01
   15500  3.100000000000e+02  1.519121634756e-01
   15550  3.110000000000e+02  1.565875260562e-01
   15600  3.120000000000e+02  1.613099892613e-01
   15650  3.130000000000e+02  1.660770902687e-01
   15700  3.140000000000e+02  1.708862863540e-01
   15750  3.150000000000e+02  1.757349623268e-01
   15800  3.160000000000e+02  1.806204244351e-01
   15850  3.170000000000e+02  1.855399194503e-01
   15900  3.180000000000e+02  1.904905961451e-01
   15950  3.190000000000e+02  1.954695986433e-01
   16000  3.200000000000e+02  2.004739667540e-01
   16050  3.210000000000e+02  2.055006423667e-01
   16100  3.220000000000e+02  2.105465365403e-01
   16150  3.230000000000e+02  2.156084690550e-01
   16200  3.240000000000e+02  2.206832612021e-01
   16250  3.250000000000e+02  2.257676426464e-01
   16300  3.260000000000e+02  2.308583440787e-01
   16350  3.270000000000e+02  2.359519882794e-01
   16400  3.280000000000e+02  2.410451341958e-01
   16450  3.290000000000e+02  2.461343359296e-01
   16500  3.300000000000e+02  2.512161579728e-01
   16550  3.310000000000e+02  2.562870652292e-01
   16600  3.320000000000e+02  2.613435183764e-01
   16650  3.330000000000e+02  2.663819271492e-01
   16700  3.340000000000e+02  2.713980887540e-01
   16750  3.350000000000e+02  2.763903706436e-01
   16800  3.360000000000e+02  2.813532658103e-01
   16850  3.370000000000e+02  2.862830014574e-01
   16900  3.380000000000e+02  2.911762048579e-01
   16950  3.390000000000e+02  2.960292472620e-01
   17000  3.400000000000e+02  3.008383790280e-01
   17050  3.410000000000e+02  3.055998088682e-01
   17100  3.420000000000e+02  3.103100342374e-01
   17150  3.430000000000e+02  3.149651536306e-01
   17200  3.440000000000e+02  3.195616058323e-01
   17250  3.450000000000e+02  3.240958475561e-01
   17300  3.460000000000e+02  3.285640278930e-01
   17350  3.470000000000e+02  3.329623323298e-01
   17400  3.480000000000e+02  3.372869973217e-01
   17450  3.490000000000e+02  3.415342954738e-01
   17500  3.500000000000e+02  3.457009374287e-01
   17550  3.510000000000e+02  3.497833948489e-01
   17600  3.520000000000e+02  3.537779346447e-01
   17650  3.530000000000e+02  3.576810562380e-01
   17700  3.540000000000e+02  3.614891941614e-01
   17750  3.550000000000e+02  3.651987242788e-01
   17800  3.560000000000e+02  3.688066538473e-01
   17850  3.570000000000e+02  3.723095496638e-01
   17900  3.580000000000e+02  3.757036797916e-01
   17950  3.590000000000e+02  3.789859292826e-01
   18000  3.600000000000e+02  3.821532182956e-01
   18050  3.610000000000e+02  3.852025309417e-01
   18100  3.620000000000e+02  3.881310267285e-01
   18150  3.630000000000e+02  3.909354928563e-01
   18200  3.640000000000e+02  3.936126532043e-01
   18250  3.650000000000e+02  3.961598219798e-01
   18300  3.660000000000e+02  3.985741514183e-01
   18350  3.670000000000e+02  4.008530294867e-01
   18400  3.680000000000e+02  4.029941864495e-01
   18450  3.690000000000e+02  4.049951159266e-01
   18500  3.700000000000e+02  4.068531170873e-01
   18550  3.710000000000e+02  4.085660894546e-01
   18600  3.720000000000e+02  4.101317867032e-01
   18650  3.730000000000e+02  4.115480929649e-01
   18700  3.740000000000e+02  4.128131485156e-01
   18750  3.750000000000e+02  4.139247421713e-01
   18800  3.760000000000e+02  4.148810772549e-01
   18850  3.770000000000e+02  4.156808961564e-01
   18900  3.780000000000e+02  4.163224739649e-01
   18950  3.790000000000e+02  4.168042288752e-01
   19000  3.800000000000e+02  4.171250788156e-01
   19050  3.810000000000e+02  4.172837436767e-01
   19100  3.820000000000e+02  4.172791389245e-01
   19150  3.830000000000e+02  4.171105642322e-01
   19200  3.840000000000e+02  4.167768883631e-01
   19250  3.850000000000e+02  4.162773942375e-01
   19300  3.860000000000e+02  4.156117316866e-01
   19350  3.870000000000e+02  4.147796004726e-01
   19400  3.880000000000e+02  4.137807249831e-01
   19450  3.890000000000e+02  4.126150053759e-01
   19500  3.900000000000e+02  4.112821678525e-01
   19550  3.910000000000e+02  4.097826132612e-01
   19600  3.920000000000e+02  4.081166786106e-01
   19650  3.930000000000e+02  4.062844870630e-01
   19700  3.940000000000e+02  4.042868110703e-01
   19750  3.950000000000e+02  4.021244162795e-01
   19800  3.960000000000e+02  3.997978729554e-01
   19850  3.970000000000e+02  3.973084866255e-01
   19900  3.980000000000e+02  3.946574736901e-01
   19950  3.990000000000e+02  3.918459937232e-01
   20000  4.000000000000e+02  3.888757012770e-01
   20050  4.010000000000e+02  3.857482333768e-01
   20100  4.020000000000e+02  3.824651925116e-01
   20150  4.030000000000e+02  3.790287425383e-01
   20200  4.040000000000e+02  3.754407977194e-01
   20250  4.050000000000e+02  3.717034704914e-01
   20300  4.060000000000e+02  3.678193270079e-01
   20350  4.070000000000e+02  3.637908616457e-01
   20400  4.080000000000e+02  3.596207596978e-01
   20450  4.090000000000e+02  3.553120188235e-01
   20500  4.100000000000e+02  3.508675133168e-01
   20550  4.110000000000e+02  3.462902483075e-01
   20600  4.120000000000e+02  3.415836631037e-01
   20650  4.130000000000e+02  3.367511336212e-01
   20700  4.140000000000e+02  3.317962549360e-01
   20750  4.150000000000e+02  3.267229007045e-01
   20800  4.160000000000e+02  3.215347449629e-01
   20850  4.170000000000e+02  3.162358068573e-01
   20900  4.180000000000e+02  3.108303913991e-01
   20950  4.190000000000e+02  3.053227075235e-01
   21000  4.200000000000e+02  2.997170705324e-01
   21050  4.210000000000e+02  2.940181415060e-01
   21100  4.220000000000e+02  2.882304864002e-01
   21150  4.230000000000e+02  2.823589045284e-01
   21200  4.240000000000e+02  2.764085127474e-01
   21250  4.250000000000e+02  2.703842477230e-01
   21300  4.260000000000e+02  2.642911831045e-01
   21350  4.270000000000e+02  2.581347172978e-01
   21400  4.280000000000e+02  2.519200388814e-01
   21450  4.290000000000e+02  2.456526936434e-01
   21500  4.300000000000e+02  2.393383468760e-01
   21550  4.310000000000e+02  2.329825912668e-01
   21600  4.320000000000e+02  2.265911712800e-01
   21650  4.330000000000e+02  2.201699717774e-01
   21700  4.340000000000e+02  2.137248566841e-01
   21750  4.350000000000e+02  2.072619061935e-01
   21800  4.360000000000e+02  2.007873783820e-01
   21850  4.370000000000e+02  1.943073022877e-01
   21900  4.380000000000e+02  1.878280997234e-01
   21950  4.390000000000e+02  1.813561755322e-01
   22000  4.400000000000e+02  1.748977383140e-01
   22050  4.410000000000e+02  1.684593337878e-01
   22100  4.420000000000e+02  1.620474665799e-01
   22150  4.430000000000e+02  1.556685248762e-01
   22200  4.440000000000e+02  1.493291295666e-01
   22250  4.450000000000e+02  1.430359068189e-01
   22300  4.460000000000e+02  1.367953894060e-01
   22350  4.470000000000e+02  1.306142806176e-01
   22400  4.480000000000e+02  1.244992736750e-01
   22450  4.490000000000e+02  1.184569569967e-01
   22500  4.500000000000e+02  1.124940892220e-01
   22550  4.510000000000e+02  1.066172273077e-01
   22600  4.520000000000e+02  1.008328662908e-01
   22650  4.530000000000e+02  9.514765456879e-02
   22700  4.540000000000e+02  8.956814778790e-02
   22750  4.550000000000e+02  8.410082187233e-02
   22800  4.560000000000e+02  7.875220428155e-02
   22850  4.570000000000e+02  7.352873151420e-02
   22900  4.580000000000e+02  6.843673973737e-02
   22950  4.590000000000e+02  6.348261160103e-02
   23000  4.600000000000e+02  5.867257122832e-02
   23050  4.610000000000e+02  5.401276700979e-02
   23100  4.620000000000e+02  4.950932408326e-02
   23150  4.630000000000e+02  4.516818838368e-02
   23200  4.640000000000e+02  4.099520758289e-02
   23250  4.650000000000e+02  3.699621967237e-02
   23300  4.660000000000e+02  3.317687679873e-02
   23350  4.670000000000e+02  2.954272176554e-02
   23400  4.680000000000e+02  2.609921004748e-02
   23450  4.690000000000e+02  2.285161359571e-02
   23500  4.700000000000e+02  1.980512151978e-02
   23550  4.710000000000e+02  1.696475884896e-02
   23600  4.720000000000e+02  1.433533601261e-02
   23650  4.730000000000e+02  1.192157174286e-02
   23700  4.740000000000e+02  9.728005392686e-03
   23750  4.750000000000e+02  7.758975629761e-03
   23800  4.760000000000e+02  6.018694914914e-03
   23850  4.770000000000e+02  4.511159690179e-03
   23900  4.780000000000e+02  3.240174712693e-03
   23950  4.790000000000e+02  2.209366737200e-03
   24000  4.800000000000e+02  1.422151985578e-03
   24050  4.810000000000e+02  8.817284351406e-04
   24100  4.820000000000e+02  5.911008231027e-04
   24150  4.830000000000e+02  5.530565672954e-04
   24200  4.840000000000e+02  7.701660273071e-04
   24250  4.850000000000e+02  1.244777988073e-03
   24300  4.860000000000e+02  1.979014233172e-03
   24350  4.870000000000e+02  2.974782953961e-03
   24400  4.880000000000e+02  4.233748573772e-03
   24450  4.890000000000e+02  5.757341325037e-03
   24500  4.900000000000e+02  7.546756698128e-03
   24550  4.910000000000e+02  9.602931642836e-03
   24600  4.920000000000e+02  1.192657792273e-02
   24650  4.930000000000e+02  1.451816630584e-02
   24700  4.940000000000e+02  1.737787892221e-02
   24750  4.950000000000e+02  2.050568790971e-02
   24800  4.960000000000e+02  2.390132361145e-02
   24850  4.970000000000e+02  2.756422276703e-02
   24900  4.980000000000e+02  3.149362587064e-02
   24950  4.990000000000e+02  3.568847113508e-02
   25000  5.000000000000e+02  4.014743468224e-02
   25050  5.010000000000e+02  4.486897183828e-02
   25100  5.020000000000e+02  4.985127613995e-02
   25150  5.030000000000e+02  5.509223695539e-02
   25200  5.040000000000e+02  6.058960585807e-02
   25250  5.050000000000e+02  6.634080599714e-02
   25300  5.060000000000e+02  7.234296329872e-02
   25350  5.070000000000e+02  7.859312751072e-02
   25400  5.080000000000e+02  8.508802078588e-02
   25450  5.090000000000e+02  9.182412910703e-02
   25500  5.100000000000e+02  9.879775251615e-02
   25550  5.110000000000e+02  1.060048666877e-01
   25600  5.120000000000e+02  1.134412506423e-01
   25650  5.130000000000e+02  1.211025756941e-01
   25700  5.140000000000e+02  1.289841887665e-01
   25750  5.150000000000e+02  1.370812969647e-01
   25800  5.160000000000e+02  1.453890056662e-01
   25850  5.170000000000e+02  1.539019979392e-01
   25900  5.180000000000e+02  1.626149302514e-01
   25950  5.190000000000e+02  1.715224488259e-01
   26000  5.200000000000e+02  1.806187611247e-01
   26050  5.210000000000e+02  1.898979324593e-01
   26100  5.220000000000e+02  1.993540193675e-01
   26150  5.230000000000e+02  2.089806977945e-01
   26200  5.240000000000e+02  2.187715154259e-01
   26250  5.250000000000e+02  2.287200205266e-01
   26300  5.260000000000e+02  2.388194016885e-01
   26350  5.270000000000e+02  2.490628098966e-01
   26400  5.280000000000e+02  2.594432842992e-01
   26450  5.290000000000e+02  2.699535681659e-01
   26500  5.300000000000e+02  2.805864101052e-01
   26550  5.310000000000e+02  2.913344384517e-01
   26600  5.320000000000e+02  3.021899814139e-01
   26650  5.330000000000e+02  3.131453733725e-01
   26700  5.340000000000e+02  3.241928425871e-01
   26750  5.350000000000e+02  3.353242443571e-01
   26800  5.360000000000e+02  3.465315716429e-01
   26850  5.370000000000e+02  3.578067491779e-01
   26900  5.380000000000e+02  3.691415043057e-01
   26950  5.390000000000e+02  3.805276864312e-01
   27000  5.400000000000e+02  3.919570697454e-01
   27050  5.410000000000e+02  4.034212046228e-01
   27100  5.420000000000e+02  4.149118594151e-01
   27150  5.430000000000e+02  4.264207047230e-01
   27200  5.440000000000e+02  4.379392940540e-01
   27250  5.450000000000e+02  4.494595003291e-01
   27300  5.460000000000e+02  4.609730706747e-01
   27350  5.470000000000e+02  4.724717063737e-01
   27400  5.480000000000e+02  4.839474020718e-01
   27450  5.490000000000e+02  4.953921321329e-01
   27500  5.500000000000e+02  5.067976794924e-01
   27550  5.510000000000e+02  5.181562298458e-01
   27600  5.520000000000e+02  5.294598078989e-01
   27650  5.530000000000e+02  5.407005218826e-01
   27700  5.540000000000e+02  5.518706018090e-01
   27750  5.550000000000e+02  5.629621128462e-01
   27800  5.560000000000e+02  5.739670999770e-01
   27850  5.570000000000e+02  5.848778479220e-01
   27900  5.580000000000e+02  5.956865142438e-01
   27950  5.590000000000e+02  6.063854269124e-01
   28000  5.600000000000e+02  6.169671826034e-01
   28050  5.610000000000e+02  6.274240268026e-01
   28100  5.620000000000e+02  6.377483254485e-01
   28150  5.630000000000e+02  6.479328340686e-01
   28200  5.640000000000e+02  6.579699639818e-01
   28250  5.650000000000e+02  6.678523814690e-01
   28300  5.660000000000e+02  6.775730526457e-01
   28350  5.670000000000e+02  6.871246016466e-01
   28400  5.680000000000e+02  6.964999489195e-01
   28450  5.690000000000e+02  7.056923349076e-01
   28500  5.700000000000e+02  7.146948172022e-01
   28550  5.710000000000e+02  7.235008045115e-01
   28600  5.720000000000e+02  7.321038862488e-01
   28650  5.730000000000e+02  7.404976058818e-01
   28700  5.740000000000e+02  7.486760256897e-01
   28750  5.750000000000e+02  7.566333381370e-01
   28800  5.760000000000e+02  7.643636187201e-01
   28850  5.770000000000e+02  7.718615361626e-01
   28900  5.780000000000e+02  7.791219350540e-01
   28950  5.790000000000e+02  7.861394297470e-01
   29000  5.800000000000e+02  7.929091825191e-01
   29050  5.810000000000e+02  7.994265208477e-01
   29100  5.820000000000e+02  8.056868118751e-01
   29150  5.830000000000e+02  8.116860532725e-01
   29200  5.840000000000e+02  8.174203212177e-01
   29250  5.850000000000e+02  8.228857527256e-01
   29300  5.860000000000e+02  8.280790078833e-01
   29350  5.870000000000e+02  8.329965481799e-01
   29400  5.880000000000e+02  8.376349822448e-01
   29450  5.890000000000e+02  8.419915714332e-01
   29500  5.900000000000e+02  8.460634092443e-01
   29550  5.910000000000e+02  8.498475805415e-01
   29600  5.920000000000e+02  8.533417236462e-01
   29650  5.930000000000e+02  8.565433564173e-01
   29700  5.940000000000e+02  8.594500843913e-01
   29750  5.950000000000e+02  8.620600561550e-01
   29800  5.960000000000e+02  8.643711936166e-01
   29850  5.970000000000e+02  8.663816450220e-01
   29900  5.980000000000e+02  8.680900117929e-01
   29950  5.990000000000e+02  8.694947023751e-01
   30000  6.000000000000e+02  8.705944473156e-01
   30050  6.010000000000e+02  8.713887055969e-01
   30100  6.020000000000e+02  8.718765013322e-01
   30150  6.030000000000e+02  8.720570532221e-01
   30200  6.040000000000e+02  8.719304313101e-01
   30250  6.050000000000e+02  8.714965242143e-01
   30300  6.060000000000e+02  8.707555952485e-01
   30350  6.070000000000e+02  8.697084527615e-01
   30400  6.080000000000e+02  8.683556826974e-01
   30450  6.090000000000e+02  8.666982309909e-01
   30500  6.100000000000e+02  8.647375316307e-01
   30550  6.110000000000e+02  8.624749848227e-01
   30600  6.120000000000e+02  8.599124445419e-01
   30650  6.130000000000e+02  8.570520132440e-01
   30700  6.140000000000e+02  8.538954771222e-01
   30750  6.150000000000e+02  8.504451846037e-01
   30800  6.160000000000e+02  8.467037113394e-01
   30850  6.170000000000e+02  8.426733403775e-01
   30900  6.180000000000e+02  8.383570380999e-01
   30950  6.190000000000e+02  8.337579480953e-01
   31000  6.200000000000e+02  8.288790600383e-01
   31050  6.210000000000e+02  8.237238271869e-01
   31100  6.220000000000e+02  8.182959266394e-01
   31150  6.230000000000e+02  8.125989690442e-01
   31200  6.240000000000e+02  8.066371710461e-01
   31250  6.250000000000e+02  8.004147764753e-01
   31300  6.260000000000e+02  7.939359505895e-01
   31350  6.270000000000e+02  7.872056367805e-01
   31400  6.280000000000e+02  7.802287053890e-01
   31450  6.290000000000e+02  7.730098240044e-01
   31500  6.300000000000e+02  7.655544759335e-01
   31550  6.310000000000e+02  7.578681714107e-01
   31600  6.320000000000e+02  7.499563687293e-01
   31650  6.330000000000e+02  7.418251189571e-01
   31700  6.340000000000e+02  7.334802805759e-01
   31750  6.350000000000e+02  7.249276830628e-01
   31800  6.360000000000e+02  7.161737215566e-01
   31850  6.370000000000e+02  7.072245839770e-01
   31900  6.380000000000e+02  6.980865411970e-01
   31950  6.390000000000e+02  6.887664537530e-01
   32000  6.400000000000e+02  6.792706925364e-01
   32050  6.410000000000e+02  6.696059026803e-01
   32100  6.420000000000e+02  6.597792174337e-01
   32150  6.430000000000e+02  6.497973969288e-01
   32200  6.440000000000e+02  6.396673659142e-01
   32250  6.450000000000e+02  6.293964633836e-01
   32300  6.460000000000e+02  6.189917712811e-01
   32350  6.470000000000e+02  6.084605025858e-01
   32400  6.480000000000e+02  5.978104395132e-01
   32450  6.490000000000e+02  5.870489268282e-01
   32500  6.500000000000e+02  5.761834534355e-01
   32550  6.510000000000e+02  5.652219428048e-01
   32600  6.520000000000e+02  5.541720238433e-01
   32650  6.530000000000e+02  5.430416446269e-01
   32700  6.540000000000e+02  5.318389276521e-01
   32750  6.550000000000e+02  5.205716740656e-01
   32800  6.560000000000e+02  5.092480317318e-01
   32850  6.570000000000e+02  4.978764268939e-01
   32900  6.580000000000e+02  4.864647339239e-01
   32950  6.590000000000e+02  4.750212630198e-01
   33000  6.600000000000e+02  4.635543676153e-01
   33050  6.610000000000e+02  4.520720384363e-01
   33100  6.620000000000e+02  4.405827699377e-01
   33150  6.630000000000e+02  4.290950629452e-01
   33200  6.640000000000e+02  4.176169772368e-01
   33250  6.650000000000e+02  4.061568107669e-01
   33300  6.660000000000e+02  3.947227856274e-01
   33350  6.670000000000e+02  3.833229695031e-01
   33400  6.680000000000e+02  3.719656848050e-01
   33450  6.690000000000e+02  3.606591001511e-01
   33500  6.700000000000e+02  3.494109906909e-01
   33550  6.710000000000e+02  3.382294381127e-01
   33600  6.720000000000e+02  3.271223422710e-01
   33650  6.730000000000e+02  3.160974143099e-01
   33700  6.740000000000e+02  3.051625804833e-01
   33750  6.750000000000e+02  2.943255059848e-01
   33800  6.760000000000e+02  2.835936191771e-01
   33850  6.770000000000e+02  2.729744594432e-01
   33900  6.780000000000e+02  2.624753604494e-01
   33950  6.790000000000e+02  2.521035090295e-01
   34000  6.800000000000e+02  2.418662021438e-01
   34050  6.810000000000e+02  2.317702312138e-01
   34100  6.820000000000e+02  2.218223396833e-01
   34150  6.830000000000e+02  2.120293839231e-01
   34200  6.840000000000e+02  2.023977618799e-01
   34250  6.850000000000e+02  1.929337546765e-01
   34300  6.860000000000e+02  1.836437660356e-01
   34350  6.870000000000e+02  1.745337506147e-01
   34400  6.880000000000e+02  1.656094898241e-01
   34450  6.890000000000e+02  1.568767275335e-01
   34500  6.900000000000e+02  1.483408518282e-01
   34550  6.910000000000e+02  1.400071598605e-01
   34600  6.920000000000e+02  1.318808782260e-01
   34650  6.930000000000e+02  1.239668356049e-01
   34700  6.940000000000e+02  1.162697945358e-01
   34750  6.950000000000e+02  1.087943353953e-01
   34800  6.960000000000e+02  1.015446516318e-01
   34850  6.970000000000e+02  9.452488344021e-02
   34900  6.980000000000e+02  8.773898530133e-02
   34950  6.990000000000e+02  8.119052576247e-02
   35000  7.000000000000e+02  7.488299934855e-02
   35050  7.010000000000e+02  6.881962921562e-02
   35100  7.020000000000e+02  6.300332864080e-02
   35150  7.030000000000e+02  5.743685479820e-02
   35200  7.040000000000e+02  5.212277883011e-02
   35250  7.050000000000e+02  4.706333310001e-02
   35300  7.060000000000e+02  4.226054985814e-02
   35350  7.070000000000e+02  3.771619538278e-02
   35400  7.080000000000e+02  3.343177445551e-02
   35450  7.090000000000e+02  2.940860971118e-02
   35500  7.100000000000e+02  2.564772671372e-02
   35550  7.110000000000e+02  2.214986058410e-02
   35600  7.120000000000e+02  1.891556609042e-02
   35650  7.130000000000e+02  1.594514660360e-02
   35700  7.140000000000e+02  1.323862167578e-02
   35750  7.150000000000e+02  1.079582990759e-02
   35800  7.160000000000e+02  8.616312969643e-03
   35850  7.170000000000e+02  6.699343713490e-03
   35900  7.180000000000e+02  5.044000299060e-03
   35950  7.190000000000e+02  3.649107767288e-03
   36000  7.200000000000e+02  2.513241674112e-03
   36050  7.210000000000e+02  1.634767258194e-03
   36100  7.220000000000e+02  1.011799829043e-03
   36150  7.230000000000e+02  6.422400045498e-04
   36200  7.240000000000e+02  5.237781428446e-04
   36250  7.250000000000e+02  6.538789771314e-04
   36300  7.260000000000e+02  1.029800635416e-03
   36350  7.270000000000e+02  1.648586804546e-03
   36400  7.280000000000e+02  2.507082634611e-03
   36450  7.290000000000e+02  3.601942356865e-03
   36500  7.300000000000e+02  4.929604735840e-03
   36550  7.310000000000e+02  6.486342856549e-03
   36600  7.320000000000e+02  8.268250539032e-03
   36650  7.330000000000e+02  1.027120547963e-02
   36700  7.340000000000e+02  1.249095101795e-02
   36750  7.350000000000e+02  1.492304117470e-02
   36800  7.360000000000e+02  1.756284768301e-02
   36850  7.370000000000e+02  2.040564202821e-02
   36900  7.380000000000e+02  2.344648889262e-02
   36950  7.390000000000e+02  2.668029162544e-02
   37000  7.400000000000e+02  3.010188165290e-02
   37050  7.410000000000e+02  3.370591562262e-02
   37100  7.420000000000e+02  3.748689738736e-02
   37150  7.430000000000e+02  4.143926614668e-02
   37200  7.440000000000e+02  4.555729992586e-02
   37250  7.450000000000e+02  4.983515068799e-02
   37300  7.460000000000e+02  5.426695500881e-02
   37350  7.470000000000e+02  5.884670799891e-02
   37400  7.480000000000e+02  6.356836084762e-02
   37450  7.490000000000e+02  6.842580434408e-02
   37500  7.500000000000e+02  7.341277064702e-02
   37550  7.510000000000e+02  7.852300128748e-02
   37600  7.520000000000e+02  8.375028230342e-02
   37650  7.530000000000e+02  8.908821635579e-02
   37700  7.540000000000e+02  9.453039853594e-02
   37750  7.550000000000e+02  1.000704804683e-01
   37800  7.560000000000e+02  1.057019830853e-01
   37850  7.570000000000e+02  1.114184826838e-01
   37900  7.580000000000e+02  1.172136201139e-01
   37950  7.590000000000e+02  1.230809650820e-01
   38000  7.600000000000e+02  1.290141212525e-01
   38050  7.610000000000e+02  1.350067179201e-01
   38100  7.620000000000e+02  1.410523142940e-01
   38150  7.630000000000e+02  1.471445617877e-01
   38200  7.640000000000e+02  1.532770763766e-01
   38250  7.650000000000e+02  1.594434050280e-01
   38300  7.660000000000e+02  1.656372470777e-01
   38350  7.670000000000e+02  1.718523520306e-01
   38400  7.680000000000e+02  1.780822979686e-01
   38450  7.690000000000e+02  1.843208517237e-01
   38500  7.700000000000e+02  1.905618732073e-01
   38550  7.710000000000e+02  1.967990837910e-01
   38600  7.720000000000e+02  2.030263732368e-01
   38650  7.730000000000e+02  2.092376431511e-01
   38700  7.740000000000e+02  2.154268346675e-01
   38750  7.750000000000e+02  2.215880384737e-01
   38800  7.760000000000e+02  2.277153246598e-01
   38850  7.770000000000e+02  2.338029045423e-01
   38900  7.780000000000e+02  2.398451595581e-01
   38950  7.790000000000e+02  2.458364998663e-01
   39000  7.800000000000e+02  2.517713750676e-01
   39050  7.810000000000e+02  2.576445796924e-01
   39100  7.820000000000e+02  2.634509299255e-01
   39150  7.830000000000e+02  2.691853154915e-01
   39200  7.840000000000e+02  2.748429070324e-01
   39250  7.850000000000e+02  2.804189521517e-01
   39300  7.860000000000e+02  2.859088407926e-01
   39350  7.870000000000e+02  2.913081442849e-01
   39400  7.880000000000e+02  2.966125735677e-01
   39450  7.890000000000e+02  3.018180332330e-01
   39500  7.900000000000e+02  3.069204950403e-01
   39550  7.910000000000e+02  3.119159882400e-01
   39600  7.920000000000e+02  3.168009146946e-01
   39650  7.930000000000e+02  3.215717723069e-01
   39700  7.940000000000e+02  3.262250149017e-01
   39750  7.950000000000e+02  3.307573493551e-01
   39800  7.960000000000e+02  3.351656259713e-01
   39850  7.970000000000e+02  3.394466961905e-01
   39900  7.980000000000e+02  3.435975900525e-01
   39950  7.990000000000e+02  3.476154995703e-01
   40000  8.000000000000e+02  3.514975858707e-01
   40050  8.010000000000e+02  3.552411765118e-01
   40100  8.020000000000e+02  3.588437174982e-01
   40150  8.030000000000e+02  3.623026797631e-01
   40200  8.040000000000e+02  3.656159867060e-01
   40250  8.050000000000e+02  3.687814381901e-01
   40300  8.060000000000e+02  3.717969161246e-01
   40350  8.070000000000e+02  3.746607147024e-01
   40400  8.080000000000e+02  3.773711737592e-01
   40450  8.090000000000e+02  3.799266080852e-01
   40500  8.100000000000e+02  3.823257002074e-01
   40550  8.110000000000e+02  3.845672085884e-01
   40600  8.120000000000e+02  3.866499141021e-01
   40650  8.130000000000e+02  3.885729623595e-01
   40700  8.140000000000e+02  3.903356583260e-01
   40750  8.150000000000e+02  3.919374417978e-01
   40800  8.160000000000e+02  3.933779686858e-01
   40850  8.170000000000e+02  3.946568319255e-01
   40900  8.180000000000e+02  3.957739752910e-01
   40950  8.190000000000e+02  3.967297065998e-01
   41000  8.200000000000e+02  3.975241383312e-01
   41050  8.210000000000e+02  3.981576597621e-01
   41100  8.220000000000e+02  3.986309734154e-01
   41150  8.230000000000e+02  3.989446154796e-01
   41200  8.240000000000e+02  3.990993167939e-01
   41250  8.250000000000e+02  3.990960979408e-01
   41300  8.260000000000e+02  3.989359232066e-01
   41350  8.270000000000e+02  3.986199100309e-01
   41400  8.280000000000e+02  3.981492625293e-01
   41450  8.290000000000e+02  3.975252536727e-01
   41500  8.300000000000e+02  3.967495033375e-01
   41550  8.310000000000e+02  3.958235347720e-01
   41600  8.320000000000e+02  3.947487567138e-01
   41650  8.330000000000e+02  3.935269757006e-01
   41700  8.340000000000e+02  3.921600936087e-01
   41750  8.350000000000e+02  3.906498901463e-01
   41800  8.360000000000e+02  3.889984428292e-01
   41850  8.370000000000e+02  3.872079549267e-01
   41900  8.380000000000e+02  3.852805461700e-01
   41950  8.390000000000e+02  3.832184723868e-01
   42000  8.400000000000e+02  3.810241043804e-01
   42050  8.410000000000e+02  3.786999843761e-01
   42100  8.420000000000e+02  3.762487399076e-01
   42150  8.430000000000e+02  3.736728765606e-01
   42200  8.440000000000e+02  3.709751108073e-01
   42250  8.450000000000e+02  3.681584323395e-01
   42300  8.460000000000e+02  3.652256615189e-01
   42350  8.470000000000e+02  3.621796547234e-01
   42400  8.480000000000e+02  3.590236925382e-01
   42450  8.490000000000e+02  3.557608233061e-01
   42500  8.500000000000e+02  3.523940550740e-01
   42550  8.510000000000e+02  3.489266894055e-01
   42600  8.520000000000e+02  3.453621070563e-01
   42650  8.530000000000e+02  3.417036096299e-01
   42700  8.540000000000e+02  3.379546394854e-01
   42750  8.550000000000e+02  3.341185504110e-01
   42800  8.560000000000e+02  3.301988462986e-01
   42850  8.570000000000e+02  3.261990984034e-01
   42900  8.580000000000e+02  3.221226468572e-01
   42950  8.590000000000e+02  3.179730633039e-01
   43000  8.600000000000e+02  3.137541502086e-01
   43050  8.610000000000e+02  3.094692339781e-01
   43100  8.620000000000e+02  3.051218709785e-01
   43150  8.630000000000e+02  3.007158355181e-01
   43200  8.640000000000e+02  2.962545320924e-01
   43250  8.650000000000e+02  2.917415012261e-01
   43300  8.660000000000e+02  2.871804643803e-01
   43350  8.670000000000e+02  2.825749286344e-01
   43400  8.680000000000e+02  2.779284283750e-01
   43450  8.690000000000e+02  2.732444406106e-01
   43500  8.700000000000e+02  2.685263985959e-01
   43550  8.710000000000e+02  2.637779592889e-01
   43600  8.720000000000e+02  2.590025205224e-01
   43650  8.730000000000e+02  2.542033910433e-01
   43700  8.740000000000e+02  2.493841231139e-01
   43750  8.750000000000e+02  2.445482060918e-01
   43800  8.760000000000e+02  2.396988576614e-01
   43850  8.770000000000e+02  2.348396066003e-01
   43900  8.780000000000e+02  2.299738455944e-01
   43950  8.790000000000e+02  2.251047925968e-01
   44000  8.800000000000e+02  2.202358031742e-01
   44050  8.810000000000e+02  2.153701666644e-01
   44100  8.820000000000e+02  2.105110784753e-01
   44150  8.830000000000e+02  2.056618066720e-01
   44200  8.840000000000e+02  2.008254184079e-01
   44250  8.850000000000e+02  1.960050143395e-01
   44300  8.860000000000e+02  1.912037900079e-01
   44350  8.870000000000e+02  1.864246008555e-01
   44400  8.880000000000e+02  1.816702839854e-01
   44450  8.890000000000e+02  1.769439044110e-01
   44500  8.900000000000e+02  1.722482004317e-01
   44550  8.910000000000e+02  1.675858284291e-01
   44600  8.920000000000e+02  1.629594992704e-01
   44650  8.930000000000e+02  1.583717805873e-01
   44700  8.940000000000e+02  1.538251291721e-01
   44750  8.950000000000e+02  1.493219925894e-01
   44800  8.960000000000e+02  1.448646375488e-01
   44850  8.970000000000e+02  1.404553805092e-01
   44900  8.980000000000e+02  1.360964488498e-01
   44950  8.990000000000e+02  1.317897657659e-01
   45000  9.000000000000e+02  1.275373881494e-01
   45050  9.010000000000e+02  1.233413961677e-01
   45100  9.020000000000e+02  1.192035068429e-01
   45150  9.030000000000e+02  1.151255060483e-01
   45200  9.040000000000e+02  1.111091698954e-01
   45250  9.050000000000e+02  1.071560111033e-01
   45300  9.060000000000e+02  1.032675152224e-01
   45350  9.070000000000e+02  9.944518120606e-02
   45400  9.080000000000e+02  9.569034751735e-02
   45450  9.090000000000e+02  9.200431797778e-02
   45500  9.100000000000e+02  8.838828479011e-02
   45550  9.110000000000e+02  8.484328374967e-02
   45600  9.120000000000e+02  8.137042798827e-02
   45650  9.130000000000e+02  7.797061069699e-02
   45700  9.140000000000e+02  7.464454459431e-02
   45750  9.150000000000e+02  7.139305704093e-02
   45800  9.160000000000e+02  6.821681550077e-02
   45850  9.170000000000e+02  6.511626522576e-02
   45900  9.180000000000e+02  6.209199907011e-02
   45950  9.190000000000e+02  5.914450425781e-02
   46000  9.200000000000e+02  5.627403581831e-02
   46050  9.210000000000e+02  5.348089972885e-02
   46100  9.220000000000e+02  5.076531876745e-02
   46150  9.230000000000e+02  4.812739565196e-02
   46200  9.240000000000e+02  4.556723480365e-02
   46250  9.250000000000e+02  4.308475572439e-02
   46300  9.260000000000e+02  4.067987615745e-02
   46350  9.270000000000e+02  3.835255871197e-02
   46400  9.280000000000e+02  3.610250712286e-02
   46450  9.290000000000e+02  3.392941762761e-02
   46500  9.300000000000e+02  3.183306271394e-02
   46550  9.310000000000e+02  2.981298700154e-02
   46600  9.320000000000e+02  2.786868693510e-02
   46650  9.330000000000e+02  2.599973090903e-02
   46700  9.340000000000e+02  2.420549019788e-02
   46750  9.350000000000e+02  2.248527831416e-02
   46800  9.360000000000e+02  2.083840286644e-02
   46850  9.370000000000e+02  1.926405245432e-02
   46900  9.380000000000e+02  1.776142542986e-02
   46950  9.390000000000e+02  1.632966059576e-02
   47000  9.400000000000e+02  1.496775219835e-02
   47050  9.410000000000e+02  1.367474316929e-02
   47100  9.420000000000e+02  1.244963584735e-02
   47150  9.430000000000e+02  1.129128082312e-02
   47200  9.440000000000e+02  1.019856419753e-02
   47250  9.450000000000e+02  9.170344826060e-03
   47300  9.460000000000e+02  8.205361554291e-03
   47350  9.470000000000e+02  7.302373148264e-03
   47400  9.480000000000e+02  6.460117694765e-03
   47450  9.490000000000e+02  5.677265866748e-03
   47500  9.500000000000e+02  4.952481299440e-03
   47550  9.510000000000e+02  4.284388137394e-03
   47600  9.520000000000e+02  3.671573923484e-03
   47650  9.530000000000e+02  3.112658252007e-03
   47700  9.540000000000e+02  2.606192398697e-03
   47750  9.550000000000e+02  2.150699851574e-03
   47800  9.560000000000e+02  1.744743298500e-03
   47850  9.570000000000e+02  1.386837995576e-03
   47900  9.580000000000e+02  1.075476306061e-03
   47950  9.590000000000e+02  8.091720086172e-04
   48000  9.600000000000e+02  5.864209657415e-04
   48050  9.610000000000e+02  4.057041705588e-04
   48100  9.620000000000e+02  2.655109932695e-04
   48150  9.630000000000e+02  1.643236296521e-04
   48200  9.640000000000e+02  1.006252706348e-04
   48250  9.650000000000e+02  7.290003994307e-05
   48300  9.660000000000e+02  7.963396399586e-05
   48350  9.670000000000e+02  1.193202725642e-04
   48400  9.680000000000e+02  1.904540634900e-04
   48450  9.690000000000e+02  2.915460663714e-04
   48500  9.700000000000e+02  4.211128138911e-04
   48550  9.710000000000e+02  5.776675386387e-04
   48600  9.720000000000e+02  7.597543514131e-04
   48650  9.730000000000e+02  9.659296667089e-04
   48700  9.740000000000e+02  1.194748767820e-03
   48750  9.750000000000e+02  1.444795883766e-03
   48800  9.760000000000e+02  1.714670622837e-03
   48850  9.770000000000e+02  2.002979965855e-03
   48900  9.780000000000e+02  2.308364059812e-03
   48950  9.790000000000e+02  2.629456360861e-03
   49000  9.800000000000e+02  2.964925364289e-03
   49050  9.810000000000e+02  3.313501109225e-03
   49100  9.820000000000e+02  3.673867147010e-03
   49150  9.830000000000e+02  4.044743333187e-03
   49200  9.840000000000e+02  4.424943904351e-03
   49250  9.850000000000e+02  4.813235141937e-03
   49300  9.860000000000e+02  5.208403287864e-03
   49350  9.870000000000e+02  5.609333369681e-03
   49400  9.880000000000e+02  6.014899178001e-03
   49450  9.890000000000e+02  6.423991358699e-03
   49500  9.900000000000e+02  6.835564737463e-03
   49550  9.910000000000e+02  7.248576130972e-03
   49600  9.920000000000e+02  7.662051980602e-03
   49650  9.930000000000e+02  8.075051175795e-03
   49700  9.940000000000e+02  8.486590229776e-03
   49750  9.950000000000e+02  8.895818365723e-03
   49800  9.960000000000e+02  9.301925156196e-03
   49850  9.970000000000e+02  9.704040123788e-03
   49900  9.980000000000e+02  1.010140877061e-02
   49950  9.990000000000e+02  1.049335836684e-02
   50000  1.000000000000e+03  1.087912639787e-02
   50050  1.001000000000e+03  1.125805987178e-02
   50100  1.002000000000e+03  1.162956453507e-02
   50150  1.003000000000e+03  1.199301882473e-02
   50200  1.004000000000e+03  1.234788745342e-02
   50250  1.005000000000e+03  1.269362510642e-02
   50300  1.006000000000e+03  1.302971834476e-02
   50350  1.007000000000e+03  1.335577626483e-02
   50400  1.008000000000e+03  1.367132361697e-02
   50450  1.009000000000e+03  1.397589122633e-02
   50500  1.010000000000e+03  1.426920395739e-02
   50550  1.011000000000e+03  1.455093054192e-02
   50600  1.012000000000e+03  1.482065992017e-02
   50650  1.013000000000e+03  1.507817190467e-02
   50700  1.014000000000e+03  1.532320416118e-02
   50750  1.015000000000e+03  1.555545344533e-02
   50800  1.016000000000e+03  1.577473754054e-02
   50850  1.017000000000e+03  1.598085004022e-02
   50900  1.018000000000e+03  1.617360668624e-02
   50950  1.019000000000e+03  1.635289908561e-02
   51000  1.020000000000e+03  1.651854852745e-02
   51050  1.021000000000e+03  1.667047578019e-02
   51100  1.022000000000e+03  1.680867769908e-02
   51150  1.023000000000e+03  1.693300297968e-02
   51200  1.024000000000e+03  1.704341102708e-02
   51250  1.025000000000e+03  1.714002411037e-02
   51300  1.026000000000e+03  1.722278342794e-02
   51350  1.027000000000e+03  1.729169596188e-02
   51400  1.028000000000e+03  1.734691870087e-02
   51450  1.029000000000e+03  1.738852298778e-02
   51500  1.030000000000e+03  1.741662310681e-02
   51550  1.031000000000e+03  1.743140893692e-02
   51600  1.032000000000e+03  1.743301522583e-02
   51650  1.033000000000e+03  1.742168410387e-02
   51700  1.034000000000e+03  1.739766855609e-02
   51750  1.035000000000e+03  1.736110779595e-02
   51800  1.036000000000e+03  1.731232223008e-02
   51850  1.037000000000e+03  1.725164984055e-02
   51900  1.038000000000e+03  1.717926380366e-02
   51950  1.039000000000e+03  1.709553644786e-02
   52000  1.040000000000e+03  1.700088566751e-02
   52050  1.041000000000e+03  1.689555399942e-02
   52100  1.042000000000e+03  1.677990165366e-02
   52150  1.043000000000e+03  1.665433287311e-02
   52200  1.044000000000e+03  1.651914043105e-02
   52250  1.045000000000e+03  1.637472804189e-02
   52300  1.046000000000e+03  1.622145704116e-02
   52350  1.047000000000e+03  1.605965408750e-02
   52400  1.048000000000e+03  1.588978317717e-02
   52450  1.049000000000e+03  1.571216010868e-02
   52500  1.050000000000e+03  1.552705878377e-02
   52550  1.051000000000e+03  1.533499025295e-02
   52600  1.052000000000e+03  1.513629184393e-02
   52650  1.053000000000e+03  1.493121410292e-02
   52700  1.054000000000e+03  1.472022379335e-02
   52750  1.055000000000e+03  1.450368700025e-02
   52800  1.056000000000e+03  1.428186967269e-02
   52850  1.057000000000e+03  1.405518180388e-02
   52900  1.058000000000e+03  1.382394577415e-02
   52950  1.059000000000e+03  1.358848231623e-02
   53000  1.060000000000e+03  1.334917417578e-02
   53050  1.061000000000e+03  1.310628583455e-02
   53100  1.062000000000e+03  1.286016354105e-02
   53150  1.063000000000e+03  1.261124342014e-02
   53200  1.064000000000e+03  1.235974017839e-02
   53250  1.065000000000e+03  1.210596885854e-02
   53300  1.066000000000e+03  1.185038097020e-02
   53350  1.067000000000e+03  1.159319989024e-02
   53400  1.068000000000e+03  1.133469229017e-02
   53450  1.069000000000e+03  1.107528289976e-02
   53500  1.070000000000e+03  1.081523387924e-02
   53550  1.071000000000e+03  1.055483118384e-02
   53600  1.072000000000e+03  1.029440567221e-02
   53650  1.073000000000e+03  1.003421410751e-02
   53700  1.074000000000e+03  9.774579954278e-03
   53750  1.075000000000e+03  9.515797597185e-03
   53800  1.076000000000e+03  9.258057422175e-03
   53850  1.077000000000e+03  9.001707895852e-03
   53900  1.078000000000e+03  8.747060707970e-03
   53950  1.079000000000e+03  8.494224043339e-03
   54000  1.080000000000e+03  8.243488103023e-03
   54050  1.081000000000e+03  7.995147663924e-03
   54100  1.082000000000e+03  7.749322398534e-03
   54150  1.083000000000e+03  7.506235929770e-03
   54200  1.084000000000e+03  7.266134271824e-03
   54250  1.085000000000e+03  7.029156682901e-03
   54300  1.086000000000e+03  6.795511743950e-03
   54350  1.087000000000e+03  6.565339584629e-03
   54400  1.088000000000e+03  6.338766935354e-03
   54450  1.089000000000e+03  6.116007930556e-03
   54500  1.090000000000e+03  5.897140030680e-03
   54550  1.091000000000e+03  5.682213844506e-03
   54600  1.092000000000e+03  5.471443815406e-03
   54650  1.093000000000e+03  5.264899627606e-03
   54700  1.094000000000e+03  5.062588422865e-03
   54750  1.095000000000e+03  4.864663159198e-03
   54800  1.096000000000e+03  4.671188918815e-03
   54850  1.097000000000e+03  4.482164617480e-03
   54900  1.098000000000e+03  4.297680287213e-03
   54950  1.099000000000e+03  4.117778199875e-03
   55000  1.100000000000e+03  3.942479560480e-03
   55050  1.101000000000e+03  3.771838856380e-03
   55100  1.102000000000e+03  3.605818382205e-03
   55150  1.103000000000e+03  3.444438155542e-03
   55200  1.104000000000e+03  3.287758590588e-03
   55250  1.105000000000e+03  3.135695375219e-03
   55300  1.106000000000e+03  2.988232382078e-03
   55350  1.107000000000e+03  2.845424307319e-03
   55400  1.108000000000e+03  2.707187864700e-03
   55450  1.109000000000e+03  2.573467903150e-03
   55500  1.110000000000e+03  2.444282929285e-03
   55550  1.111000000000e+03  2.319555195613e-03
   55600  1.112000000000e+03  2.199223753460e-03
   55650  1.113000000000e+03  2.083253726301e-03
   55700  1.114000000000e+03  1.971555257091e-03
   55750  1.115000000000e+03  1.864095902214e-03
   55800  1.116000000000e+03  1.760813603661e-03
   55850  1.117000000000e+03  1.661583580665e-03
   55900  1.118000000000e+03  1.566379454137e-03
   55950  1.119000000000e+03  1.475145151393e-03
   56000  1.120000000000e+03  1.387738634255e-03
   56050  1.121000000000e+03  1.304112364950e-03
   56100  1.122000000000e+03  1.224212180003e-03
   56150  1.123000000000e+03  1.147906451888e-03
   56200  1.124000000000e+03  1.075124043584e-03
   56250  1.125000000000e+03  1.005793775038e-03
   56300  1.126000000000e+03  9.398035831402e-04
   56350  1.127000000000e+03  8.770779945199e-04
   56400  1.128000000000e+03  8.175157190373e-04
   56450  1.129000000000e+03  7.610151076061e-04
   56500  1.130000000000e+03  7.075193585718e-04
   56550  1.131000000000e+03  6.569118886431e-04
   56600  1.132000000000e+03  6.090752861346e-04
   56650  1.133000000000e+03  5.639589220223e-04
   56700  1.134000000000e+03  5.214536469603e-04
   56750  1.135000000000e+03  4.814337618260e-04
   56800  1.136000000000e+03  4.438395744865e-04
   56850  1.137000000000e+03  4.085740203271e-04
   56900  1.138000000000e+03  3.755189302702e-04
   56950  1.139000000000e+03  3.445971124174e-04
   57000  1.140000000000e+03  3.157118050816e-04
   57050  1.141000000000e+03  2.887678483265e-04
   57100  1.142000000000e+03  2.636854669250e-04
   57150  1.143000000000e+03  2.403565903800e-04
   57200  1.144000000000e+03  2.186995777868e-04
   57250  1.145000000000e+03  1.986437922930e-04
   57300  1.146000000000e+03  1.800801307700e-04
   57350  1.147000000000e+03  1.629277475322e-04
   57400  1.148000000000e+03  1.471280266553e-04
   57450  1.149000000000e+03  1.325841216083e-04
   57500  1.150000000000e+03  1.192149774014e-04
   57550  1.151000000000e+03  1.069639307803e-04
   57600  1.152000000000e+03  9.575233190176e-05
   57650  1.153000000000e+03  8.551116119795e-05
   57700  1.154000000000e+03  7.618013385550e-05
   57750  1.155000000000e+03  6.769133698138e-05
   57800  1.156000000000e+03  5.999292682951e-05
   57850  1.157000000000e+03  5.302792239548e-05
   57900  1.158000000000e+03  4.673302620717e-05
   57950  1.159000000000e+03  4.106782231064e-05
   58000  1.160000000000e+03  3.598570949066e-05
   58050  1.161000000000e+03  3.142875081084e-05
   58100  1.162000000000e+03  2.736082532648e-05
   58150  1.163000000000e+03  2.374577853338e-05
   58200  1.164000000000e+03  2.053655381610e-05
   58250  1.165000000000e+03  1.769948191609e-05
   58300  1.166000000000e+03  1.520334304254e-05
   58350  1.167000000000e+03  1.301330701118e-05
   58400  1.168000000000e+03  1.110149472206e-05
   58450  1.169000000000e+03  9.438881677259e-06
   58500  1.170000000000e+03  7.998639762120e-06
   58550  1.171000000000e+03  6.760275999697e-06
   58600  1.172000000000e+03  5.698987394130e-06
   58650  1.173000000000e+03  4.792790461512e-06
   58700  1.174000000000e+03  4.027366754263e-06
   58750  1.175000000000e+03  3.383941231491e-06
   58800  1.176000000000e+03  2.844748730760e-06
   58850  1.177000000000e+03  2.398612360434e-06
   58900  1.178000000000e+03  2.032474498238e-06
   58950  1.179000000000e+03  1.733387952958e-06
   59000  1.180000000000e+03  1.492196980417e-06
   59050  1.181000000000e+03  1.299749485650e-06
   59100  1.182000000000e+03  1.147953096796e-06
   59150  1.183000000000e+03  1.030110880353e-06
   59200  1.184000000000e+03  9.394557431430e-07
   59250  1.185000000000e+03  8.711299242792e-07
   59300  1.186000000000e+03  8.210718407259e-07
   59350  1.187000000000e+03  7.846719236940e-07
   59400  1.188000000000e+03  7.588851256637e-07
   59450  1.189000000000e+03  7.414860841853e-07
   59500  1.190000000000e+03  7.299465571986e-07
   59550  1.191000000000e+03  7.225433931168e-07
   59600  1.192000000000e+03  7.181638727732e-07
   59650  1.193000000000e+03  7.157131865845e-07
   59700  1.194000000000e+03  7.144496282363e-07
   59750  1.195000000000e+03  7.138917195310e-07
   59800  1.196000000000e+03  7.136880525380e-07
   59850  1.197000000000e+03  7.136505351391e-07
   59900  1.198000000000e+03  7.136685063400e-07
   59950  1.199000000000e+03  7.136938115979e-07
   60000  1.200000000000e+03  7.137199533602e-07
   60050  1.201000000000e+03  7.137549243030e-07
   60100  1.202000000000e+03  7.138052073030e-07
   60150  1.203000000000e+03  7.138694408382e-07
   60200  1.204000000000e+03  7.139455269548e-07
   60250  1.205000000000e+03  7.140261262875e-07
   60300  1.206000000000e+03  7.141039988570e-07
   60350  1.207000000000e+03  7.141756609153e-07
   60400  1.208000000000e+03  7.142375958794e-07
   60450  1.209000000000e+03  7.142832163451e-07
   60500  1.210000000000e+03  7.143068709511e-07
   60550  1.211000000000e+03  7.143072332516e-07
   60600  1.212000000000e+03  7.142847746333e-07
   60650  1.213000000000e+03  7.142409627070e-07
   60700  1.214000000000e+03  7.141802100263e-07
   60750  1.215000000000e+03  7.141137981226e-07
   60800  1.216000000000e+03  7.140444145820e-07
   60850  1.217000000000e+03  7.139719521085e-07
   60900  1.218000000000e+03  7.139013174992e-07
   60950  1.219000000000e+03  7.138380860999e-07
   61000  1.220000000000e+03  7.137853447955e-07
   61050  1.221000000000e+03  7.137433492635e-07
   61100  1.222000000000e+03  7.137134439839e-07
   61150  1.223000000000e+03  7.136955242765e-07
   61200  1.224000000000e+03  7.136887645309e-07
   61250  1.225000000000e+03  7.136939586400e-07
   61300  1.226000000000e+03  7.137061607612e-07
   61350  1.227000000000e+03  7.137243824146e-07
   61400  1.228000000000e+03  7.137488923226e-07
   61450  1.229000000000e+03  7.137689564118e-07
   61500  1.230000000000e+03  7.137820717470e-07
   61550  1.231000000000e+03  7.137907618651e-07
   61600  1.232000000000e+03  7.137910925520e-07
   61650  1.233000000000e+03  7.137803590823e-07
   61700  1.234000000000e+03  7.137614973438e-07
   61750  1.235000000000e+03  7.137336829471e-07
   61800  1.236000000000e+03  7.137001138552e-07
   61850  1.237000000000e+03  7.136671044822e-07
   61900  1.238000000000e+03  7.136358670876e-07
   61950  1.239000000000e+03  7.136130057844e-07
   62000  1.240000000000e+03  7.136040775305e-07
   62050  1.241000000000e+03  7.136073666980e-07
   62100  1.242000000000e+03  7.136242444403e-07
   62150  1.243000000000e+03  7.136587234086e-07
   62200  1.244000000000e+03  7.137050847331e-07
   62250  1.245000000000e+03  7.137665851281e-07
   62300  1.246000000000e+03  7.138429757858e-07
   62350  1.247000000000e+03  7.139250962421e-07
   62400  1.248000000000e+03  7.140065426889e-07
   62450  1.249000000000e+03  7.140806481259e-07
   62500  1.250000000000e+03  7.141431305063e-07
   62550  1.251000000000e+03  7.141916440676e-07
   62600  1.252000000000e+03  7.142236974761e-07
   62650  1.253000000000e+03  7.142364527798e-07
   62700  1.254000000000e+03  7.142246584504e-07
   62750  1.255000000000e+03  7.141873858835e-07
   62800  1.256000000000e+03  7.141336574590e-07
   62850  1.257000000000e+03  7.140631252053e-07
   62900  1.258000000000e+03  7.139803670647e-07
   62950  1.259000000000e+03  7.138952573052e-07
   63000  1.260000000000e+03  7.138129263576e-07
   63050  1.261000000000e+03  7.137350301611e-07
   63100  1.262000000000e+03  7.136640054195e-07
   63150  1.263000000000e+03  7.136047976281e-07
   63200  1.264000000000e+03  7.135605925579e-07
   63250  1.265000000000e+03  7.135344938861e-07
   63300  1.266000000000e+03  7.135261445509e-07
   63350  1.267000000000e+03  7.135292077118e-07
   63400  1.268000000000e+03  7.135412405518e-07
   63450  1.269000000000e+03  7.135615214884e-07
   63500  1.270000000000e+03  7.135828400395e-07
   63550  1.271000000000e+03  7.136068164854e-07
   63600  1.272000000000e+03  7.136339713748e-07
   63650  1.273000000000e+03  7.136546938125e-07
   63700  1.274000000000e+03  7.136671536859e-07
   63750  1.275000000000e+03  7.136762908144e-07
   63800  1.276000000000e+03  7.136815614595e-07
   63850  1.277000000000e+03  7.136855133885e-07
   63900  1.278000000000e+03  7.136881377476e-07
   63950  1.279000000000e+03  7.136882180583e-07
   64000  1.280000000000e+03  7.136904575586e-07
   64050  1.281000000000e+03  7.136976330688e-07
   64100  1.282000000000e+03  7.137055692344e-07
   64150  1.283000000000e+03  7.137180097413e-07
   64200  1.284000000000e+03  7.137415982753e-07
   64250  1.285000000000e+03  7.137685468922e-07
   64300  1.286000000000e+03  7.137988783934e-07
   64350  1.287000000000e+03  7.138315947439e-07
   64400  1.288000000000e+03  7.138641727050e-07
   64450  1.289000000000e+03  7.138976883467e-07
   64500  1.290000000000e+03  7.139299910072e-07
   64550  1.291000000000e+03  7.139565255665e-07
   64600  1.292000000000e+03  7.139752141866e-07
   64650  1.293000000000e+03  7.139861125938e-07
   64700  1.294000000000e+03  7.139878523479e-07
   64750  1.295000000000e+03  7.139774877013e-07
   64800  1.296000000000e+03  7.139553563698e-07
   64850  1.297000000000e+03  7.139288388733e-07
   64900  1.298000000000e+03  7.138938214121e-07
   64950  1.299000000000e+03  7.138475824689e-07
   65000  1.300000000000e+03  7.137971783505e-07
