################################################################################
# HEADER
# nspin         1
#%
# nik       186
#  st         1      26
# ust         1      26
# Iter             t            #  iter t Nex(t)  
################################################################################
       0  0.000000000000e+00 -7.049916206370e-15
      50  7.500000000000e-01  5.525156721031e-12
     100  1.500000000000e+00  8.433082010484e-11
     150  2.250000000000e+00  9.815347076780e-10
     200  3.000000000000e+00  5.514280629337e-09
     250  3.750000000000e+00  2.021880089048e-08
     300  4.500000000000e+00  5.682541525526e-08
     350  5.250000000000e+00  1.334202259992e-07
     400  6.000000000000e+00  2.754884666778e-07
     450  6.750000000000e+00  5.169954734111e-07
     500  7.500000000000e+00  9.021235420001e-07
     550  8.250000000000e+00  1.487149067815e-06
     600  9.000000000000e+00  2.342451197318e-06
     650  9.750000000000e+00  3.554294744773e-06
     700  1.050000000000e+01  5.225522263216e-06
     750  1.125000000000e+01  7.476137315061e-06
     800  1.200000000000e+01  1.044344236487e-05
     850  1.275000000000e+01  1.428173326792e-05
     900  1.350000000000e+01  1.916146373195e-05
     950  1.425000000000e+01  2.526539947794e-05
    1000  1.500000000000e+01  3.278409486211e-05
    1050  1.575000000000e+01  4.191534567511e-05
    1100  1.650000000000e+01  5.286333207852e-05
    1150  1.725000000000e+01  6.583554284564e-05
    1200  1.800000000000e+01  8.104004278789e-05
    1250  1.875000000000e+01  9.868185014537e-05
    1300  1.950000000000e+01  1.189572631032e-04
    1350  2.025000000000e+01  1.420457845618e-04
    1400  2.100000000000e+01  1.681031246470e-04
    1450  2.175000000000e+01  1.972540077679e-04
    1500  2.250000000000e+01  2.295883099105e-04
    1550  2.325000000000e+01  2.651546275454e-04
    1600  2.400000000000e+01  3.039518315138e-04
    1650  2.475000000000e+01  3.459194051977e-04
    1700  2.550000000000e+01  3.909349608559e-04
    1750  2.625000000000e+01  4.388141544869e-04
    1800  2.700000000000e+01  4.893112978705e-04
    1850  2.775000000000e+01  5.421193570373e-04
    1900  2.850000000000e+01  5.968661758243e-04
    1950  2.925000000000e+01  6.531137641650e-04
    2000  3.000000000000e+01  7.103565164671e-04
    2050  3.075000000000e+01  7.680191616548e-04
    2100  3.150000000000e+01  8.254659584200e-04
    2150  3.225000000000e+01  8.820056584813e-04
    2200  3.300000000000e+01  9.368991186665e-04
    2250  3.375000000000e+01  9.893702850801e-04
    2300  3.450000000000e+01  1.038613624545e-03
    2350  3.525000000000e+01  1.083806110962e-03
    2400  3.600000000000e+01  1.124118178967e-03
    2450  3.675000000000e+01  1.158730648850e-03
    2500  3.750000000000e+01  1.186851553847e-03
    2550  3.825000000000e+01  1.207734352678e-03
    2600  3.900000000000e+01  1.220697968099e-03
    2650  3.975000000000e+01  1.225143539396e-03
    2700  4.050000000000e+01  1.220569204917e-03
    2750  4.125000000000e+01  1.206589916535e-03
    2800  4.200000000000e+01  1.182959553742e-03
    2850  4.275000000000e+01  1.149598483586e-03
    2900  4.350000000000e+01  1.106616662089e-03
    2950  4.425000000000e+01  1.054330053267e-03
    3000  4.500000000000e+01  9.932754946361e-04
    3050  4.575000000000e+01  9.242231012316e-04
    3100  4.650000000000e+01  8.481886954212e-04
    3150  4.725000000000e+01  7.664494229456e-04
    3200  4.800000000000e+01  6.805550471400e-04
    3250  4.875000000000e+01  5.923332020758e-04
    3300  4.950000000000e+01  5.038923492119e-04
    3350  5.025000000000e+01  4.176202697340e-04
    3400  5.100000000000e+01  3.361773162155e-04
    3450  5.175000000000e+01  2.624858728780e-04
    3500  5.250000000000e+01  1.997175854010e-04
    3550  5.325000000000e+01  1.512773012403e-04
    3600  5.400000000000e+01  1.207799339737e-04
    3650  5.475000000000e+01  1.120236810500e-04
    3700  5.550000000000e+01  1.289593336682e-04
    3750  5.625000000000e+01  1.756567119430e-04
    3800  5.700000000000e+01  2.562676949185e-04
    3850  5.775000000000e+01  3.749842522734e-04
    3900  5.850000000000e+01  5.359912294527e-04
    3950  5.925000000000e+01  7.434138521242e-04
    4000  6.000000000000e+01  1.001265561238e-03
    4050  6.075000000000e+01  1.313391912556e-03
    4100  6.150000000000e+01  1.683412038391e-03
    4150  6.225000000000e+01  2.114661478410e-03
    4200  6.300000000000e+01  2.610127685533e-03
    4250  6.375000000000e+01  3.172385081208e-03
    4300  6.450000000000e+01  3.803539617652e-03
    4350  6.525000000000e+01  4.505178365068e-03
    4400  6.600000000000e+01  5.278321227192e-03
    4450  6.675000000000e+01  6.123367424732e-03
    4500  6.750000000000e+01  7.040044443504e-03
    4550  6.825000000000e+01  8.027367122921e-03
    4600  6.900000000000e+01  9.083591646628e-03
    4650  6.975000000000e+01  1.020618599180e-02
    4700  7.050000000000e+01  1.139180453044e-02
    4750  7.125000000000e+01  1.263627266159e-02
    4800  7.200000000000e+01  1.393458950595e-02
    4850  7.275000000000e+01  1.528093463503e-02
    4900  7.350000000000e+01  1.666867434568e-02
    4950  7.425000000000e+01  1.809037474864e-02
    5000  7.500000000000e+01  1.953782781723e-02
    5050  7.575000000000e+01  2.100210997589e-02
    5100  7.650000000000e+01  2.247363550061e-02
    5150  7.725000000000e+01  2.394221998719e-02
    5200  7.800000000000e+01  2.539715246966e-02
    5250  7.875000000000e+01  2.682728001040e-02
    5300  7.950000000000e+01  2.822108582496e-02
    5350  8.025000000000e+01  2.956680243471e-02
    5400  8.100000000000e+01  3.085251213583e-02
    5450  8.175000000000e+01  3.206626353224e-02
    5500  8.250000000000e+01  3.319620309339e-02
    5550  8.325000000000e+01  3.423070026889e-02
    5600  8.400000000000e+01  3.515847226157e-02
    5650  8.475000000000e+01  3.596871585337e-02
    5700  8.550000000000e+01  3.665124321360e-02
    5750  8.625000000000e+01  3.719662862822e-02
    5800  8.700000000000e+01  3.759634390598e-02
    5850  8.775000000000e+01  3.784289009776e-02
    5900  8.850000000000e+01  3.792992351923e-02
    5950  8.925000000000e+01  3.785238154185e-02
    6000  9.000000000000e+01  3.760660617430e-02
    6050  9.075000000000e+01  3.719047143187e-02
    6100  9.150000000000e+01  3.660349897196e-02
    6150  9.225000000000e+01  3.584693811962e-02
    6200  9.300000000000e+01  3.492383111193e-02
    6250  9.375000000000e+01  3.383907600235e-02
    6300  9.450000000000e+01  3.259946905434e-02
    6350  9.525000000000e+01  3.121373296586e-02
    6400  9.600000000000e+01  2.969254709356e-02
    6450  9.675000000000e+01  2.804855576629e-02
    6500  9.750000000000e+01  2.629633523872e-02
    6550  9.825000000000e+01  2.445234987139e-02
    6600  9.900000000000e+01  2.253487410279e-02
    6650  9.975000000000e+01  2.056391563476e-02
    6700  1.005000000000e+02  1.856111776494e-02
    6750  1.012500000000e+02  1.654962635066e-02
    6800  1.020000000000e+02  1.455394550164e-02
    6850  1.027500000000e+02  1.259976693380e-02
    6900  1.035000000000e+02  1.071377757326e-02
    6950  1.042500000000e+02  8.923452237589e-03
    7000  1.050000000000e+02  7.256826166171e-03
    7050  1.057500000000e+02  5.742264728297e-03
    7100  1.065000000000e+02  4.408211372033e-03
    7150  1.072500000000e+02  3.282914265871e-03
    7200  1.080000000000e+02  2.394144336677e-03
    7250  1.087500000000e+02  1.768903334728e-03
    7300  1.095000000000e+02  1.433125435004e-03
    7350  1.102500000000e+02  1.411376342372e-03
    7400  1.110000000000e+02  1.726554829385e-03
    7450  1.117500000000e+02  2.399600031333e-03
    7500  1.125000000000e+02  3.449209280267e-03
    7550  1.132500000000e+02  4.891566273561e-03
    7600  1.140000000000e+02  6.740083677970e-03
    7650  1.147500000000e+02  9.005165969412e-03
    7700  1.155000000000e+02  1.169399647292e-02
    7750  1.162500000000e+02  1.481034735263e-02
    7800  1.170000000000e+02  1.835440397116e-02
    7850  1.177500000000e+02  2.232262393737e-02
    7900  1.185000000000e+02  2.670764448881e-02
    7950  1.192500000000e+02  3.149822404277e-02
    8000  1.200000000000e+02  3.667920331235e-02
    8050  1.207500000000e+02  4.223153182243e-02
    8100  1.215000000000e+02  4.813229971644e-02
    8150  1.222500000000e+02  5.435484771748e-02
    8200  1.230000000000e+02  6.086890730685e-02
    8250  1.237500000000e+02  6.764076304331e-02
    8300  1.245000000000e+02  7.463345720793e-02
    8350  1.252500000000e+02  8.180702454450e-02
    8400  1.260000000000e+02  8.911875091516e-02
    8450  1.267500000000e+02  9.652349419777e-02
    8500  1.275000000000e+02  1.039739835070e-01
    8550  1.282500000000e+02  1.114211817230e-01
    8600  1.290000000000e+02  1.188146732909e-01
    8650  1.297500000000e+02  1.261030600941e-01
    8700  1.305000000000e+02  1.332343643745e-01
    8750  1.312500000000e+02  1.401564628231e-01
    8800  1.320000000000e+02  1.468175283825e-01
    8850  1.327500000000e+02  1.531664844852e-01
    8900  1.335000000000e+02  1.591534205251e-01
    8950  1.342500000000e+02  1.647300344498e-01
    9000  1.350000000000e+02  1.698500506813e-01
    9050  1.357500000000e+02  1.744696416586e-01
    9100  1.365000000000e+02  1.785478438844e-01
    9150  1.372500000000e+02  1.820469633405e-01
    9200  1.380000000000e+02  1.849329316166e-01
    9250  1.387500000000e+02  1.871756819082e-01
    9300  1.395000000000e+02  1.887494745266e-01
    9350  1.402500000000e+02  1.896332226468e-01
    9400  1.410000000000e+02  1.898107647229e-01
    9450  1.417500000000e+02  1.892710992208e-01
    9500  1.425000000000e+02  1.880086140742e-01
    9550  1.432500000000e+02  1.860232726540e-01
    9600  1.440000000000e+02  1.833207648521e-01
    9650  1.447500000000e+02  1.799126213372e-01
    9700  1.455000000000e+02  1.758162835573e-01
    9750  1.462500000000e+02  1.710551876710e-01
    9800  1.470000000000e+02  1.656587718565e-01
    9850  1.477500000000e+02  1.596624304335e-01
    9900  1.485000000000e+02  1.531074397617e-01
    9950  1.492500000000e+02  1.460408252623e-01
   10000  1.500000000000e+02  1.385151885829e-01
   10050  1.507500000000e+02  1.305884701295e-01
   10100  1.515000000000e+02  1.223236470372e-01
   10150  1.522500000000e+02  1.137884020709e-01
   10200  1.530000000000e+02  1.050547255132e-01
   10250  1.537500000000e+02  9.619844798234e-02
   10300  1.545000000000e+02  8.729872942852e-02
   10350  1.552500000000e+02  7.843749932866e-02
   10400  1.560000000000e+02  6.969884330555e-02
   10450  1.567500000000e+02  6.116836421690e-02
   10500  1.575000000000e+02  5.293245050820e-02
   10550  1.582500000000e+02  4.507750434452e-02
   10600  1.590000000000e+02  3.768915506877e-02
   10650  1.597500000000e+02  3.085144596344e-02
   10700  1.605000000000e+02  2.464600479105e-02
   10750  1.612500000000e+02  1.915119235251e-02
   10800  1.620000000000e+02  1.444126359740e-02
   10850  1.627500000000e+02  1.058552416430e-02
   10900  1.635000000000e+02  7.647511261908e-03
   10950  1.642500000000e+02  5.684215652257e-03
   11000  1.650000000000e+02  4.745352112900e-03
   11050  1.657500000000e+02  4.872687216266e-03
   11100  1.665000000000e+02  6.099441505024e-03
   11150  1.672500000000e+02  8.449772186039e-03
   11200  1.680000000000e+02  1.193835455318e-02
   11250  1.687500000000e+02  1.657006328039e-02
   11300  1.695000000000e+02  2.233976109852e-02
   11350  1.702500000000e+02  2.923220019521e-02
   11400  1.710000000000e+02  3.722203205939e-02
   11450  1.717500000000e+02  4.627393326737e-02
   11500  1.725000000000e+02  5.634283298424e-02
   11550  1.732500000000e+02  6.737426440315e-02
   11600  1.740000000000e+02  7.930479732228e-02
   11650  1.747500000000e+02  9.206256458616e-02
   11700  1.755000000000e+02  1.055678844628e-01
   11750  1.762500000000e+02  1.197339268295e-01
   11800  1.770000000000e+02  1.344674474597e-01
   11850  1.777500000000e+02  1.496695993243e-01
   11900  1.785000000000e+02  1.652367617044e-01
   11950  1.792500000000e+02  1.810614001519e-01
   12000  1.800000000000e+02  1.970329431615e-01
   12050  1.807500000000e+02  2.130386494969e-01
   12100  1.815000000000e+02  2.289644912031e-01
   12150  1.822500000000e+02  2.446960097506e-01
   12200  1.830000000000e+02  2.601192105301e-01
   12250  1.837500000000e+02  2.751214433617e-01
   12300  1.845000000000e+02  2.895922442718e-01
   12350  1.852500000000e+02  3.034241611372e-01
   12400  1.860000000000e+02  3.165135232289e-01
   12450  1.867500000000e+02  3.287612044335e-01
   12500  1.875000000000e+02  3.400733501162e-01
   12550  1.882500000000e+02  3.503620494836e-01
   12600  1.890000000000e+02  3.595460500197e-01
   12650  1.897500000000e+02  3.675513663807e-01
   12700  1.905000000000e+02  3.743118368971e-01
   12750  1.912500000000e+02  3.797696416577e-01
   12800  1.920000000000e+02  3.838757520759e-01
   12850  1.927500000000e+02  3.865903943782e-01
   12900  1.935000000000e+02  3.878834493041e-01
   12950  1.942500000000e+02  3.877348235240e-01
   13000  1.950000000000e+02  3.861347247094e-01
   13050  1.957500000000e+02  3.830839257156e-01
   13100  1.965000000000e+02  3.785939318371e-01
   13150  1.972500000000e+02  3.726871269296e-01
   13200  1.980000000000e+02  3.653968053665e-01
   13250  1.987500000000e+02  3.567672362402e-01
   13300  1.995000000000e+02  3.468536112593e-01
   13350  2.002500000000e+02  3.357219164126e-01
   13400  2.010000000000e+02  3.234487221650e-01
   13450  2.017500000000e+02  3.101208815432e-01
   13500  2.025000000000e+02  2.958351446510e-01
   13550  2.032500000000e+02  2.806977160238e-01
   13600  2.040000000000e+02  2.648236954691e-01
   13650  2.047500000000e+02  2.483364653972e-01
   13700  2.055000000000e+02  2.313669722512e-01
   13750  2.062500000000e+02  2.140528719036e-01
   13800  2.070000000000e+02  1.965375983154e-01
   13850  2.077500000000e+02  1.789693378234e-01
   13900  2.085000000000e+02  1.614999324250e-01
   13950  2.092500000000e+02  1.442837188795e-01
   14000  2.100000000000e+02  1.274762492533e-01
   14050  2.107500000000e+02  1.112329331281e-01
   14100  2.115000000000e+02  9.570758018925e-02
   14150  2.122500000000e+02  8.105087259659e-02
   14200  2.130000000000e+02  6.740877295645e-02
   14250  2.137500000000e+02  5.492093842981e-02
   14300  2.145000000000e+02  4.371909920769e-02
   14350  2.152500000000e+02  3.392544741018e-02
   14400  2.160000000000e+02  2.565108639176e-02
   14450  2.167500000000e+02  1.899456081523e-02
   14500  2.175000000000e+02  1.404050428269e-02
   14550  2.182500000000e+02  1.085845982728e-02
   14600  2.190000000000e+02  9.501878592333e-03
   14650  2.197500000000e+02  1.000732467689e-02
   14700  2.205000000000e+02  1.239390955120e-02
   14750  2.212500000000e+02  1.666297203424e-02
   14800  2.220000000000e+02  2.279801494100e-02
   14850  2.227500000000e+02  3.076490446674e-02
   14900  2.235000000000e+02  4.051232520210e-02
   14950  2.242500000000e+02  5.197247775615e-02
   15000  2.250000000000e+02  6.506199221956e-02
   15050  2.257500000000e+02  7.968303559915e-02
   15100  2.265000000000e+02  9.572456978861e-02
   15150  2.272500000000e+02  1.130637759928e-01
   15200  2.280000000000e+02  1.315675212164e-01
   15250  2.287500000000e+02  1.510938653476e-01
   15300  2.295000000000e+02  1.714935825307e-01
   15350  2.302500000000e+02  1.926116683076e-01
   15400  2.310000000000e+02  2.142887717049e-01
   15450  2.317500000000e+02  2.363625669810e-01
   15500  2.325000000000e+02  2.586690358857e-01
   15550  2.332500000000e+02  2.810437177514e-01
   15600  2.340000000000e+02  3.033228469937e-01
   15650  2.347500000000e+02  3.253444057748e-01
   15700  2.355000000000e+02  3.469491194402e-01
   15750  2.362500000000e+02  3.679814341332e-01
   15800  2.370000000000e+02  3.882903957014e-01
   15850  2.377500000000e+02  4.077305449965e-01
   15900  2.385000000000e+02  4.261628017786e-01
   15950  2.392500000000e+02  4.434553116908e-01
   16000  2.400000000000e+02  4.594843181665e-01
   16050  2.407500000000e+02  4.741349466672e-01
   16100  2.415000000000e+02  4.873019733864e-01
   16150  2.422500000000e+02  4.988905568677e-01
   16200  2.430000000000e+02  5.088168977677e-01
   16250  2.437500000000e+02  5.170087950930e-01
   16300  2.445000000000e+02  5.234061435825e-01
   16350  2.452500000000e+02  5.279612365972e-01
   16400  2.460000000000e+02  5.306390377681e-01
   16450  2.467500000000e+02  5.314172712763e-01
   16500  2.475000000000e+02  5.302865124137e-01
   16550  2.482500000000e+02  5.272501957266e-01
   16600  2.490000000000e+02  5.223245640099e-01
   16650  2.497500000000e+02  5.155385887696e-01
   16700  2.505000000000e+02  5.069338235235e-01
   16750  2.512500000000e+02  4.965642873023e-01
   16800  2.520000000000e+02  4.844963741561e-01
   16850  2.527500000000e+02  4.708087296462e-01
   16900  2.535000000000e+02  4.555920675478e-01
   16950  2.542500000000e+02  4.389489726692e-01
   17000  2.550000000000e+02  4.209936262176e-01
   17050  2.557500000000e+02  4.018514617988e-01
   17100  2.565000000000e+02  3.816586933613e-01
   17150  2.572500000000e+02  3.605617211581e-01
   17200  2.580000000000e+02  3.387164501230e-01
   17250  2.587500000000e+02  3.162874402984e-01
   17300  2.595000000000e+02  2.934469302627e-01
   17350  2.602500000000e+02  2.703736938442e-01
   17400  2.610000000000e+02  2.472517224479e-01
   17450  2.617500000000e+02  2.242687774039e-01
   17500  2.625000000000e+02  2.016147829008e-01
   17550  2.632500000000e+02  1.794801560684e-01
   17600  2.640000000000e+02  1.580539857221e-01
   17650  2.647500000000e+02  1.375221850652e-01
   17700  2.655000000000e+02  1.180655476904e-01
   17750  2.662500000000e+02  9.985773528369e-02
   17800  2.670000000000e+02  8.306327083012e-02
   17850  2.677500000000e+02  6.783557768727e-02
   17900  2.685000000000e+02  5.431506133792e-02
   17950  2.692500000000e+02  4.262730995664e-02
   18000  2.700000000000e+02  3.288143517363e-02
   18050  2.707500000000e+02  2.516861600940e-02
   18100  2.715000000000e+02  1.956089824321e-02
   18150  2.722500000000e+02  1.611025727187e-02
   18200  2.730000000000e+02  1.484798643140e-02
   18250  2.737500000000e+02  1.578442206942e-02
   18300  2.745000000000e+02  1.890900996707e-02
   18350  2.752500000000e+02  2.419070834841e-02
   18400  2.760000000000e+02  3.157871287040e-02
   18450  2.767500000000e+02  4.100347624724e-02
   18500  2.775000000000e+02  5.237800160920e-02
   18550  2.782500000000e+02  6.559932418367e-02
   18600  2.790000000000e+02  8.055014617906e-02
   18650  2.797500000000e+02  9.710058681326e-02
   18700  2.805000000000e+02  1.151099700011e-01
   18750  2.812500000000e+02  1.344285868474e-01
   18800  2.820000000000e+02  1.548993911505e-01
   18850  2.827500000000e+02  1.763596346104e-01
   18900  2.835000000000e+02  1.986423716635e-01
   18950  2.842500000000e+02  2.215778234137e-01
   19000  2.850000000000e+02  2.449946131847e-01
   19050  2.857500000000e+02  2.687208992755e-01
   19100  2.865000000000e+02  2.925854299031e-01
   19150  2.872500000000e+02  3.164185118663e-01
   19200  2.880000000000e+02  3.400529331182e-01
   19250  2.887500000000e+02  3.633249033417e-01
   19300  2.895000000000e+02  3.860749709923e-01
   19350  2.902500000000e+02  4.081489729208e-01
   19400  2.910000000000e+02  4.293989758310e-01
   19450  2.917500000000e+02  4.496841799809e-01
   19500  2.925000000000e+02  4.688717826800e-01
   19550  2.932500000000e+02  4.868377536022e-01
   19600  2.940000000000e+02  5.034676105564e-01
   19650  2.947500000000e+02  5.186570903900e-01
   19700  2.955000000000e+02  5.323127077074e-01
   19750  2.962500000000e+02  5.443521917245e-01
   19800  2.970000000000e+02  5.547047728843e-01
   19850  2.977500000000e+02  5.633113203443e-01
   19900  2.985000000000e+02  5.701243452174e-01
   19950  2.992500000000e+02  5.751079310264e-01
   20000  3.000000000000e+02  5.782375141187e-01
   20050  3.007500000000e+02  5.794995927117e-01
   20100  3.015000000000e+02  5.788914012319e-01
   20150  3.022500000000e+02  5.764206182381e-01
   20200  3.030000000000e+02  5.721051361563e-01
   20250  3.037500000000e+02  5.659729822296e-01
   20300  3.045000000000e+02  5.580623811517e-01
   20350  3.052500000000e+02  5.484218548539e-01
   20400  3.060000000000e+02  5.371103974603e-01
   20450  3.067500000000e+02  5.241976144546e-01
   20500  3.075000000000e+02  5.097637917187e-01
   20550  3.082500000000e+02  4.938998721553e-01
   20600  3.090000000000e+02  4.767072377689e-01
   20650  3.097500000000e+02  4.582973356242e-01
   20700  3.105000000000e+02  4.387911327801e-01
   20750  3.112500000000e+02  4.183184074993e-01
   20800  3.120000000000e+02  3.970168668956e-01
   20850  3.127500000000e+02  3.750311504506e-01
   20900  3.135000000000e+02  3.525117423576e-01
   20950  3.142500000000e+02  3.296138753292e-01
   21000  3.150000000000e+02  3.064963491857e-01
   21050  3.157500000000e+02  2.833202981216e-01
   21100  3.165000000000e+02  2.602479240544e-01
   21150  3.172500000000e+02  2.374411947457e-01
   21200  3.180000000000e+02  2.150604380209e-01
   21250  3.187500000000e+02  1.932629087795e-01
   21300  3.195000000000e+02  1.722013204300e-01
   21350  3.202500000000e+02  1.520223091313e-01
   21400  3.210000000000e+02  1.328649275303e-01
   21450  3.217500000000e+02  1.148591351305e-01
   21500  3.225000000000e+02  9.812432689603e-02
   21550  3.232500000000e+02  8.276793523127e-02
   21600  3.240000000000e+02  6.888413974128e-02
   21650  3.247500000000e+02  5.655275274000e-02
   21700  3.255000000000e+02  4.583825883394e-02
   21750  3.262500000000e+02  3.678906089937e-02
   21800  3.270000000000e+02  2.943700590613e-02
   21850  3.277500000000e+02  2.379717191740e-02
   21900  3.285000000000e+02  1.986795707871e-02
   21950  3.292500000000e+02  1.763146290170e-02
   22000  3.300000000000e+02  1.705417789682e-02
   22050  3.307500000000e+02  1.808792883605e-02
   22100  3.315000000000e+02  2.067107991725e-02
   22150  3.322500000000e+02  2.472993380721e-02
   22200  3.330000000000e+02  3.018029044809e-02
   22250  3.337500000000e+02  3.692910573997e-02
   22300  3.345000000000e+02  4.487619904954e-02
   22350  3.352500000000e+02  5.391594090718e-02
   22400  3.360000000000e+02  6.393885770588e-02
   22450  3.367500000000e+02  7.483312421117e-02
   22500  3.375000000000e+02  8.648587640114e-02
   22550  3.382500000000e+02  9.878436326812e-02
   22600  3.390000000000e+02  1.116168793455e-01
   22650  3.397500000000e+02  1.248734752287e-01
   22700  3.405000000000e+02  1.384464999307e-01
   22750  3.412500000000e+02  1.522309918615e-01
   22800  3.420000000000e+02  1.661249230999e-01
   22850  3.427500000000e+02  1.800293148187e-01
   22900  3.435000000000e+02  1.938482733069e-01
   22950  3.442500000000e+02  2.074889605011e-01
   23000  3.450000000000e+02  2.208615130178e-01
   23050  3.457500000000e+02  2.338789947547e-01
   23100  3.465000000000e+02  2.464574126510e-01
   23150  3.472500000000e+02  2.585157869121e-01
   23200  3.480000000000e+02  2.699763569957e-01
   23250  3.487500000000e+02  2.807649189343e-01
   23300  3.495000000000e+02  2.908112460283e-01
   23350  3.502500000000e+02  3.000496124158e-01
   23400  3.510000000000e+02  3.084194156360e-01
   23450  3.517500000000e+02  3.158658458865e-01
   23500  3.525000000000e+02  3.223405519386e-01
   23550  3.532500000000e+02  3.278022321693e-01
   23600  3.540000000000e+02  3.322171047665e-01
   23650  3.547500000000e+02  3.355591996649e-01
   23700  3.555000000000e+02  3.378105427456e-01
   23750  3.562500000000e+02  3.389611949149e-01
   23800  3.570000000000e+02  3.390091889021e-01
   23850  3.577500000000e+02  3.379603056468e-01
   23900  3.585000000000e+02  3.358278137252e-01
   23950  3.592500000000e+02  3.326321866994e-01
   24000  3.600000000000e+02  3.284007941974e-01
   24050  3.607500000000e+02  3.231675607798e-01
   24100  3.615000000000e+02  3.169726751231e-01
   24150  3.622500000000e+02  3.098622979320e-01
   24200  3.630000000000e+02  3.018882905368e-01
   24250  3.637500000000e+02  2.931079623046e-01
   24300  3.645000000000e+02  2.835838188591e-01
   24350  3.652500000000e+02  2.733832740301e-01
   24400  3.660000000000e+02  2.625782779362e-01
   24450  3.667500000000e+02  2.512448962310e-01
   24500  3.675000000000e+02  2.394627674111e-01
   24550  3.682500000000e+02  2.273144606846e-01
   24600  3.690000000000e+02  2.148847504643e-01
   24650  3.697500000000e+02  2.022598398344e-01
   24700  3.705000000000e+02  1.895265083139e-01
   24750  3.712500000000e+02  1.767712387238e-01
   24800  3.720000000000e+02  1.640793874520e-01
   24850  3.727500000000e+02  1.515343084263e-01
   24900  3.735000000000e+02  1.392164973063e-01
   24950  3.742500000000e+02  1.272027716686e-01
   25000  3.750000000000e+02  1.155655174941e-01
   25050  3.757500000000e+02  1.043719327700e-01
   25100  3.765000000000e+02  9.368333683614e-02
   25150  3.772500000000e+02  8.355455299222e-02
   25200  3.780000000000e+02  7.403336479527e-02
   25250  3.787500000000e+02  6.516008220847e-02
   25300  3.795000000000e+02  5.696721983320e-02
   25350  3.802500000000e+02  4.947928709616e-02
   25400  3.810000000000e+02  4.271272640366e-02
   25450  3.817500000000e+02  3.667599757802e-02
   25500  3.825000000000e+02  3.136978952978e-02
   25550  3.832500000000e+02  2.678735882434e-02
   25600  3.840000000000e+02  2.291498845923e-02
   25650  3.847500000000e+02  1.973254453955e-02
   25700  3.855000000000e+02  1.721412095669e-02
   25750  3.862500000000e+02  1.532875241536e-02
   25800  3.870000000000e+02  1.404117023415e-02
   25850  3.877500000000e+02  1.331258533824e-02
   25900  3.885000000000e+02  1.310147568558e-02
   25950  3.892500000000e+02  1.336436026049e-02
   26000  3.900000000000e+02  1.405654264583e-02
   26050  3.907500000000e+02  1.513281142289e-02
   26100  3.915000000000e+02  1.654809002380e-02
   26150  3.922500000000e+02  1.825803237040e-02
   26200  3.930000000000e+02  2.021955479806e-02
   26250  3.937500000000e+02  2.239130227891e-02
   26300  3.945000000000e+02  2.473403577227e-02
   26350  3.952500000000e+02  2.721093653025e-02
   26400  3.960000000000e+02  2.978781795762e-02
   26450  3.967500000000e+02  3.243325507353e-02
   26500  3.975000000000e+02  3.511861588127e-02
   26550  3.982500000000e+02  3.781799816307e-02
   26600  3.990000000000e+02  4.050808896538e-02
   26650  3.997500000000e+02  4.316797600119e-02
   26700  4.005000000000e+02  4.577891000347e-02
   26750  4.012500000000e+02  4.832407240687e-02
   26800  4.020000000000e+02  5.078834861463e-02
   26850  4.027500000000e+02  5.315811317977e-02
   26900  4.035000000000e+02  5.542104552059e-02
   26950  4.042500000000e+02  5.756597415679e-02
   27000  4.050000000000e+02  5.958274249385e-02
   27050  4.057500000000e+02  6.146209321491e-02
   27100  4.065000000000e+02  6.319558314714e-02
   27150  4.072500000000e+02  6.477550545063e-02
   27200  4.080000000000e+02  6.619482920434e-02
   27250  4.087500000000e+02  6.744717232557e-02
   27300  4.095000000000e+02  6.852679376944e-02
   27350  4.102500000000e+02  6.942861773609e-02
   27400  4.110000000000e+02  7.014829223323e-02
   27450  4.117500000000e+02  7.068228009330e-02
   27500  4.125000000000e+02  7.102796704376e-02
   27550  4.132500000000e+02  7.118378973363e-02
   27600  4.140000000000e+02  7.114936478573e-02
   27650  4.147500000000e+02  7.092559553651e-02
   27700  4.155000000000e+02  7.051478608717e-02
   27750  4.162500000000e+02  6.992070861765e-02
   27800  4.170000000000e+02  6.914863543800e-02
   27850  4.177500000000e+02  6.820530958893e-02
   27900  4.185000000000e+02  6.709888951875e-02
   27950  4.192500000000e+02  6.583885994799e-02
   28000  4.200000000000e+02  6.443589861128e-02
   28050  4.207500000000e+02  6.290174098334e-02
   28100  4.215000000000e+02  6.124903285257e-02
   28150  4.222500000000e+02  5.949115421373e-02
   28200  4.230000000000e+02  5.764206089709e-02
   28250  4.237500000000e+02  5.571612393978e-02
   28300  4.245000000000e+02  5.372796585350e-02
   28350  4.252500000000e+02  5.169231561716e-02
   28400  4.260000000000e+02  4.962385355062e-02
   28450  4.267500000000e+02  4.753705981708e-02
   28500  4.275000000000e+02  4.544605463894e-02
   28550  4.282500000000e+02  4.336444443258e-02
   28600  4.290000000000e+02  4.130516957883e-02
   28650  4.297500000000e+02  3.928037280861e-02
   28700  4.305000000000e+02  3.730128102155e-02
   28750  4.312500000000e+02  3.537809569096e-02
   28800  4.320000000000e+02  3.351991804089e-02
   28850  4.327500000000e+02  3.173468050888e-02
   28900  4.335000000000e+02  3.002911104229e-02
   28950  4.342500000000e+02  2.840870691744e-02
   29000  4.350000000000e+02  2.687773180388e-02
   29050  4.357500000000e+02  2.543922878959e-02
   29100  4.365000000000e+02  2.409507414859e-02
   29150  4.372500000000e+02  2.284603197975e-02
   29200  4.380000000000e+02  2.169183164218e-02
   29250  4.387500000000e+02  2.063124790558e-02
   29300  4.395000000000e+02  1.966219574905e-02
   29350  4.402500000000e+02  1.878183038768e-02
   29400  4.410000000000e+02  1.798665684413e-02
   29450  4.417500000000e+02  1.727264663651e-02
   29500  4.425000000000e+02  1.663535658283e-02
   29550  4.432500000000e+02  1.607005200110e-02
   29600  4.440000000000e+02  1.557182403107e-02
   29650  4.447500000000e+02  1.513570776138e-02
   29700  4.455000000000e+02  1.475678917693e-02
   29750  4.462500000000e+02  1.443030076894e-02
   29800  4.470000000000e+02  1.415170490624e-02
   29850  4.477500000000e+02  1.391676620789e-02
   29900  4.485000000000e+02  1.372161004335e-02
   29950  4.492500000000e+02  1.356275996478e-02
   30000  4.500000000000e+02  1.343715930632e-02
   30050  4.507500000000e+02  1.334217688343e-02
   30100  4.515000000000e+02  1.327559901051e-02
   30150  4.522500000000e+02  1.323560841992e-02
   30200  4.530000000000e+02  1.322075627815e-02
   30250  4.537500000000e+02  1.322992823204e-02
   30300  4.545000000000e+02  1.326229874118e-02
   30350  4.552500000000e+02  1.331728416741e-02
   30400  4.560000000000e+02  1.339449063024e-02
   30450  4.567500000000e+02  1.349366238130e-02
   30500  4.575000000000e+02  1.361462332401e-02
   30550  4.582500000000e+02  1.375722382659e-02
   30600  4.590000000000e+02  1.392129028205e-02
   30650  4.597500000000e+02  1.410657787959e-02
   30700  4.605000000000e+02  1.431272825795e-02
   30750  4.612500000000e+02  1.453923427009e-02
   30800  4.620000000000e+02  1.478540751211e-02
   30850  4.627500000000e+02  1.505034871088e-02
   30900  4.635000000000e+02  1.533292760280e-02
   30950  4.642500000000e+02  1.563176587183e-02
   31000  4.650000000000e+02  1.594523206060e-02
   31050  4.657500000000e+02  1.627144112581e-02
   31100  4.665000000000e+02  1.660827185233e-02
   31150  4.672500000000e+02  1.695338850506e-02
   31200  4.680000000000e+02  1.730427749992e-02
   31250  4.687500000000e+02  1.765827809548e-02
   31300  4.695000000000e+02  1.801261786052e-02
   31350  4.702500000000e+02  1.836445233663e-02
   31400  4.710000000000e+02  1.871090111462e-02
   31450  4.717500000000e+02  1.904909469827e-02
   31500  4.725000000000e+02  1.937622368081e-02
   31550  4.732500000000e+02  1.968958942278e-02
   31600  4.740000000000e+02  1.998666063421e-02
   31650  4.747500000000e+02  2.026513122363e-02
   31700  4.755000000000e+02  2.052297674257e-02
   31750  4.762500000000e+02  2.075851591481e-02
   31800  4.770000000000e+02  2.097046909567e-02
   31850  4.777500000000e+02  2.115801021605e-02
   31900  4.785000000000e+02  2.132080428722e-02
   31950  4.792500000000e+02  2.145902067788e-02
   32000  4.800000000000e+02  2.157333699859e-02
   32050  4.807500000000e+02  2.166491180964e-02
   32100  4.815000000000e+02  2.173534599524e-02
   32150  4.822500000000e+02  2.178662699710e-02
   32200  4.830000000000e+02  2.182104988128e-02
   32250  4.837500000000e+02  2.184113864927e-02
   32300  4.845000000000e+02  2.184956528226e-02
   32350  4.852500000000e+02  2.184906510280e-02
   32400  4.860000000000e+02  2.184236246185e-02
   32450  4.867500000000e+02  2.183210926589e-02
   32500  4.875000000000e+02  2.182082980964e-02
   32550  4.882500000000e+02  2.181087130569e-02
   32600  4.890000000000e+02  2.180436593516e-02
   32650  4.897500000000e+02  2.180320165393e-02
   32700  4.905000000000e+02  2.180899848108e-02
   32750  4.912500000000e+02  2.182308645083e-02
   32800  4.920000000000e+02  2.184649744762e-02
   32850  4.927500000000e+02  2.187996271625e-02
   32900  4.935000000000e+02  2.192390829694e-02
   32950  4.942500000000e+02  2.197846038883e-02
   33000  4.950000000000e+02  2.204345166599e-02
   33050  4.957500000000e+02  2.211843665815e-02
   33100  4.965000000000e+02  2.220270602745e-02
   33150  4.972500000000e+02  2.229530861345e-02
   33200  4.980000000000e+02  2.239509179869e-02
   33250  4.987500000000e+02  2.250073023776e-02
   33300  4.995000000000e+02  2.261076286232e-02
   33350  5.002500000000e+02  2.272362164884e-02
   33400  5.010000000000e+02  2.283660623831e-02
   33450  5.017500000000e+02  2.294597490777e-02
   33500  5.025000000000e+02  2.304874146261e-02
   33550  5.032500000000e+02  2.314247566948e-02
   33600  5.040000000000e+02  2.322503138831e-02
   33650  5.047500000000e+02  2.329454326630e-02
   33700  5.055000000000e+02  2.334942769541e-02
   33750  5.062500000000e+02  2.338840242443e-02
   33800  5.070000000000e+02  2.341036122226e-02
   33850  5.077500000000e+02  2.341444235964e-02
   33900  5.085000000000e+02  2.340005524957e-02
   33950  5.092500000000e+02  2.336687714016e-02
   34000  5.100000000000e+02  2.331492264652e-02
   34050  5.107500000000e+02  2.324447955139e-02
   34100  5.115000000000e+02  2.315601371060e-02
   34150  5.122500000000e+02  2.305011397869e-02
   34200  5.130000000000e+02  2.292741866287e-02
   34250  5.137500000000e+02  2.278869908615e-02
   34300  5.145000000000e+02  2.263492412678e-02
   34350  5.152500000000e+02  2.246707320506e-02
   34400  5.160000000000e+02  2.228609049015e-02
   34450  5.167500000000e+02  2.209295168624e-02
   34500  5.175000000000e+02  2.188865282133e-02
   34550  5.182500000000e+02  2.167421506279e-02
   34600  5.190000000000e+02  2.145070725029e-02
   34650  5.197500000000e+02  2.121925769531e-02
   34700  5.205000000000e+02  2.098103333055e-02
   34750  5.212500000000e+02  2.073720444924e-02
   34800  5.220000000000e+02  2.048885928200e-02
   34850  5.227500000000e+02  2.023702154786e-02
   34900  5.235000000000e+02  1.998270257106e-02
   34950  5.242500000000e+02  1.972693217958e-02
   35000  5.250000000000e+02  1.947074323849e-02
   35050  5.257500000000e+02  1.921516375818e-02
   35100  5.265000000000e+02  1.896121618806e-02
   35150  5.272500000000e+02  1.870995002393e-02
   35200  5.280000000000e+02  1.846245447775e-02
   35250  5.287500000000e+02  1.821986393612e-02
   35300  5.295000000000e+02  1.798334291930e-02
   35350  5.302500000000e+02  1.775406611773e-02
   35400  5.310000000000e+02  1.753315761060e-02
   35450  5.317500000000e+02  1.732164803570e-02
   35500  5.325000000000e+02  1.712046364615e-02
   35550  5.332500000000e+02  1.693038317834e-02
   35600  5.340000000000e+02  1.675202454248e-02
   35650  5.347500000000e+02  1.658586081769e-02
   35700  5.355000000000e+02  1.643221829011e-02
   35750  5.362500000000e+02  1.629127049178e-02
   35800  5.370000000000e+02  1.616304849213e-02
   35850  5.377500000000e+02  1.604745809009e-02
   35900  5.385000000000e+02  1.594427458838e-02
   35950  5.392500000000e+02  1.585316571355e-02
   36000  5.400000000000e+02  1.577370730467e-02
   36050  5.407500000000e+02  1.570538378558e-02
   36100  5.415000000000e+02  1.564757107672e-02
   36150  5.422500000000e+02  1.559950756545e-02
   36200  5.430000000000e+02  1.556028423638e-02
   36250  5.437500000000e+02  1.552885161774e-02
   36300  5.445000000000e+02  1.550403230651e-02
   36350  5.452500000000e+02  1.548452376081e-02
   36400  5.460000000000e+02  1.546891304529e-02
   36450  5.467500000000e+02  1.545568030520e-02
   36500  5.475000000000e+02  1.544320676303e-02
   36550  5.482500000000e+02  1.542981604592e-02
   36600  5.490000000000e+02  1.541381320782e-02
   36650  5.497500000000e+02  1.539352582299e-02
   36700  5.505000000000e+02  1.536735400549e-02
   36750  5.512500000000e+02  1.533382542229e-02
   36800  5.520000000000e+02  1.529162691002e-02
   36850  5.527500000000e+02  1.523962758192e-02
   36900  5.535000000000e+02  1.517691119716e-02
   36950  5.542500000000e+02  1.510281107289e-02
   37000  5.550000000000e+02  1.501693626797e-02
   37050  5.557500000000e+02  1.491920057669e-02
   37100  5.565000000000e+02  1.480981851592e-02
   37150  5.572500000000e+02  1.468929679455e-02
   37200  5.580000000000e+02  1.455841143773e-02
   37250  5.587500000000e+02  1.441817968878e-02
   37300  5.595000000000e+02  1.426984620630e-02
   37350  5.602500000000e+02  1.411485118855e-02
   37400  5.610000000000e+02  1.395477061125e-02
   37450  5.617500000000e+02  1.379127851944e-02
   37500  5.625000000000e+02  1.362607614732e-02
   37550  5.632500000000e+02  1.346082762837e-02
   37600  5.640000000000e+02  1.329712338536e-02
   37650  5.647500000000e+02  1.313644227062e-02
   37700  5.655000000000e+02  1.298011843255e-02
   37750  5.662500000000e+02  1.282931068726e-02
   37800  5.670000000000e+02  1.268497913848e-02
   37850  5.677500000000e+02  1.254788282303e-02
   37900  5.685000000000e+02  1.241858130658e-02
   37950  5.692500000000e+02  1.229744516068e-02
   38000  5.700000000000e+02  1.218467997071e-02
   38050  5.707500000000e+02  1.208034389806e-02
   38100  5.715000000000e+02  1.198436945816e-02
   38150  5.722500000000e+02  1.189658258523e-02
   38200  5.730000000000e+02  1.181671748477e-02
   38250  5.737500000000e+02  1.174443119685e-02
   38300  5.745000000000e+02  1.167932150272e-02
   38350  5.752500000000e+02  1.162095009615e-02
   38400  5.760000000000e+02  1.156885857796e-02
   38450  5.767500000000e+02  1.152257920165e-02
   38500  5.775000000000e+02  1.148164939026e-02
   38550  5.782500000000e+02  1.144561846145e-02
   38600  5.790000000000e+02  1.141405070174e-02
   38650  5.797500000000e+02  1.138653676373e-02
   38700  5.805000000000e+02  1.136269737288e-02
   38750  5.812500000000e+02  1.134218557530e-02
   38800  5.820000000000e+02  1.132469238572e-02
   38850  5.827500000000e+02  1.130994484160e-02
   38900  5.835000000000e+02  1.129770485851e-02
   38950  5.842500000000e+02  1.128776828350e-02
   39000  5.850000000000e+02  1.127996131835e-02
   39050  5.857500000000e+02  1.127414000142e-02
   39100  5.865000000000e+02  1.127018517199e-02
   39150  5.872500000000e+02  1.126799592221e-02
   39200  5.880000000000e+02  1.126748566327e-02
   39250  5.887500000000e+02  1.126857833267e-02
   39300  5.895000000000e+02  1.127120420197e-02
   39350  5.902500000000e+02  1.127529332065e-02
   39400  5.910000000000e+02  1.128077375800e-02
   39450  5.917500000000e+02  1.128756307553e-02
   39500  5.925000000000e+02  1.129555848059e-02
   39550  5.932500000000e+02  1.130463253429e-02
   39600  5.940000000000e+02  1.131462498080e-02
   39650  5.947500000000e+02  1.132533467614e-02
   39700  5.955000000000e+02  1.133652019211e-02
   39750  5.962500000000e+02  1.134789801248e-02
   39800  5.970000000000e+02  1.135914159446e-02
   39850  5.977500000000e+02  1.136988516545e-02
   39900  5.985000000000e+02  1.137972934727e-02
   39950  5.992500000000e+02  1.138825663897e-02
   40000  6.000000000000e+02  1.139505045676e-02
   40050  6.007500000000e+02  1.139970945785e-02
   40100  6.015000000000e+02  1.140186315872e-02
   40150  6.022500000000e+02  1.140118902532e-02
   40200  6.030000000000e+02  1.139742872652e-02
   40250  6.037500000000e+02  1.139040599597e-02
   40300  6.045000000000e+02  1.138003803078e-02
   40350  6.052500000000e+02  1.136634854465e-02
   40400  6.060000000000e+02  1.134947764548e-02
   40450  6.067500000000e+02  1.132967849713e-02
   40500  6.075000000000e+02  1.130731152708e-02
   40550  6.082500000000e+02  1.128283174388e-02
   40600  6.090000000000e+02  1.125677453711e-02
   40650  6.097500000000e+02  1.122973590476e-02
   40700  6.105000000000e+02  1.120234375356e-02
   40750  6.112500000000e+02  1.117523072201e-02
   40800  6.120000000000e+02  1.114900498174e-02
   40850  6.127500000000e+02  1.112422296677e-02
   40900  6.135000000000e+02  1.110136683455e-02
   40950  6.142500000000e+02  1.108082063400e-02
   41000  6.150000000000e+02  1.106285283192e-02
   41050  6.157500000000e+02  1.104760733322e-02
   41100  6.165000000000e+02  1.103510227691e-02
   41150  6.172500000000e+02  1.102523590817e-02
   41200  6.180000000000e+02  1.101779873916e-02
   41250  6.187500000000e+02  1.101249334427e-02
   41300  6.195000000000e+02  1.100896267740e-02
   41350  6.202500000000e+02  1.100682108770e-02
   41400  6.210000000000e+02  1.100568684164e-02
   41450  6.217500000000e+02  1.100521387750e-02
   41500  6.225000000000e+02  1.100512037453e-02
   41550  6.232500000000e+02  1.100521197168e-02
   41600  6.240000000000e+02  1.100539750644e-02
   41650  6.247500000000e+02  1.100569638846e-02
   41700  6.255000000000e+02  1.100623794384e-02
   41750  6.262500000000e+02  1.100725217574e-02
   41800  6.270000000000e+02  1.100905383981e-02
   41850  6.277500000000e+02  1.101202121208e-02
   41900  6.285000000000e+02  1.101657075941e-02
   41950  6.292500000000e+02  1.102313030851e-02
   42000  6.300000000000e+02  1.103211371288e-02
   42050  6.307500000000e+02  1.104389754530e-02
   42100  6.315000000000e+02  1.105880274439e-02
   42150  6.322500000000e+02  1.107708199092e-02
   42200  6.330000000000e+02  1.109891548759e-02
   42250  6.337500000000e+02  1.112441350215e-02
   42300  6.345000000000e+02  1.115362372492e-02
   42350  6.352500000000e+02  1.118654341839e-02
   42400  6.360000000000e+02  1.122313225897e-02
   42450  6.367500000000e+02  1.126332626460e-02
   42500  6.375000000000e+02  1.130705057387e-02
   42550  6.382500000000e+02  1.135422906758e-02
   42600  6.390000000000e+02  1.140479015849e-02
   42650  6.397500000000e+02  1.145866724140e-02
   42700  6.405000000000e+02  1.151579883993e-02
   42750  6.412500000000e+02  1.157612924206e-02
   42800  6.420000000000e+02  1.163960321853e-02
   42850  6.427500000000e+02  1.170615629150e-02
   42900  6.435000000000e+02  1.177571020150e-02
   42950  6.442500000000e+02  1.184816154618e-02
   43000  6.450000000000e+02  1.192337378626e-02
   43050  6.457500000000e+02  1.200116359079e-02
   43100  6.465000000000e+02  1.208128481272e-02
   43150  6.472500000000e+02  1.216341975737e-02
   43200  6.480000000000e+02  1.224717025338e-02
   43250  6.487500000000e+02  1.233204951619e-02
   43300  6.495000000000e+02  1.241747767684e-02
   43350  6.502500000000e+02  1.250278464053e-02
   43400  6.510000000000e+02  1.258722471234e-02
   43450  6.517500000000e+02  1.266998914542e-02
   43500  6.525000000000e+02  1.275022669665e-02
   43550  6.532500000000e+02  1.282707181960e-02
   43600  6.540000000000e+02  1.289967583235e-02
   43650  6.547500000000e+02  1.296724538715e-02
   43700  6.555000000000e+02  1.302907796548e-02
   43750  6.562500000000e+02  1.308459129020e-02
   43800  6.570000000000e+02  1.313335717759e-02
   43850  6.577500000000e+02  1.317512948490e-02
   43900  6.585000000000e+02  1.320985676624e-02
   43950  6.592500000000e+02  1.323769755269e-02
   44000  6.600000000000e+02  1.325901754837e-02
   44050  6.607500000000e+02  1.327437854157e-02
   44100  6.615000000000e+02  1.328452905586e-02
   44150  6.622500000000e+02  1.329037612858e-02
   44200  6.630000000000e+02  1.329296947531e-02
   44250  6.637500000000e+02  1.329347218981e-02
   44300  6.645000000000e+02  1.329312605078e-02
   44350  6.652500000000e+02  1.329322225239e-02
   44400  6.660000000000e+02  1.329507501104e-02
   44450  6.667500000000e+02  1.329999109430e-02
   44500  6.675000000000e+02  1.330925445799e-02
   44550  6.682500000000e+02  1.332411550792e-02
   44600  6.690000000000e+02  1.334579042108e-02
   44650  6.697500000000e+02  1.337546052545e-02
   44700  6.705000000000e+02  1.341427504007e-02
   44750  6.712500000000e+02  1.346335928661e-02
   44800  6.720000000000e+02  1.352382493649e-02
   44850  6.727500000000e+02  1.359678495877e-02
   44900  6.735000000000e+02  1.368335650755e-02
   44950  6.742500000000e+02  1.378465804986e-02
   45000  6.750000000000e+02  1.390181193637e-02
   45050  6.757500000000e+02  1.403592492360e-02
   45100  6.765000000000e+02  1.418806223234e-02
   45150  6.772500000000e+02  1.435921563851e-02
   45200  6.780000000000e+02  1.455027231943e-02
   45250  6.787500000000e+02  1.476197673612e-02
   45300  6.795000000000e+02  1.499488478690e-02
   45350  6.802500000000e+02  1.524931800342e-02
   45400  6.810000000000e+02  1.552531560497e-02
   45450  6.817500000000e+02  1.582260186352e-02
   45500  6.825000000000e+02  1.614055237920e-02
   45550  6.832500000000e+02  1.647817688166e-02
   45600  6.840000000000e+02  1.683410694325e-02
   45650  6.847500000000e+02  1.720660382440e-02
   45700  6.855000000000e+02  1.759356912450e-02
   45750  6.862500000000e+02  1.799257480116e-02
   45800  6.870000000000e+02  1.840090855880e-02
   45850  6.877500000000e+02  1.881562513356e-02
   45900  6.885000000000e+02  1.923360188911e-02
   45950  6.892500000000e+02  1.965160181780e-02
   46000  6.900000000000e+02  2.006632554981e-02
   46050  6.907500000000e+02  2.047446568528e-02
   46100  6.915000000000e+02  2.087276934908e-02
   46150  6.922500000000e+02  2.125808807634e-02
   46200  6.930000000000e+02  2.162743534829e-02
   46250  6.937500000000e+02  2.197805698636e-02
   46300  6.945000000000e+02  2.230746880974e-02
   46350  6.952500000000e+02  2.261351823387e-02
   46400  6.960000000000e+02  2.289441158356e-02
   46450  6.967500000000e+02  2.314874513822e-02
   46500  6.975000000000e+02  2.337551020854e-02
   46550  6.982500000000e+02  2.357412484394e-02
   46600  6.990000000000e+02  2.374445515791e-02
   46650  6.997500000000e+02  2.388681473918e-02
