# coord. kx ky kz (red. coord.), bands:    34 [H]
     0.00000000    0.00000000    0.00000000    0.00000000    -4.58036049    -4.57933706    -2.89822179    -2.89783287    -2.89783240    -2.89778335    -2.89763126    -2.89758758    -0.82712988    -0.79130240    -0.79087282    -0.78597641    -0.78547337    -0.77923501    -0.76836663    -0.76571485    -0.75425765    -0.75262606    -0.67900869    -0.58206640    -0.32459667    -0.16731618    -0.16433093    -0.13896983    -0.13779751    -0.13551475    -0.01471092     0.14089672     0.25135824     0.41906315     0.41907642     0.45659819     0.46344240     0.46350067
     0.01110960    0.03333333   -0.00000000    0.00000000    -4.58036761    -4.57934792    -2.89822526    -2.89783466    -2.89783170    -2.89778519    -2.89763269    -2.89758945    -0.82723515    -0.79186129    -0.79057814    -0.78590967    -0.78522527    -0.77897608    -0.76846535    -0.76573923    -0.75441787    -0.75262761    -0.67823103    -0.58176004    -0.32408708    -0.16892860    -0.16497629    -0.14082710    -0.13846361    -0.13593350    -0.01225739     0.14255706     0.25135223     0.41390707     0.41947114     0.45722669     0.46016639     0.46405750
     0.02221919    0.06666667   -0.00000000    0.00000000    -4.58038601    -4.57938010    -2.89823643    -2.89784083    -2.89782981    -2.89778921    -2.89763712    -2.89759527    -0.82759329    -0.79306590    -0.79022323    -0.78552474    -0.78456695    -0.77821381    -0.76874915    -0.76578821    -0.75491053    -0.75260153    -0.67593817    -0.58086785    -0.32253611    -0.17374167    -0.16687209    -0.14705746    -0.13946920    -0.13692108    -0.00541413     0.14739276     0.25132865     0.40073043     0.42065140     0.45002139     0.45979285     0.46558429
     0.03332879    0.10000000   -0.00000000    0.00000000    -4.58041471    -4.57943239    -2.89825361    -2.89785083    -2.89783473    -2.89778875    -2.89764442    -2.89760479    -0.82820848    -0.79505260    -0.78970383    -0.78481391    -0.78346584    -0.77698005    -0.76918490    -0.76580133    -0.75572910    -0.75252381    -0.67223743    -0.57944280    -0.31997225    -0.18160995    -0.16977480    -0.15637677    -0.14093444    -0.13837975     0.00468321     0.15497022     0.25128069     0.38337424     0.42256826     0.43653574     0.46198188     0.46754885
     0.04443838    0.13333333   -0.00000000    0.00000000    -4.58045216    -4.57950286    -2.89827465    -2.89786443    -2.89785071    -2.89778051    -2.89765434    -2.89761765    -0.82907839    -0.79770302    -0.78905155    -0.78385489    -0.78196024    -0.77533048    -0.76971621    -0.76568234    -0.75681524    -0.75240111    -0.66727744    -0.57756887    -0.31644507    -0.19206442    -0.17354113    -0.16744163    -0.14295164    -0.14032104     0.01693840     0.16465420     0.25119248     0.36449595     0.42113522     0.42512740     0.46295217     0.46916497
     0.05554798    0.16666667   -0.00000000    0.00000000    -4.58049628    -4.57958887    -2.89829748    -2.89788157    -2.89787379    -2.89776872    -2.89766651    -2.89763325    -0.83018631    -0.80081646    -0.78832451    -0.78282100    -0.78012449    -0.77335381    -0.77024946    -0.76530839    -0.75808044    -0.75225048    -0.66122205    -0.57535706    -0.31202978    -0.20448255    -0.17937305    -0.17799621    -0.14554304    -0.14269742     0.03055230     0.17568264     0.25102956     0.34559253     0.40537912     0.42816663     0.45968809     0.46963324
     0.06665757    0.20000000   -0.00000000    0.00000000    -4.58054462    -4.57968724    -2.89832033    -2.89790452    -2.89789804    -2.89775669    -2.89768038    -2.89765083    -0.83149642    -0.80419082    -0.78759854    -0.78190293    -0.77809825    -0.77133248    -0.77047299    -0.76455702    -0.75942061    -0.75208558    -0.65423509    -0.57294264    -0.30683599    -0.21815992    -0.19163351    -0.18293828    -0.14871777    -0.14542274     0.04499132     0.18721363     0.25071843     0.32748914     0.39034111     0.43143339     0.45009014     0.46857396
     0.07776717    0.23333333   -0.00000000    0.00000000    -4.58059444    -4.57979431    -2.89834183    -2.89793388    -2.89792033    -2.89774624    -2.89769511    -2.89766945    -0.83295388    -0.80764543    -0.78697216    -0.78124060    -0.77613824    -0.77092462    -0.76862771    -0.76337142    -0.76070212    -0.75191377    -0.64647768    -0.57048477    -0.30102669    -0.23238082    -0.20386063    -0.18814639    -0.15247332    -0.14838305     0.05989360     0.19835646     0.25010382     0.31066775     0.37681519     0.43454533     0.43704765     0.46632884
     0.08887676    0.26666667   -0.00000000    0.00000000    -4.58064290    -4.57990608    -2.89836101    -2.89796473    -2.89794331    -2.89773948    -2.89770874    -2.89768805    -0.83448927    -0.81102519    -0.78655128    -0.78088192    -0.77463926    -0.77035239    -0.76631286    -0.76228023    -0.76127546    -0.75173617    -0.63811504    -0.56816781    -0.29487026    -0.24643195    -0.21572026    -0.19339904    -0.15678740    -0.15144626     0.07499427     0.20823495     0.24886939     0.29547419     0.36540003     0.42425930     0.43693679     0.46384749
     0.09998636    0.30000000   -0.00000000    0.00000000    -4.58068723    -4.58001832    -2.89837724    -2.89799499    -2.89796675    -2.89774179    -2.89771560    -2.89770553    -0.83602519    -0.81419937    -0.78640820    -0.78078822    -0.77374379    -0.76923533    -0.76415443    -0.76272623    -0.75955737    -0.75154861    -0.62932869    -0.56620170    -0.28893813    -0.25944369    -0.22682221    -0.19847890    -0.16160417    -0.15447200     0.09007649     0.21613682     0.24643156     0.28230057     0.35642586     0.41375588     0.43792178     0.46227630
     0.11109595    0.33333333   -0.00000000    0.00000000    -4.58072495    -4.58012664    -2.89839023    -2.89802324    -2.89798974    -2.89775374    -2.89772147    -2.89771390    -0.83748314    -0.81705917    -0.78653925    -0.78087723    -0.77310147    -0.76836007    -0.76301309    -0.76185006    -0.75749076    -0.75134391    -0.62033174    -0.56481603    -0.28523872    -0.26933194    -0.23662436    -0.20317993    -0.16681494    -0.15732026     0.10493665     0.22171910     0.24195254     0.27172176     0.34977752     0.40658217     0.43719729     0.46225941
     0.12220555    0.36666667   -0.00000000    0.00000000    -4.58075415    -4.58022657    -2.89840003    -2.89804824    -2.89801113    -2.89776763    -2.89773459    -2.89771101    -0.83878935    -0.81951547    -0.78686371    -0.78106320    -0.77248416    -0.76824596    -0.76210338    -0.76018004    -0.75549299    -0.75111746    -0.61138753    -0.56423909    -0.28899531    -0.27124788    -0.24422037    -0.20731345    -0.17222912    -0.15985862     0.11934819     0.22508888     0.23491885     0.26418492     0.34490272     0.40305798     0.43530682     0.46344924
     0.13331514    0.40000000   -0.00000000    0.00000000    -4.58077379    -4.58031344    -2.89840695    -2.89806893    -2.89802961    -2.89778009    -2.89774512    -2.89770855    -0.83987908    -0.82149710    -0.78726514    -0.78127528    -0.77188273    -0.76858208    -0.76089711    -0.75881567    -0.75374694    -0.75087862    -0.60283849    -0.56464767    -0.29646376    -0.27004675    -0.24811209    -0.21071407    -0.17752875    -0.16196852     0.13299422     0.22531395     0.22736562     0.25933211     0.34121734     0.40262469     0.43311273     0.46507441
     0.14442474    0.43333333   -0.00000000    0.00000000    -4.58078420    -4.58038226    -2.89841150    -2.89808442    -2.89804388    -2.89778973    -2.89775282    -2.89770690    -0.84069967    -0.82294965    -0.78763379    -0.78146131    -0.77135701    -0.76899883    -0.75982465    -0.75784915    -0.75238083    -0.75066504    -0.59517499    -0.56605468    -0.30274105    -0.27095229    -0.24783862    -0.21324535    -0.18220703    -0.16355102     0.14529002     0.21621326     0.22754158     0.25637865     0.33848503     0.40395774     0.43123057     0.46655027
     0.15553433    0.46666667   -0.00000000    0.00000000    -4.58078729    -4.58042761    -2.89841425    -2.89809404    -2.89805279    -2.89779574    -2.89775759    -2.89770599    -0.84121237    -0.82383470    -0.78788762    -0.78158628    -0.77097628    -0.76932817    -0.75911205    -0.75728378    -0.75148267    -0.75053955    -0.58925721    -0.56802674    -0.30671833    -0.27264426    -0.24602570    -0.21480502    -0.18553793    -0.16453165     0.15487985     0.20815286     0.22759954     0.25478432     0.33676256     0.40552860     0.42999616     0.46754426
     0.16664393    0.50000000   -0.00000000    0.00000000    -4.58078602    -4.58044441    -2.89841560    -2.89809734    -2.89805555    -2.89779769    -2.89775936    -2.89770573    -0.84139350    -0.82412939    -0.78797751    -0.78163017    -0.77082986    -0.76946248    -0.75886305    -0.75709125    -0.75115525    -0.75051390    -0.58680092    -0.56913560    -0.30805482    -0.27330189    -0.24526537    -0.21532977    -0.18674171    -0.16486415     0.15884346     0.20467461     0.22757740     0.25427938     0.33616906     0.40619209     0.42956906     0.46789209
     0.17539047    0.48484848    0.03030303    0.00000000    -4.58078808    -4.58044893    -2.89841384    -2.89810084    -2.89805705    -2.89780769    -2.89774969    -2.89770306    -0.84122112    -0.82410317    -0.78784345    -0.78180436    -0.77069208    -0.76945582    -0.75892980    -0.75718855    -0.75126818    -0.75059966    -0.58657007    -0.56898520    -0.30778211    -0.27322560    -0.24509739    -0.21611622    -0.18699112    -0.16552481     0.15974438     0.20559252     0.22768459     0.25433336     0.33620970     0.40632025     0.42672811     0.46627988
     0.18413700    0.46969697    0.06060606    0.00000000    -4.58078998    -4.58045944    -2.89840884    -2.89811269    -2.89806122    -2.89782810    -2.89773135    -2.89769541    -0.84074618    -0.82406824    -0.78754431    -0.78214409    -0.77034042    -0.76942813    -0.75910985    -0.75745668    -0.75157603    -0.75086100    -0.58588952    -0.56856363    -0.30697461    -0.27288398    -0.24457106    -0.21843756    -0.18765603    -0.16765995     0.16241562     0.20822313     0.22799864     0.25452048     0.33633288     0.40656045     0.41932314     0.46178184
     0.19288354    0.45454545    0.09090909    0.00000000    -4.58079140    -4.58047558    -2.89840076    -2.89813103    -2.89806802    -2.89785040    -2.89771262    -2.89768436    -0.83999215    -0.82404945    -0.78725340    -0.78237957    -0.76990287    -0.76933347    -0.75939675    -0.75788836    -0.75205034    -0.75128485    -0.58478417    -0.56791803    -0.30563677    -0.27231172    -0.24384094    -0.22196322    -0.18875231    -0.17108042     0.16669832     0.21224756     0.22849740     0.25483678     0.33654249     0.40488493     0.41136526     0.45526999
     0.20163008    0.43939394    0.12121212    0.00000000    -4.58079191    -4.58049674    -2.89838987    -2.89815343    -2.89807745    -2.89787258    -2.89769514    -2.89767174    -0.83899640    -0.82408278    -0.78726975    -0.78211012    -0.76962587    -0.76900714    -0.75978012    -0.75847281    -0.75265457    -0.75184417    -0.58329364    -0.56712440    -0.30377615    -0.27156843    -0.24335088    -0.22598255    -0.19030413    -0.17549490     0.17235426     0.21716618     0.22914333     0.25525856     0.33684146     0.39531107     0.41057598     0.44783859
     0.21037662    0.42424242    0.15151515    0.00000000    -4.58079091    -4.58052215    -2.89837664    -2.89817736    -2.89808945    -2.89789368    -2.89767946    -2.89765919    -0.83780745    -0.82420850    -0.78772003    -0.78113098    -0.76952605    -0.76849119    -0.76024716    -0.75919579    -0.75335383    -0.75249568    -0.58147005    -0.56628442    -0.30140318    -0.27074309    -0.24424226    -0.22902741    -0.19233951    -0.18053652     0.17909720     0.22235649     0.22988325     0.25570667     0.33722679     0.38387033     0.41211890     0.44060535
     0.21912316    0.40909091    0.18181818    0.00000000    -4.58078772    -4.58055085    -2.89836183    -2.89820030    -2.89810394    -2.89791296    -2.89766580    -2.89764792    -0.83648110    -0.82446295    -0.78841569    -0.77958675    -0.76945348    -0.76796853    -0.76078614    -0.76003675    -0.75412525    -0.75317891    -0.57937552    -0.56552113    -0.29853176    -0.26995875    -0.24779416    -0.22946145    -0.19487291    -0.18580006     0.18662373     0.22717262     0.23064949     0.25598888     0.33768617     0.37296945     0.41437793     0.43464061
     0.22786969    0.39393939    0.21212121    0.00000000    -4.58078156    -4.58058177    -2.89834682    -2.89821951    -2.89812077    -2.89792979    -2.89765422    -2.89763874    -0.83507548    -0.82487037    -0.78914710    -0.77768133    -0.76936460    -0.76749548    -0.76139713    -0.76095696    -0.75496072    -0.75382337    -0.57707988    -0.56497338    -0.29518212    -0.26937375    -0.25329734    -0.22762731    -0.19785031    -0.19091407     0.19463882     0.23106479     0.23136738     0.25576554     0.33820531     0.36326807     0.41723065     0.43091017
     0.23661623    0.37878788    0.24242424    0.00000000    -4.58077162    -4.58061374    -2.89833401    -2.89823153    -2.89813969    -2.89794363    -2.89764474    -2.89763209    -0.83364566    -0.82543651    -0.78979126    -0.77557415    -0.76924787    -0.76708356    -0.76215117    -0.76183666    -0.75585297    -0.75437075    -0.57465883    -0.56478888    -0.29139028    -0.26917283    -0.25934637    -0.22456023    -0.20106220    -0.19565061     0.20287450     0.23194433     0.23363513     0.25467159     0.33879479     0.35513822     0.42066758     0.43014027
     0.24536277    0.36363636    0.27272727    0.00000000    -4.58075709    -4.58064551    -2.89832645    -2.89823260    -2.89816035    -2.89795404    -2.89763728    -2.89762814    -0.83223915    -0.82614449    -0.79028488    -0.77341416    -0.76911148    -0.76671902    -0.76309868    -0.76255825    -0.75678381    -0.75479130    -0.57219263    -0.56511522    -0.28724198    -0.26955227    -0.26501098    -0.22077418    -0.20424924    -0.19986155     0.21110142     0.23232860     0.23437433     0.25273148     0.33952109     0.34880537     0.42465854     0.43263035
     0.25410931    0.34848485    0.30303030    0.00000000    -4.58073727    -4.58067577    -2.89832443    -2.89822196    -2.89818230    -2.89796067    -2.89763178    -2.89762680    -0.83089761    -0.82694954    -0.79060003    -0.77138466    -0.76899474    -0.76635519    -0.76402990    -0.76322560    -0.75772920    -0.75507863    -0.56976615    -0.56608778    -0.28303589    -0.27084367    -0.26925841    -0.21650081    -0.20772000    -0.20292584     0.21913100     0.23233066     0.23249827     0.25084397     0.34050199     0.34437831     0.42899599     0.43816203
     0.26285584    0.33333333    0.33333333    0.00000000    -4.58071354    -4.58070123    -2.89832422    -2.89820549    -2.89820268    -2.89796329    -2.89762827    -2.89762771    -0.82970388    -0.82773384    -0.79073039    -0.76978699    -0.76895058    -0.76593650    -0.76474657    -0.76381827    -0.75866333    -0.75523988    -0.56789759    -0.56738741    -0.28019310    -0.27200314    -0.27131906    -0.21222105    -0.21176268    -0.20405319     0.22675524     0.22678568     0.23246551     0.25012903     0.34185591     0.34186614     0.43204153     0.44610494
     0.27660040    0.30952381    0.30952381    0.00000000    -4.58075599    -4.58065155    -2.89831934    -2.89823980    -2.89816347    -2.89795660    -2.89763586    -2.89762641    -0.83145162    -0.82665933    -0.79045994    -0.77150023    -0.76920596    -0.76706248    -0.76502161    -0.76293674    -0.75598669    -0.75493657    -0.57200391    -0.56478403    -0.28296663    -0.27547840    -0.26349302    -0.21991441    -0.20437013    -0.20189355     0.21215130     0.23160050     0.23834631     0.25136929     0.34150778     0.34500330     0.41760365     0.44762163
     0.29034496    0.28571429    0.28571429    0.00000000    -4.58078496    -4.58058318    -2.89830084    -2.89827534    -2.89812028    -2.89793978    -2.89764632    -2.89762931    -0.83298412    -0.82547876    -0.78982637    -0.77320004    -0.76996458    -0.76840432    -0.76511941    -0.76199642    -0.75449125    -0.75380242    -0.57876057    -0.56246202    -0.28324459    -0.27832414    -0.25354016    -0.22882149    -0.19715436    -0.19621739     0.19360701     0.23097082     0.24817803     0.25420468     0.34483636     0.34960898     0.39673879     0.45825616
     0.30408952    0.26190476    0.26190476    0.00000000    -4.58079764    -4.58049541    -2.89830714    -2.89826853    -2.89807776    -2.89791377    -2.89765758    -2.89763620    -0.83412610    -0.82403600    -0.78886951    -0.77487314    -0.77097809    -0.76983746    -0.76488735    -0.76139143    -0.75399315    -0.75257104    -0.58746610    -0.56114400    -0.28005684    -0.27951929    -0.24265310    -0.23785315    -0.19077678    -0.18804333     0.17314616     0.23027244     0.25627103     0.25842360     0.35023966     0.35589568     0.37901501     0.47004676
     0.31783408    0.23809524    0.23809524    0.00000000    -4.58079261    -4.58038901    -2.89833232    -2.89822457    -2.89803719    -2.89788030    -2.89766765    -2.89764676    -0.83477864    -0.82217838    -0.78763369    -0.77658293    -0.77203905    -0.77124338    -0.76439214    -0.76132215    -0.75352528    -0.75247287    -0.59768480    -0.56094680    -0.27957187    -0.27307771    -0.24589061    -0.23122170    -0.18347537    -0.18008221     0.15184685     0.22944659     0.26159221     0.26425781     0.35163352     0.36406657     0.37222434     0.48166884
     0.33157864    0.21428571    0.21428571    0.00000000    -4.58077003    -4.58026636    -2.89834924    -2.89817130    -2.89799944    -2.89784173    -2.89767490    -2.89766048    -0.83490465    -0.81980209    -0.78618812    -0.77839190    -0.77338061    -0.77216639    -0.76368804    -0.76190815    -0.75350328    -0.75313663    -0.60886232    -0.56184925    -0.27994463    -0.26315618    -0.25042069    -0.21963398    -0.17578117    -0.17254178     0.13033926     0.22788451     0.26272782     0.27204362     0.34707149     0.37427689     0.38039567     0.49199293
     0.34532320    0.19047619    0.19047619    0.00000000    -4.58073162    -4.58013136    -2.89835656    -2.89811204    -2.89796497    -2.89780114    -2.89767830    -2.89767639    -0.83452456    -0.81686735    -0.78465275    -0.78029477    -0.77506057    -0.77244566    -0.76322560    -0.76278456    -0.75548294    -0.75283843    -0.62043072    -0.56370221    -0.28380194    -0.25066079    -0.24825177    -0.20828149    -0.16811290    -0.16558412     0.10901165     0.22422285     0.25965239     0.28212024     0.34765403     0.38657629     0.39344184     0.50022155
     0.35906776    0.16666667    0.16666667    0.00000000    -4.58068051    -4.57998927    -2.89835386    -2.89805046    -2.89793384    -2.89776362    -2.89769153    -2.89767752    -0.83371019    -0.81340408    -0.78322712    -0.78222942    -0.77684112    -0.77229675    -0.76515439    -0.76180802    -0.75804720    -0.75262206    -0.63187710    -0.56626875    -0.29068331    -0.24004362    -0.23610753    -0.19755207    -0.16080940    -0.15932388     0.08811819     0.21660974     0.25538736     0.29477302     0.35512627     0.40082008     0.40740454     0.50684025
     0.37281232    0.14285714    0.14285714    0.00000000    -4.58062094    -4.57984638    -2.89834166    -2.89799040    -2.89790581    -2.89774490    -2.89769197    -2.89767293    -0.83257617    -0.80951401    -0.78412201    -0.78221181    -0.77860449    -0.77183713    -0.76760952    -0.76140331    -0.76002263    -0.75248143    -0.64277106    -0.56927184    -0.29841203    -0.22827936    -0.22020841    -0.18776659    -0.15414354    -0.15383200     0.06784889     0.20467414     0.25268570     0.31017602     0.36770757     0.41650760     0.41968734     0.50037687
     0.38655688    0.11904762    0.11904762    0.00000000    -4.58055789    -4.57970955    -2.89832154    -2.89793579    -2.89788018    -2.89775645    -2.89766762    -2.89766533    -0.83126831    -0.80537231    -0.78589524    -0.78200289    -0.78021655    -0.77117353    -0.77034434    -0.76338568    -0.75907230    -0.75241347    -0.65276004    -0.57242976    -0.30580011    -0.21478970    -0.20366888    -0.17908198    -0.14914579    -0.14832758     0.04839387     0.19023453     0.25158312     0.32831858     0.38365615     0.42770189     0.43245675     0.49186588
     0.40030144    0.09523810    0.09523810    0.00000000    -4.58049663    -4.57958578    -2.89829609    -2.89789127    -2.89785526    -2.89777697    -2.89765631    -2.89763989    -0.82994756    -0.80122863    -0.78748402    -0.78278087    -0.78159229    -0.77309383    -0.77040120    -0.76486285    -0.75772882    -0.75241259    -0.66154358    -0.57547391    -0.31228841    -0.20091737    -0.18766951    -0.17121607    -0.14528286    -0.14351776     0.03002904     0.17537990     0.25128052     0.34889531     0.40125458     0.43096906     0.44633167     0.48279474
     0.41404600    0.07142857    0.07142857    0.00000000    -4.58044228    -4.57948165    -2.89826888    -2.89786163    -2.89782870    -2.89779804    -2.89764689    -2.89761703    -0.82876904    -0.79740389    -0.78882245    -0.78397229    -0.78297320    -0.77556782    -0.76963636    -0.76554193    -0.75640382    -0.75246458    -0.66883959    -0.57815651    -0.31756886    -0.18794016    -0.17490670    -0.16246872    -0.14225294    -0.13981933     0.01325583     0.16173746     0.25126617     0.37110057     0.41636175     0.43398095     0.45515162     0.47447449
     0.42779056    0.04761905    0.04761905    0.00000000    -4.58039935    -4.57940283    -2.89824434    -2.89784468    -2.89781650    -2.89780428    -2.89763871    -2.89760052    -0.82785928    -0.79427262    -0.78984173    -0.78503116    -0.78427403    -0.77752842    -0.76897816    -0.76572999    -0.75527741    -0.75254205    -0.67436092    -0.58025808    -0.32145130    -0.17717737    -0.16813178    -0.15141187    -0.14005937    -0.13728447    -0.00097213     0.15067954     0.25131399     0.39317137     0.42047414     0.44562682     0.45821341     0.46804459
     0.44153512    0.02380952    0.02380952    0.00000000    -4.58037134    -4.57935373    -2.89822730    -2.89783549    -2.89782889    -2.89778852    -2.89763316    -2.89759071    -0.82730017    -0.79220433    -0.79048192    -0.78574034    -0.78516353    -0.77879240    -0.76852795    -0.76573217    -0.75452195    -0.75260631    -0.67782491    -0.58160074    -0.32381632    -0.16994280    -0.16513731    -0.14220698    -0.13865744    -0.13588713    -0.01100023     0.14342645     0.25134884     0.41138886     0.41963364     0.45760046     0.45829160     0.46447065
     0.45527968    0.00000000    0.00000000    0.00000000    -4.58036049    -4.57933706    -2.89822179    -2.89783287    -2.89783240    -2.89778335    -2.89763126    -2.89758758    -0.82712988    -0.79130240    -0.79087282    -0.78597641    -0.78547337    -0.77923501    -0.76836663    -0.76571485    -0.75425765    -0.75262606    -0.67900869    -0.58206640    -0.32459667    -0.16731618    -0.16433093    -0.13896983    -0.13779751    -0.13551475    -0.01471092     0.14089672     0.25135824     0.41906315     0.41907642     0.45659819     0.46344240     0.46350067
     0.46124239    0.00000000    0.00000000    0.03333333    -4.58035776    -4.57933993    -2.89822050    -2.89783323    -2.89783232    -2.89778282    -2.89763181    -2.89758811    -0.82704582    -0.79135971    -0.79093943    -0.78599795    -0.78549158    -0.77927379    -0.76830858    -0.76565787    -0.75428213    -0.75264588    -0.67879364    -0.58246207    -0.32403010    -0.16723587    -0.16425102    -0.13946440    -0.13813221    -0.13559261    -0.01396463     0.14054654     0.25165034     0.41906410     0.41907739     0.45498379     0.46314577     0.46320371
     0.46720510    0.00000000    0.00000000    0.06666667    -4.58034959    -4.57934852    -2.89821663    -2.89783574    -2.89783066    -2.89778120    -2.89763345    -2.89758970    -0.82679424    -0.79160918    -0.79105928    -0.78606572    -0.78553990    -0.77938858    -0.76813613    -0.76548876    -0.75435571    -0.75270564    -0.67815097    -0.58363516    -0.32234554    -0.16699583    -0.16401223    -0.14144629    -0.13858681    -0.13582424    -0.01177907     0.13950022     0.25252632     0.41907099     0.41908436     0.45036008     0.46227053     0.46232752
     0.47316781    0.00000000    0.00000000    0.10000000    -4.58033606    -4.57936272    -2.89821025    -2.89783991    -2.89782791    -2.89777854    -2.89763616    -2.89759234    -0.82637690    -0.79213985    -0.79113566    -0.78618720    -0.78560199    -0.77957488    -0.76785426    -0.76521275    -0.75447882    -0.75280623    -0.67708792    -0.58554547    -0.31958679    -0.16659885    -0.16361734    -0.14490106    -0.13903562    -0.13620648    -0.00829763     0.13777013     0.25398530     0.41909565     0.41910916     0.44326966     0.46085869     0.46091415
     0.47913052    0.00000000    0.00000000    0.13333333    -4.58031732    -4.57938237    -2.89820146    -2.89784574    -2.89782411    -2.89777485    -2.89763992    -2.89759599    -0.82579678    -0.79292324    -0.79118356    -0.78636778    -0.78565970    -0.77982586    -0.76747079    -0.76483807    -0.75465214    -0.75294900    -0.67561595    -0.58813090    -0.31582187    -0.16604951    -0.16307105    -0.14952670    -0.13958983    -0.13673550    -0.00371495     0.13537596     0.25602633     0.41915663     0.41917036     0.43435313     0.45897438     0.45902786
     0.48509323    0.00000000    0.00000000    0.16666667    -4.58029355    -4.57940723    -2.89819042    -2.89785321    -2.89781930    -2.89777018    -2.89764468    -2.89760062    -0.82505801    -0.79392616    -0.79121680    -0.78660480    -0.78570085    -0.78013312    -0.76699578    -0.76437520    -0.75487641    -0.75313564    -0.67374993    -0.59131357    -0.31113678    -0.16535413    -0.16238022    -0.15509787    -0.14027290    -0.13740596     0.00176259     0.13234362     0.25864892     0.41927770     0.41929174     0.42419140     0.45669672     0.45674786
     0.49105594    0.00000000    0.00000000    0.20000000    -4.58026500    -4.57943702    -2.89817731    -2.89786229    -2.89781352    -2.89776457    -2.89765039    -2.89760617    -0.82416591    -0.79512453    -0.79123504    -0.78688940    -0.78571887    -0.78048732    -0.76644088    -0.76383617    -0.75515239    -0.75336792    -0.67150722    -0.59500637    -0.30562879    -0.16452088    -0.16162985    -0.16135087    -0.14108555    -0.13821095     0.00794314     0.12870399     0.26185351     0.41325126     0.41948604     0.41950050     0.45411239     0.45416095
     0.49701865    0.00000000    0.00000000    0.23333333    -4.58023195    -4.57947138    -2.89816232    -2.89787296    -2.89780685    -2.89775810    -2.89765700    -2.89761258    -0.82312699    -0.79649490    -0.79123370    -0.78721111    -0.78570899    -0.78087870    -0.76581866    -0.76323387    -0.75548067    -0.75364754    -0.66890693    -0.59911895    -0.29940020    -0.16837184    -0.16355865    -0.16059052    -0.14202186    -0.13914205     0.01466075     0.12449174     0.26564167     0.40188882     0.41981035     0.41982537     0.45130917     0.45135500
     0.50298135    0.00000000    0.00000000    0.26666667    -4.58019475    -4.57950993    -2.89814570    -2.89788516    -2.89779936    -2.89775083    -2.89766442    -2.89761979    -0.82194893    -0.79801276    -0.79120737    -0.78755990    -0.78566670    -0.78129746    -0.76514209    -0.76258143    -0.75586149    -0.75397588    -0.66596918    -0.60356245    -0.29255340    -0.17579070    -0.16247965    -0.15951910    -0.14307279    -0.14018938     0.02177688     0.11974444     0.27001607     0.39037103     0.42027913     0.42029486     0.44837107     0.44841410
     0.50894406    0.00000000    0.00000000    0.30000000    -4.58015378    -4.57955222    -2.89812770    -2.89789884    -2.89779114    -2.89774285    -2.89767258    -2.89762772    -0.82064056    -0.79965290    -0.79115104    -0.78792649    -0.78558781    -0.78173393    -0.76442404    -0.76189182    -0.75629466    -0.75435382    -0.66271476    -0.60825283    -0.28518722    -0.18359444    -0.16129586    -0.15834393    -0.14422699    -0.14134167     0.02917696     0.11450175     0.27498008     0.37889747     0.42091909     0.42093568     0.44537514     0.44541539
     0.51490677    0.00000000    0.00000000    0.33333333    -4.58010948    -4.57959775    -2.89810859    -2.89791391    -2.89778226    -2.89773425    -2.89768138    -2.89763628    -0.81921195    -0.80139003    -0.79106065    -0.78830212    -0.78546886    -0.78217872    -0.76367702    -0.76117751    -0.75677936    -0.75478158    -0.65916493    -0.61311283    -0.27739474    -0.19170354    -0.16002125    -0.15708059    -0.14547088    -0.14258623     0.03676562     0.10880490     0.28053718     0.36761795     0.42175392     0.42177156     0.44238975     0.44242725
     0.52086948    0.00000000    0.00000000    0.36666667    -4.58006230    -4.57964602    -2.89808865    -2.89793029    -2.89777284    -2.89772514    -2.89769071    -2.89764538    -0.81767429    -0.80319939    -0.79093335    -0.78867852    -0.78530748    -0.78262288    -0.76291288    -0.76045026    -0.75731404    -0.75525858    -0.65534152    -0.61807293    -0.26926202    -0.20005279    -0.15867113    -0.15574736    -0.14678748    -0.14390893     0.04446210     0.10269637     0.28669021     0.35664537     0.42280330     0.42282216     0.43947383     0.43950867
     0.52683219    0.00000000    0.00000000    0.40000000    -4.58001275    -4.57969648    -2.89806815    -2.89794783    -2.89776297    -2.89771569    -2.89770040    -2.89765492    -0.81604003    -0.80505713    -0.79076764    -0.78904789    -0.78510255    -0.78305795    -0.76214271    -0.75972102    -0.75789629    -0.75578331    -0.65126722    -0.62307143    -0.26086770    -0.20858628    -0.15726248    -0.15437039    -0.14815171    -0.14529379     0.05219636     0.09621965     0.29344040     0.34606495     0.42408213     0.42410238     0.43667687     0.43670918
     0.53279490    0.00000000    0.00000000    0.43333333    -4.57996135    -4.57974856    -2.89804736    -2.89796641    -2.89775278    -2.89771146    -2.89770490    -2.89766479    -0.81432279    -0.80694055    -0.79056335    -0.78940300    -0.78485424    -0.78347616    -0.76137670    -0.75900066    -0.75852194    -0.75635327    -0.64696601    -0.62805418    -0.25228317    -0.21725347    -0.15581522    -0.15301261    -0.14950146    -0.14672176     0.05990616     0.08941916     0.30078635     0.33594084     0.42559992     0.42562176     0.43403925     0.43406915
     0.53875761    0.00000000    0.00000000    0.46666667    -4.57990865    -4.57980167    -2.89802655    -2.89798586    -2.89774236    -2.89772138    -2.89769526    -2.89767489    -0.81253744    -0.80882824    -0.79032169    -0.78973731    -0.78456408    -0.78387049    -0.76062411    -0.75919159    -0.75829329    -0.75696492    -0.64246380    -0.63297384    -0.24357306    -0.22600616    -0.15435738    -0.15211656    -0.15039476    -0.14816544     0.06753478     0.08234026     0.30872293     0.32632086     0.42736041     0.42738401     0.43159275     0.43162038
     0.54472032    0.00000000    0.00000000    0.50000000    -4.57985523    -4.57985523    -2.89800597    -2.89800597    -2.89773185    -2.89773185    -2.89768509    -2.89768509    -0.81070012    -0.81070011    -0.79004512    -0.79004512    -0.78423483    -0.78423483    -0.75989322    -0.75989322    -0.75761360    -0.75761360    -0.63778910    -0.63778910    -0.23479611    -0.23479611    -0.15295763    -0.15295763    -0.14955658    -0.14955658     0.07502947     0.07502947     0.31723998     0.31723998     0.42936053     0.42936053     0.42938714     0.42938714
     0.55582992    0.03333333   -0.00000000    0.50000000    -4.57986424    -4.57986424    -2.89800846    -2.89800846    -2.89773249    -2.89773249    -2.89768681    -2.89768680    -0.81094638    -0.81094638    -0.78984850    -0.78984850    -0.78398893    -0.78398893    -0.76007143    -0.76007143    -0.75764456    -0.75764456    -0.63723194    -0.63723194    -0.23491222    -0.23491222    -0.15409633    -0.15409633    -0.15013908    -0.15013908     0.07632912     0.07632912     0.31715459     0.31715459     0.42621847     0.42621847     0.42975983     0.42975983
     0.56693951    0.06666667   -0.00000000    0.50000000    -4.57988961    -4.57988961    -2.89801613    -2.89801613    -2.89773435    -2.89773435    -2.89769211    -2.89769211    -0.81171519    -0.81171519    -0.78920916    -0.78920916    -0.78329513    -0.78329513    -0.76058497    -0.76058497    -0.75771654    -0.75771654    -0.63559013    -0.63559013    -0.23529657    -0.23529657    -0.15755138    -0.15755138    -0.15166279    -0.15166279     0.08008957     0.08008957     0.31680974     0.31680974     0.41786238     0.41786238     0.43085470     0.43085471
     0.57804911    0.10000000   -0.00000000    0.50000000    -4.57993025    -4.57993025    -2.89802816    -2.89802816    -2.89773926    -2.89773926    -2.89769937    -2.89769936    -0.81294967    -0.81294967    -0.78820217    -0.78820217    -0.78220187    -0.78220187    -0.76137329    -0.76137329    -0.75778977    -0.75778977    -0.63292910    -0.63292910    -0.23614109    -0.23614109    -0.16293283    -0.16293283    -0.15391438    -0.15391437     0.08593198     0.08593198     0.31592414     0.31592414     0.40670253     0.40670253     0.43255302     0.43255302
     0.58915870    0.13333333   -0.00000000    0.50000000    -4.57998438    -4.57998438    -2.89804345    -2.89804344    -2.89774962    -2.89774962    -2.89770624    -2.89770624    -0.81456906    -0.81456906    -0.78695059    -0.78695059    -0.78078468    -0.78078468    -0.76230969    -0.76230969    -0.75782953    -0.75782953    -0.62934772    -0.62934772    -0.23778551    -0.23778551    -0.16940717    -0.16940717    -0.15681738    -0.15681738     0.09334165     0.09334165     0.31401925     0.31401925     0.39517235     0.39517235     0.43468264     0.43468264
     0.60026830    0.16666667   -0.00000000    0.50000000    -4.58004966    -4.58004966    -2.89806078    -2.89806078    -2.89776617    -2.89776617    -2.89771179    -2.89771179    -0.81648158    -0.81648158    -0.78562436    -0.78562436    -0.77914104    -0.77914104    -0.76321238    -0.76321238    -0.75780158    -0.75780158    -0.62496867    -0.62496867    -0.24070588    -0.24070588    -0.17596965    -0.17596965    -0.16027089    -0.16027089     0.10177018     0.10177018     0.31051301     0.31051301     0.38516044     0.38516044     0.43703681     0.43703681
     0.61137789    0.20000000   -0.00000000    0.50000000    -4.58012325    -4.58012325    -2.89807904    -2.89807904    -2.89778741    -2.89778741    -2.89771696    -2.89771696    -0.81859117    -0.81859117    -0.78443830    -0.78443830    -0.77738128    -0.77738128    -0.76386924    -0.76386923    -0.75766275    -0.75766275    -0.61993219    -0.61993219    -0.24539010    -0.24539010    -0.18164690    -0.18164690    -0.16413433    -0.16413433     0.11070276     0.11070276     0.30503780     0.30503780     0.37775834     0.37775834     0.43940451     0.43940451
     0.62248749    0.23333333   -0.00000000    0.50000000    -4.58020195    -4.58020195    -2.89809724    -2.89809724    -2.89781142    -2.89781142    -2.89772270    -2.89772270    -0.82080058    -0.82080058    -0.78361907    -0.78361907    -0.77561582    -0.77561582    -0.76408782    -0.76408782    -0.75735998    -0.75735998    -0.61439510    -0.61439510    -0.25205984    -0.25205984    -0.18578475    -0.18578475    -0.16824295    -0.16824295     0.11968935     0.11968935     0.29782136     0.29782136     0.37305424     0.37305424     0.44160156     0.44160156
     0.63359708    0.26666667   -0.00000000    0.50000000    -4.58028233    -4.58028233    -2.89811458    -2.89811458    -2.89783658    -2.89783658    -2.89772935    -2.89772935    -0.82301398    -0.82301398    -0.78331467    -0.78331467    -0.77394784    -0.77394784    -0.76378169    -0.76378169    -0.75684081    -0.75684081    -0.60853516    -0.60853516    -0.26044487    -0.26044487    -0.18826301    -0.18826301    -0.17241989    -0.17241989     0.12835251     0.12835251     0.28964100     0.28964100     0.37033246     0.37033246     0.44349529     0.44349529
     0.64470668    0.30000000   -0.00000000    0.50000000    -4.58036087    -4.58036087    -2.89813044    -2.89813044    -2.89786151    -2.89786150    -2.89773678    -2.89773678    -0.82513978    -0.82513978    -0.78350815    -0.78350815    -0.77247513    -0.77247513    -0.76302396    -0.76302396    -0.75607893    -0.75607893    -0.60255854    -0.60255854    -0.26987246    -0.26987246    -0.18938809    -0.18938809    -0.17648516    -0.17648516     0.13638393     0.13638393     0.28138705     0.28138705     0.36864688     0.36864688     0.44501650     0.44501650
     0.65581627    0.33333333   -0.00000000    0.50000000    -4.58043413    -4.58043413    -2.89814435    -2.89814435    -2.89788495    -2.89788494    -2.89774457    -2.89774457    -0.82709346    -0.82709346    -0.78404444    -0.78404444    -0.77127840    -0.77127840    -0.76199155    -0.76199155    -0.75510666    -0.75510666    -0.59670748    -0.59670748    -0.27953449    -0.27953449    -0.18960922    -0.18960922    -0.18026205    -0.18026205     0.14353683     0.14353683     0.27375428     0.27375428     0.36726158     0.36726158     0.44615666     0.44615666
     0.66692587    0.36666667   -0.00000000    0.50000000    -4.58049890    -4.58049889    -2.89815600    -2.89815600    -2.89790579    -2.89790579    -2.89775215    -2.89775215    -0.82880013    -0.82880013    -0.78473223    -0.78473223    -0.77039110    -0.77039110    -0.76087309    -0.76087309    -0.75402626    -0.75402626    -0.59126336    -0.59126336    -0.28866175    -0.28866175    -0.18933810    -0.18933810    -0.18357862    -0.18357861     0.14961772     0.14961772     0.26719174     0.26719174     0.36580686     0.36580686     0.44695328     0.44695328
     0.67803546    0.40000000   -0.00000000    0.50000000    -4.58055233    -4.58055233    -2.89816522    -2.89816521    -2.89792309    -2.89792309    -2.89775891    -2.89775891    -0.83019651    -0.83019651    -0.78541127    -0.78541127    -0.76978955    -0.76978955    -0.75982950    -0.75982950    -0.75298304    -0.75298304    -0.58653972    -0.58653972    -0.29657503    -0.29657503    -0.18893401    -0.18893401    -0.18623806    -0.18623806     0.15447979     0.15447979     0.26195730     0.26195730     0.36426049     0.36426049     0.44746997     0.44746997
     0.68914506    0.43333333   -0.00000000    0.50000000    -4.58059207    -4.58059207    -2.89817189    -2.89817189    -2.89793603    -2.89793603    -2.89776424    -2.89776424    -0.83123228    -0.83123228    -0.78596770    -0.78596770    -0.76941791    -0.76941791    -0.75898883    -0.75898883    -0.75212227    -0.75212227    -0.58285932    -0.58285932    -0.30269550    -0.30269550    -0.18906830    -0.18906830    -0.18766680    -0.18766680     0.15801810     0.15801810     0.25817960     0.25817960     0.36283393     0.36283393     0.44777660     0.44777660
     0.70025465    0.46666667   -0.00000000    0.50000000    -4.58061637    -4.58061637    -2.89817600    -2.89817600    -2.89794405    -2.89794405    -2.89776765    -2.89776765    -0.83187105    -0.83187105    -0.78632826    -0.78632826    -0.76922032    -0.76922032    -0.75844388    -0.75844388    -0.75155888    -0.75155888    -0.58051301    -0.58051301    -0.30656471    -0.30656471    -0.18999406    -0.18999406    -0.18766615    -0.18766615     0.16016529     0.16016529     0.25590762     0.25590762     0.36181943     0.36181943     0.44793363     0.44793363
     0.71136425    0.50000000   -0.00000000    0.50000000    -4.58062416    -4.58062416    -2.89817753    -2.89817753    -2.89794676    -2.89794676    -2.89776884    -2.89776884    -0.83209080    -0.83209080    -0.78645223    -0.78645223    -0.76915928    -0.76915928    -0.75825047    -0.75825047    -0.75136424    -0.75136423    -0.57970702    -0.57970702    -0.30788169    -0.30788169    -0.19038328    -0.19038328    -0.18759100    -0.18759100     0.16088549     0.16088549     0.25515083     0.25515083     0.36145200     0.36145200     0.44798129     0.44798129
     0.72011079    0.48484848    0.03030303    0.50000000    -4.58062746    -4.58062746    -2.89817692    -2.89817692    -2.89795104    -2.89795104    -2.89776562    -2.89776562    -0.83198289    -0.83198289    -0.78633380    -0.78633380    -0.76927281    -0.76927281    -0.75828956    -0.75828956    -0.75147934    -0.75147934    -0.57949920    -0.57949920    -0.30768847    -0.30768847    -0.19227740    -0.19227740    -0.18648796    -0.18648796     0.16188356     0.16188356     0.25522292     0.25522292     0.35956973     0.35956973     0.44907164     0.44907164
     0.72885733    0.46969697    0.06060606    0.50000000    -4.58063368    -4.58063368    -2.89817526    -2.89817526    -2.89796442    -2.89796442    -2.89775661    -2.89775661    -0.83170391    -0.83170391    -0.78598284    -0.78598284    -0.76957065    -0.76957065    -0.75842130    -0.75842129    -0.75179667    -0.75179667    -0.57890102    -0.57890102    -0.30702794    -0.30702794    -0.19628285    -0.19628285    -0.18487951    -0.18487951     0.16482101     0.16482101     0.25544125     0.25544125     0.35422849     0.35422849     0.45216987     0.45216987
     0.73760386    0.45454545    0.09090909    0.50000000    -4.58064248    -4.58064248    -2.89817265    -2.89817265    -2.89798387    -2.89798387    -2.89774456    -2.89774456    -0.83127932    -0.83127932    -0.78540565    -0.78540565    -0.77002463    -0.77002463    -0.75866640    -0.75866640    -0.75227790    -0.75227790    -0.57795177    -0.57795177    -0.30592108    -0.30592108    -0.20137629    -0.20137629    -0.18361003    -0.18361002     0.16954444     0.16954444     0.25578354     0.25578354     0.34614692     0.34614692     0.45690689     0.45690689
     0.74635040    0.43939394    0.12121212    0.50000000    -4.58065335    -4.58065335    -2.89816924    -2.89816923    -2.89800647    -2.89800647    -2.89773188    -2.89773188    -0.83074816    -0.83074816    -0.78461511    -0.78461511    -0.77059477    -0.77059477    -0.75904674    -0.75904674    -0.75286867    -0.75286867    -0.57671426    -0.57671426    -0.30440487    -0.30440487    -0.20734926    -0.20734926    -0.18261402    -0.18261402     0.17582704     0.17582704     0.25621220     0.25621220     0.33612797     0.33612797     0.46294560     0.46294560
     0.75509694    0.42424242    0.15151515    0.50000000    -4.58066559    -4.58066559    -2.89816521    -2.89816521    -2.89803001    -2.89803001    -2.89772013    -2.89772013    -0.83015828    -0.83015828    -0.78363405    -0.78363405    -0.77123596    -0.77123596    -0.75956908    -0.75956908    -0.75351288    -0.75351288    -0.57527146    -0.57527146    -0.30253762    -0.30253762    -0.21394086    -0.21394086    -0.18180793    -0.18180793     0.18340129     0.18340129     0.25667135     0.25667135     0.32487830     0.32487830     0.47005608     0.47005608
     0.76384348    0.40909091    0.18181818    0.50000000    -4.58067838    -4.58067838    -2.89816084    -2.89816084    -2.89805284    -2.89805284    -2.89771015    -2.89771015    -0.82956013    -0.82956013    -0.78249968    -0.78249968    -0.77190397    -0.77190397    -0.76020830    -0.76020830    -0.75416892    -0.75416892    -0.57372269    -0.57372269    -0.30040767    -0.30040767    -0.22080779    -0.22080779    -0.18113943    -0.18113943     0.19198914     0.19198914     0.25707547     0.25707547     0.31298741     0.31298741     0.47807053     0.47807053
     0.77259001    0.39393939    0.21212121    0.50000000    -4.58069080    -4.58069080    -2.89815642    -2.89815642    -2.89807368    -2.89807368    -2.89770227    -2.89770227    -0.82899977    -0.82899977    -0.78126857    -0.78126857    -0.77255970    -0.77255970    -0.76090037    -0.76090037    -0.75481773    -0.75481773    -0.57217959    -0.57217959    -0.29814621    -0.29814621    -0.22753663    -0.22753663    -0.18058396    -0.18058396     0.20132260     0.20132260     0.25727212     0.25727212     0.30099400     0.30099400     0.48681545     0.48681545
     0.78133655    0.37878788    0.24242424    0.50000000    -4.58070185    -4.58070185    -2.89815229    -2.89815229    -2.89809144    -2.89809144    -2.89769654    -2.89769654    -0.82851236    -0.82851236    -0.78002108    -0.78002108    -0.77317005    -0.77317005    -0.76155245    -0.76155245    -0.75545637    -0.75545637    -0.57076197    -0.57076197    -0.29594194    -0.29594194    -0.23365223    -0.23365223    -0.18013604    -0.18013603     0.21114942     0.21114943     0.25692223     0.25692223     0.28954882     0.28954882     0.49606273     0.49606273
     0.79008309    0.36363636    0.27272727    0.50000000    -4.58071049    -4.58071049    -2.89814883    -2.89814883    -2.89810524    -2.89810524    -2.89769278    -2.89769278    -0.82811729    -0.82811729    -0.77886491    -0.77886491    -0.77370070    -0.77370070    -0.76206834    -0.76206834    -0.75608245    -0.75608245    -0.56959333    -0.56959333    -0.29404437    -0.29404437    -0.23863061    -0.23863061    -0.17980166    -0.17980166     0.22121297     0.22121297     0.25516253     0.25516253     0.27980610     0.27980610     0.50550616     0.50550616
     0.79882963    0.34848485    0.30303030    0.50000000    -4.58071573    -4.58071573    -2.89814636    -2.89814635    -2.89811436    -2.89811436    -2.89769066    -2.89769066    -0.82781612    -0.82781612    -0.77794000    -0.77794000    -0.77409269    -0.77409269    -0.76238606    -0.76238606    -0.75667741    -0.75667741    -0.56879560    -0.56879560    -0.29271996    -0.29271996    -0.24195428    -0.24195428    -0.17959252    -0.17959252     0.23113643     0.23113643     0.25046432     0.25046432     0.27369924     0.27369924     0.51475303     0.51475307
     0.80757617    0.33333333    0.33333333    0.50000000    -4.58071660    -4.58071660    -2.89814474    -2.89814474    -2.89811868    -2.89811868    -2.89768982    -2.89768982    -0.82759334    -0.82759334    -0.77741285    -0.77741285    -0.77423655    -0.77423655    -0.76252405    -0.76252405    -0.75719035    -0.75719035    -0.56848262    -0.56848262    -0.29212143    -0.29212143    -0.24325242    -0.24325242    -0.17952150    -0.17952150     0.23830710     0.23830710     0.24476769     0.24476769     0.27192952     0.27192952     0.52222480     0.52224425
     0.82132073    0.30952381    0.30952381    0.50000000    -4.58071297    -4.58071297    -2.89814472    -2.89814472    -2.89811182    -2.89811182    -2.89769162    -2.89769162    -0.82794709    -0.82794709    -0.77825235    -0.77825235    -0.77396615    -0.77396615    -0.76308070    -0.76308070    -0.75563880    -0.75563880    -0.56932206    -0.56932206    -0.29308102    -0.29308102    -0.24040126    -0.24040126    -0.17970639    -0.17970639     0.22517520     0.22517520     0.25503392     0.25503392     0.27555485     0.27555485     0.50916358     0.50916358
     0.83506529    0.28571429    0.28571429    0.50000000    -4.58069321    -4.58069321    -2.89814082    -2.89814082    -2.89809846    -2.89809846    -2.89769409    -2.89769409    -0.82816229    -0.82816229    -0.77929235    -0.77929235    -0.77336503    -0.77336503    -0.76417235    -0.76417235    -0.75385719    -0.75385719    -0.57183286    -0.57183286    -0.29360047    -0.29360047    -0.23393008    -0.23393008    -0.18027216    -0.18027216     0.20907178     0.20907178     0.26248548     0.26248548     0.28655812     0.28655812     0.49359390     0.49359390
     0.84880985    0.26190476    0.26190476    0.50000000    -4.58065554    -4.58065554    -2.89813758    -2.89813758    -2.89807394    -2.89807394    -2.89769646    -2.89769646    -0.82808176    -0.82808176    -0.78017647    -0.78017647    -0.77277276    -0.77277276    -0.76537728    -0.76537728    -0.75251407    -0.75251407    -0.57605175    -0.57605175    -0.29216052    -0.29216052    -0.22533860    -0.22533860    -0.18115949    -0.18115949     0.19354754     0.19354754     0.26688414     0.26688414     0.30158874     0.30158874     0.47836748     0.47836748
     0.86255440    0.23809524    0.23809524    0.50000000    -4.58059964    -4.58059964    -2.89813533    -2.89813533    -2.89803811    -2.89803811    -2.89769849    -2.89769849    -0.82758720    -0.82758720    -0.78081488    -0.78081488    -0.77250345    -0.77250345    -0.76631805    -0.76631805    -0.75193197    -0.75193197    -0.58178947    -0.58178947    -0.28811633    -0.28811633    -0.21569259    -0.21569259    -0.18220834    -0.18220834     0.17882295     0.17882295     0.27110914     0.27110914     0.31731328     0.31731328     0.46465015     0.46465015
     0.87629896    0.21428571    0.21428571    0.50000000    -4.58052680    -4.58052680    -2.89813191    -2.89813191    -2.89799392    -2.89799392    -2.89770032    -2.89770032    -0.82661414    -0.82661414    -0.78127449    -0.78127449    -0.77281132    -0.77281132    -0.76667356    -0.76667356    -0.75218994    -0.75218994    -0.58867921    -0.58867921    -0.28153277    -0.28153277    -0.20581192    -0.20581192    -0.18308143    -0.18308143     0.16481550     0.16481550     0.27618308     0.27618308     0.33229238     0.33229238     0.45329812     0.45329812
     0.89004352    0.19047619    0.19047619    0.50000000    -4.58043982    -4.58043982    -2.89812537    -2.89812537    -2.89794474    -2.89794474    -2.89770229    -2.89770229    -0.82515710    -0.82515710    -0.78174378    -0.78174378    -0.77356859    -0.77356859    -0.76648781    -0.76648781    -0.75316063    -0.75316063    -0.59626523    -0.59626523    -0.27296723    -0.27296723    -0.19665155    -0.19665155    -0.18300567    -0.18300567     0.15135901     0.15135901     0.28245000     0.28245000     0.34559123     0.34559123     0.44494321     0.44494321
     0.90378808    0.16666667    0.16666667    0.50000000    -4.58034291    -4.58034291    -2.89811461    -2.89811461    -2.89789393    -2.89789393    -2.89770468    -2.89770468    -0.82326821    -0.82326821    -0.78245868    -0.78245868    -0.77445650    -0.77445650    -0.76603855    -0.76603855    -0.75453046    -0.75453046    -0.60408876    -0.60408876    -0.26334995    -0.26334995    -0.19002617    -0.19002617    -0.18007174    -0.18007174     0.13829930     0.13829930     0.28985489     0.28985489     0.35664071     0.35664071     0.43982813     0.43982813
     0.91753264    0.14285714    0.14285714    0.50000000    -4.58024135    -4.58024135    -2.89809943    -2.89809943    -2.89784469    -2.89784469    -2.89770762    -2.89770762    -0.82105152    -0.82105152    -0.78353541    -0.78353541    -0.77547676    -0.77547676    -0.76543814    -0.76543814    -0.75587551    -0.75587551    -0.61174101    -0.61174101    -0.25391333    -0.25391333    -0.18615014    -0.18615014    -0.17370066    -0.17370066     0.12556541     0.12556541     0.29786545     0.29786545     0.36578568     0.36578568     0.43740952     0.43740952
     0.93127720    0.11904762    0.11904762    0.50000000    -4.58014109    -4.58014109    -2.89808059    -2.89808059    -2.89779990    -2.89779990    -2.89771097    -2.89771097    -0.81865404    -0.81865404    -0.78489040    -0.78489040    -0.77690366    -0.77690366    -0.76460204    -0.76460204    -0.75685386    -0.75685386    -0.61887810    -0.61887810    -0.24598384    -0.24598384    -0.18166708    -0.18166708    -0.16680078    -0.16680078     0.11323229     0.11323229     0.30541178     0.30541178     0.37465348     0.37465348     0.43630972     0.43630972
     0.94502176    0.09523810    0.09523810    0.50000000    -4.58004828    -4.58004828    -2.89805973    -2.89805973    -2.89776236    -2.89776236    -2.89771390    -2.89771390    -0.81625482    -0.81625482    -0.78635278    -0.78635278    -0.77880196    -0.77880195    -0.76347487    -0.76347487    -0.75738644    -0.75738644    -0.62520983    -0.62520982    -0.24043679    -0.24043679    -0.17522333    -0.17522333    -0.16075770    -0.16075770     0.10157714     0.10157714     0.31124881     0.31124881     0.38530830     0.38530830     0.43514865     0.43514865
     0.95876632    0.07142857    0.07142857    0.50000000    -4.57996878    -4.57996878    -2.89803916    -2.89803916    -2.89773706    -2.89773706    -2.89771254    -2.89771254    -0.81405398    -0.81405398    -0.78776173    -0.78776173    -0.78085597    -0.78085597    -0.76219394    -0.76219394    -0.75759775    -0.75759775    -0.63048035    -0.63048035    -0.23721958    -0.23721958    -0.16747349    -0.16747349    -0.15594500    -0.15594500     0.09112178     0.09112178     0.31480269     0.31480269     0.39852813     0.39852813     0.43341927     0.43341927
     0.97251088    0.04761905    0.04761905    0.50000000    -4.57990771    -4.57990771    -2.89802164    -2.89802164    -2.89773092    -2.89773092    -2.89770019    -2.89770019    -0.81226275    -0.81226275    -0.78896412    -0.78896412    -0.78263345    -0.78263345    -0.76101527    -0.76101527    -0.75764214    -0.75764214    -0.63445743    -0.63445743    -0.23563880    -0.23563880    -0.16007226    -0.16007226    -0.15246505    -0.15246505     0.08263118     0.08263118     0.31648880     0.31648880     0.41282632     0.41282632     0.43147035     0.43147035
     0.98625544    0.02380952    0.02380952    0.50000000    -4.57986903    -4.57986903    -2.89800989    -2.89800989    -2.89773159    -2.89773159    -2.89768883    -2.89768883    -0.81108902    -0.81108902    -0.78978343    -0.78978343    -0.78381323    -0.78381323    -0.76019089    -0.76019089    -0.75762668    -0.75762668    -0.63694084    -0.63694084    -0.23497962    -0.23497962    -0.15481258    -0.15481258    -0.15031888    -0.15031888     0.07700768     0.07700768     0.31710306     0.31710306     0.42463041     0.42463041     0.42995488     0.42995488
     1.00000000    0.00000000    0.00000000    0.50000000    -4.57985523    -4.57985523    -2.89800597    -2.89800597    -2.89773185    -2.89773185    -2.89768509    -2.89768509    -0.81070012    -0.81070011    -0.79004512    -0.79004512    -0.78423483    -0.78423483    -0.75989322    -0.75989322    -0.75761360    -0.75761360    -0.63778910    -0.63778910    -0.23479611    -0.23479611    -0.15295763    -0.15295763    -0.14955658    -0.14955658     0.07502947     0.07502947     0.31723998     0.31723998     0.42936053     0.42936053     0.42938714     0.42938714
