#iter energy            energy_diff  abs_dens     rel_dens     abs_ev       rel_ev      
    1   -4.47254038E+02  4.47254E+02  2.48861E+00  4.78579E-02  1.49952E+01  2.12269E-01
    2   -4.51078328E+02  3.82429E+00  1.79346E+00  3.44896E-02  2.36932E+00  3.24513E-02
    3   -4.50781081E+02  2.97247E-01  1.06639E+00  2.05075E-02  9.31841E-02  1.27467E-03
    4   -4.50799420E+02  1.83394E-02  4.12541E-01  7.93348E-03  1.15518E-01  1.57768E-03
    5   -4.50903241E+02  1.03821E-01  2.25172E-01  4.33024E-03  3.54291E-01  4.81540E-03
    6   -4.51188778E+02  2.85537E-01  7.70101E-02  1.48096E-03  1.38700E-01  1.88161E-03
    7   -4.51230786E+02  4.20082E-02  9.40879E-03  1.80938E-04  1.04537E-02  1.41795E-04
    8   -4.51166812E+02  6.39747E-02  5.75136E-03  1.10603E-04  3.82274E-02  5.18791E-04
    9   -4.51172222E+02  5.40990E-03  2.94902E-03  5.67120E-05  1.79360E-03  2.43418E-05
   10   -4.51188925E+02  1.67033E-02  2.02401E-03  3.89232E-05  8.61620E-03  1.16921E-04
   11   -4.51187709E+02  1.21633E-03  1.95164E-04  3.75315E-06  4.58534E-04  6.22231E-06
   12   -4.51188355E+02  6.46648E-04  1.54468E-04  2.97054E-06  3.72046E-04  5.04864E-06
   13   -4.51187858E+02  4.97399E-04  5.88022E-05  1.13081E-06  2.24844E-04  3.05113E-06
   14   -4.51187876E+02  1.84800E-05  1.38213E-05  2.65793E-07  3.02861E-06  4.10982E-08
   15   -4.51187838E+02  3.87628E-05  6.26512E-06  1.20483E-07  2.78167E-05  3.77473E-07
