# energy [H], band-resolved DOS
   -5.856558    0.000064
   -5.841218    0.000064
   -5.825879    0.000064
   -5.810539    0.000065
   -5.795199    0.000065
   -5.779859    0.000065
   -5.764519    0.000066
   -5.749179    0.000066
   -5.733840    0.000066
   -5.718500    0.000067
   -5.703160    0.000067
   -5.687820    0.000067
   -5.672480    0.000068
   -5.657141    0.000068
   -5.641801    0.000068
   -5.626461    0.000069
   -5.611121    0.000069
   -5.595781    0.000069
   -5.580442    0.000070
   -5.565102    0.000070
   -5.549762    0.000071
   -5.534422    0.000071
   -5.519082    0.000071
   -5.503743    0.000072
   -5.488403    0.000072
   -5.473063    0.000072
   -5.457723    0.000073
   -5.442383    0.000073
   -5.427044    0.000074
   -5.411704    0.000074
   -5.396364    0.000074
   -5.381024    0.000075
   -5.365684    0.000075
   -5.350345    0.000075
   -5.335005    0.000076
   -5.319665    0.000076
   -5.304325    0.000077
   -5.288985    0.000077
   -5.273646    0.000078
   -5.258306    0.000078
   -5.242966    0.000078
   -5.227626    0.000079
   -5.212286    0.000079
   -5.196946    0.000080
   -5.181607    0.000080
   -5.166267    0.000081
   -5.150927    0.000081
   -5.135587    0.000081
   -5.120247    0.000082
   -5.104908    0.000082
   -5.089568    0.000083
   -5.074228    0.000083
   -5.058888    0.000084
   -5.043548    0.000084
   -5.028209    0.000085
   -5.012869    0.000085
   -4.997529    0.000086
   -4.982189    0.000086
   -4.966849    0.000087
   -4.951510    0.000087
   -4.936170    0.000088
   -4.920830    0.000088
   -4.905490    0.000089
   -4.890150    0.000089
   -4.874811    0.000090
   -4.859471    0.000090
   -4.844131    0.000091
   -4.828791    0.000091
   -4.813451    0.000092
   -4.798112    0.000092
   -4.782772    0.000093
   -4.767432    0.000093
   -4.752092    0.000094
   -4.736752    0.000094
   -4.721413    0.000095
   -4.706073    0.000095
   -4.690733    0.000096
   -4.675393    0.000097
   -4.660053    0.000097
   -4.644713    0.000098
   -4.629374    0.000098
   -4.614034    0.000099
   -4.598694    0.000100
   -4.583354    0.000100
   -4.568014    0.000101
   -4.552675    0.000101
   -4.537335    0.000102
   -4.521995    0.000103
   -4.506655    0.000103
   -4.491315    0.000104
   -4.475976    0.000105
   -4.460636    0.000105
   -4.445296    0.000106
   -4.429956    0.000107
   -4.414616    0.000107
   -4.399277    0.000108
   -4.383937    0.000109
   -4.368597    0.000109
   -4.353257    0.000110
   -4.337917    0.000111
   -4.322578    0.000111
   -4.307238    0.000112
   -4.291898    0.000113
   -4.276558    0.000114
   -4.261218    0.000114
   -4.245879    0.000115
   -4.230539    0.000116
   -4.215199    0.000117
   -4.199859    0.000117
   -4.184519    0.000118
   -4.169180    0.000119
   -4.153840    0.000120
   -4.138500    0.000121
   -4.123160    0.000121
   -4.107820    0.000122
   -4.092481    0.000123
   -4.077141    0.000124
   -4.061801    0.000125
   -4.046461    0.000126
   -4.031121    0.000126
   -4.015781    0.000127
   -4.000442    0.000128
   -3.985102    0.000129
   -3.969762    0.000130
   -3.954422    0.000131
   -3.939082    0.000132
   -3.923743    0.000133
   -3.908403    0.000134
   -3.893063    0.000135
   -3.877723    0.000135
   -3.862383    0.000136
   -3.847044    0.000137
   -3.831704    0.000138
   -3.816364    0.000139
   -3.801024    0.000140
   -3.785684    0.000141
   -3.770345    0.000142
   -3.755005    0.000143
   -3.739665    0.000145
   -3.724325    0.000146
   -3.708985    0.000147
   -3.693646    0.000148
   -3.678306    0.000149
   -3.662966    0.000150
   -3.647626    0.000151
   -3.632286    0.000152
   -3.616947    0.000153
   -3.601607    0.000155
   -3.586267    0.000156
   -3.570927    0.000157
   -3.555587    0.000158
   -3.540248    0.000159
   -3.524908    0.000161
   -3.509568    0.000162
   -3.494228    0.000163
   -3.478888    0.000164
   -3.463548    0.000166
   -3.448209    0.000167
   -3.432869    0.000168
   -3.417529    0.000170
   -3.402189    0.000171
   -3.386849    0.000172
   -3.371510    0.000174
   -3.356170    0.000175
   -3.340830    0.000176
   -3.325490    0.000178
   -3.310150    0.000179
   -3.294811    0.000181
   -3.279471    0.000182
   -3.264131    0.000184
   -3.248791    0.000185
   -3.233451    0.000187
   -3.218112    0.000188
   -3.202772    0.000190
   -3.187432    0.000192
   -3.172092    0.000193
   -3.156752    0.000195
   -3.141413    0.000197
   -3.126073    0.000198
   -3.110733    0.000200
   -3.095393    0.000202
   -3.080053    0.000203
   -3.064714    0.000205
   -3.049374    0.000207
   -3.034034    0.000209
   -3.018694    0.000211
   -3.003354    0.000213
   -2.988015    0.000214
   -2.972675    0.000216
   -2.957335    0.000218
   -2.941995    0.000220
   -2.926655    0.000222
   -2.911315    0.000224
   -2.895976    0.000226
   -2.880636    0.000228
   -2.865296    0.000231
   -2.849956    0.000233
   -2.834616    0.000235
   -2.819277    0.000237
   -2.803937    0.000239
   -2.788597    0.000242
   -2.773257    0.000244
   -2.757917    0.000246
   -2.742578    0.000249
   -2.727238    0.000251
   -2.711898    0.000253
   -2.696558    0.000256
   -2.681218    0.000258
   -2.665879    0.000261
   -2.650539    0.000264
   -2.635199    0.000266
   -2.619859    0.000269
   -2.604519    0.000272
   -2.589180    0.000274
   -2.573840    0.000277
   -2.558500    0.000280
   -2.543160    0.000283
   -2.527820    0.000286
   -2.512481    0.000289
   -2.497141    0.000292
   -2.481801    0.000295
   -2.466461    0.000298
   -2.451121    0.000301
   -2.435782    0.000304
   -2.420442    0.000307
   -2.405102    0.000311
   -2.389762    0.000314
   -2.374422    0.000317
   -2.359083    0.000321
   -2.343743    0.000324
   -2.328403    0.000328
   -2.313063    0.000332
   -2.297723    0.000335
   -2.282383    0.000339
   -2.267044    0.000343
   -2.251704    0.000347
   -2.236364    0.000351
   -2.221024    0.000355
   -2.205684    0.000359
   -2.190345    0.000363
   -2.175005    0.000367
   -2.159665    0.000372
   -2.144325    0.000376
   -2.128985    0.000381
   -2.113646    0.000385
   -2.098306    0.000390
   -2.082966    0.000394
   -2.067626    0.000399
   -2.052286    0.000404
   -2.036947    0.000409
   -2.021607    0.000414
   -2.006267    0.000419
   -1.990927    0.000425
   -1.975587    0.000430
   -1.960248    0.000435
   -1.944908    0.000441
   -1.929568    0.000447
   -1.914228    0.000453
   -1.898888    0.000458
   -1.883549    0.000464
   -1.868209    0.000471
   -1.852869    0.000477
   -1.837529    0.000483
   -1.822189    0.000490
   -1.806850    0.000496
   -1.791510    0.000503
   -1.776170    0.000510
   -1.760830    0.000517
   -1.745490    0.000525
   -1.730150    0.000532
   -1.714811    0.000539
   -1.699471    0.000547
   -1.684131    0.000555
   -1.668791    0.000563
   -1.653451    0.000571
   -1.638112    0.000580
   -1.622772    0.000588
   -1.607432    0.000597
   -1.592092    0.000606
   -1.576752    0.000615
   -1.561413    0.000625
   -1.546073    0.000634
   -1.530733    0.000644
   -1.515393    0.000654
   -1.500053    0.000664
   -1.484714    0.000675
   -1.469374    0.000686
   -1.454034    0.000697
   -1.438694    0.000708
   -1.423354    0.000720
   -1.408015    0.000731
   -1.392675    0.000744
   -1.377335    0.000756
   -1.361995    0.000769
   -1.346655    0.000782
   -1.331316    0.000796
   -1.315976    0.000809
   -1.300636    0.000824
   -1.285296    0.000838
   -1.269956    0.000853
   -1.254617    0.000868
   -1.239277    0.000884
   -1.223937    0.000900
   -1.208597    0.000917
   -1.193257    0.000934
   -1.177917    0.000952
   -1.162578    0.000970
   -1.147238    0.000989
   -1.131898    0.001008
   -1.116558    0.001027
   -1.101218    0.001048
   -1.085879    0.001069
   -1.070539    0.001090
   -1.055199    0.001112
   -1.039859    0.001135
   -1.024519    0.001159
   -1.009180    0.001183
   -0.993840    0.001209
   -0.978500    0.001235
   -0.963160    0.001261
   -0.947820    0.001289
   -0.932481    0.001318
   -0.917141    0.001347
   -0.901801    0.001378
   -0.886461    0.001409
   -0.871121    0.001442
   -0.855782    0.001476
   -0.840442    0.001511
   -0.825102    0.001548
   -0.809762    0.001585
   -0.794422    0.001624
   -0.779083    0.001665
   -0.763743    0.001707
   -0.748403    0.001751
   -0.733063    0.001796
   -0.717723    0.001843
   -0.702384    0.001892
   -0.687044    0.001944
   -0.671704    0.001997
   -0.656364    0.002052
   -0.641024    0.002110
   -0.625685    0.002170
   -0.610345    0.002233
   -0.595005    0.002299
   -0.579665    0.002367
   -0.564325    0.002439
   -0.548985    0.002514
   -0.533646    0.002592
   -0.518306    0.002674
   -0.502966    0.002760
   -0.487626    0.002851
   -0.472286    0.002946
   -0.456947    0.003045
   -0.441607    0.003150
   -0.426267    0.003261
   -0.410927    0.003377
   -0.395587    0.003500
   -0.380248    0.003629
   -0.364908    0.003766
   -0.349568    0.003911
   -0.334228    0.004064
   -0.318888    0.004226
   -0.303549    0.004399
   -0.288209    0.004582
   -0.272869    0.004776
   -0.257529    0.004984
   -0.242189    0.005205
   -0.226850    0.005442
   -0.211510    0.005694
   -0.196170    0.005965
   -0.180830    0.006256
   -0.165490    0.006569
   -0.150151    0.006905
   -0.134811    0.007268
   -0.119471    0.007661
   -0.104131    0.008086
   -0.088791    0.008548
   -0.073452    0.009051
   -0.058112    0.009599
   -0.042772    0.010199
   -0.027432    0.010857
   -0.012092    0.011581
    0.003248    0.012380
    0.018587    0.013265
    0.033927    0.014248
    0.049267    0.015346
    0.064607    0.016575
    0.079947    0.017958
    0.095286    0.019523
    0.110626    0.021303
    0.125966    0.023338
    0.141306    0.025680
    0.156646    0.028396
    0.171985    0.031568
    0.187325    0.035305
    0.202665    0.039752
    0.218005    0.045102
    0.233345    0.051617
    0.248684    0.059665
    0.264024    0.069773
    0.279364    0.082717
    0.294704    0.099681
    0.310044    0.122547
    0.325383    0.154461
    0.340723    0.201035
    0.356063    0.273151
    0.371403    0.394455
    0.386743    0.625648
    0.402082    1.170416
    0.417422    3.143800
    0.432762   11.880393
    0.448102   13.819595
    0.463442   14.836306
    0.478781    7.043874
    0.494121    4.621395
    0.509461    3.086623
    0.524801    1.423683
    0.540141    0.574499
    0.555480    0.341067
    0.570820    0.234914
    0.586160    0.174103
    0.601500    0.135072
    0.616840    0.108214
    0.632180    0.088819
    0.647519    0.074302
    0.662859    0.063127
    0.678199    0.054328
    0.693539    0.047268
    0.708879    0.041513
    0.724218    0.036756
    0.739558    0.032779
    0.754898    0.029417
    0.770238    0.026551
    0.785578    0.024086
    0.800917    0.021950
    0.816257    0.020088
    0.831597    0.018454
    0.846937    0.017012
    0.862277    0.015733
    0.877616    0.014594
    0.892956    0.013574
    0.908296    0.012658
    0.923636    0.011832
    0.938976    0.011084
    0.954315    0.010405
    0.969655    0.009787
    0.984995    0.009222
    1.000335    0.008705
    1.015675    0.008231
    1.031014    0.007794
    1.046354    0.007391
    1.061694    0.007018
    1.077034    0.006674
    1.092374    0.006353
    1.107713    0.006056
    1.123053    0.005779
    1.138393    0.005520
    1.153733    0.005279
    1.169073    0.005053
    1.184413    0.004841
    1.199752    0.004642
    1.215092    0.004456
    1.230432    0.004280
    1.245772    0.004114
    1.261112    0.003958
    1.276451    0.003811
    1.291791    0.003672
    1.307131    0.003540
    1.322471    0.003415
    1.337811    0.003297
    1.353150    0.003185
    1.368490    0.003078
    1.383830    0.002977
    1.399170    0.002880
    1.414510    0.002789
    1.429849    0.002701
    1.445189    0.002618
    1.460529    0.002538
    1.475869    0.002462
    1.491209    0.002389
    1.506548    0.002320
    1.521888    0.002253
    1.537228    0.002190
    1.552568    0.002129
    1.567908    0.002070
    1.583247    0.002014
    1.598587    0.001960
    1.613927    0.001908
    1.629267    0.001859
    1.644607    0.001811
    1.659946    0.001765
    1.675286    0.001721
    1.690626    0.001678
    1.705966    0.001637
    1.721306    0.001597
    1.736646    0.001559
    1.751985    0.001523
    1.767325    0.001487
    1.782665    0.001453
    1.798005    0.001420
