# energy [H], band-resolved DOS
   -5.856558    0.000070
   -5.841218    0.000071
   -5.825879    0.000071
   -5.810539    0.000071
   -5.795199    0.000072
   -5.779859    0.000072
   -5.764519    0.000072
   -5.749179    0.000073
   -5.733840    0.000073
   -5.718500    0.000074
   -5.703160    0.000074
   -5.687820    0.000074
   -5.672480    0.000075
   -5.657141    0.000075
   -5.641801    0.000076
   -5.626461    0.000076
   -5.611121    0.000076
   -5.595781    0.000077
   -5.580442    0.000077
   -5.565102    0.000078
   -5.549762    0.000078
   -5.534422    0.000078
   -5.519082    0.000079
   -5.503743    0.000079
   -5.488403    0.000080
   -5.473063    0.000080
   -5.457723    0.000081
   -5.442383    0.000081
   -5.427044    0.000081
   -5.411704    0.000082
   -5.396364    0.000082
   -5.381024    0.000083
   -5.365684    0.000083
   -5.350345    0.000084
   -5.335005    0.000084
   -5.319665    0.000085
   -5.304325    0.000085
   -5.288985    0.000086
   -5.273646    0.000086
   -5.258306    0.000087
   -5.242966    0.000087
   -5.227626    0.000088
   -5.212286    0.000088
   -5.196946    0.000089
   -5.181607    0.000089
   -5.166267    0.000090
   -5.150927    0.000090
   -5.135587    0.000091
   -5.120247    0.000091
   -5.104908    0.000092
   -5.089568    0.000092
   -5.074228    0.000093
   -5.058888    0.000093
   -5.043548    0.000094
   -5.028209    0.000094
   -5.012869    0.000095
   -4.997529    0.000096
   -4.982189    0.000096
   -4.966849    0.000097
   -4.951510    0.000097
   -4.936170    0.000098
   -4.920830    0.000098
   -4.905490    0.000099
   -4.890150    0.000100
   -4.874811    0.000100
   -4.859471    0.000101
   -4.844131    0.000101
   -4.828791    0.000102
   -4.813451    0.000103
   -4.798112    0.000103
   -4.782772    0.000104
   -4.767432    0.000105
   -4.752092    0.000105
   -4.736752    0.000106
   -4.721413    0.000107
   -4.706073    0.000107
   -4.690733    0.000108
   -4.675393    0.000109
   -4.660053    0.000109
   -4.644713    0.000110
   -4.629374    0.000111
   -4.614034    0.000111
   -4.598694    0.000112
   -4.583354    0.000113
   -4.568014    0.000114
   -4.552675    0.000114
   -4.537335    0.000115
   -4.521995    0.000116
   -4.506655    0.000117
   -4.491315    0.000117
   -4.475976    0.000118
   -4.460636    0.000119
   -4.445296    0.000120
   -4.429956    0.000121
   -4.414616    0.000121
   -4.399277    0.000122
   -4.383937    0.000123
   -4.368597    0.000124
   -4.353257    0.000125
   -4.337917    0.000126
   -4.322578    0.000126
   -4.307238    0.000127
   -4.291898    0.000128
   -4.276558    0.000129
   -4.261218    0.000130
   -4.245879    0.000131
   -4.230539    0.000132
   -4.215199    0.000133
   -4.199859    0.000134
   -4.184519    0.000135
   -4.169180    0.000136
   -4.153840    0.000137
   -4.138500    0.000138
   -4.123160    0.000138
   -4.107820    0.000139
   -4.092481    0.000140
   -4.077141    0.000142
   -4.061801    0.000143
   -4.046461    0.000144
   -4.031121    0.000145
   -4.015781    0.000146
   -4.000442    0.000147
   -3.985102    0.000148
   -3.969762    0.000149
   -3.954422    0.000150
   -3.939082    0.000151
   -3.923743    0.000152
   -3.908403    0.000153
   -3.893063    0.000155
   -3.877723    0.000156
   -3.862383    0.000157
   -3.847044    0.000158
   -3.831704    0.000159
   -3.816364    0.000161
   -3.801024    0.000162
   -3.785684    0.000163
   -3.770345    0.000164
   -3.755005    0.000166
   -3.739665    0.000167
   -3.724325    0.000168
   -3.708985    0.000170
   -3.693646    0.000171
   -3.678306    0.000172
   -3.662966    0.000174
   -3.647626    0.000175
   -3.632286    0.000177
   -3.616947    0.000178
   -3.601607    0.000180
   -3.586267    0.000181
   -3.570927    0.000182
   -3.555587    0.000184
   -3.540248    0.000186
   -3.524908    0.000187
   -3.509568    0.000189
   -3.494228    0.000190
   -3.478888    0.000192
   -3.463548    0.000193
   -3.448209    0.000195
   -3.432869    0.000197
   -3.417529    0.000198
   -3.402189    0.000200
   -3.386849    0.000202
   -3.371510    0.000204
   -3.356170    0.000205
   -3.340830    0.000207
   -3.325490    0.000209
   -3.310150    0.000211
   -3.294811    0.000213
   -3.279471    0.000215
   -3.264131    0.000217
   -3.248791    0.000219
   -3.233451    0.000221
   -3.218112    0.000223
   -3.202772    0.000225
   -3.187432    0.000227
   -3.172092    0.000229
   -3.156752    0.000231
   -3.141413    0.000233
   -3.126073    0.000235
   -3.110733    0.000237
   -3.095393    0.000240
   -3.080053    0.000242
   -3.064714    0.000244
   -3.049374    0.000247
   -3.034034    0.000249
   -3.018694    0.000251
   -3.003354    0.000254
   -2.988015    0.000256
   -2.972675    0.000259
   -2.957335    0.000261
   -2.941995    0.000264
   -2.926655    0.000266
   -2.911315    0.000269
   -2.895976    0.000272
   -2.880636    0.000275
   -2.865296    0.000277
   -2.849956    0.000280
   -2.834616    0.000283
   -2.819277    0.000286
   -2.803937    0.000289
   -2.788597    0.000292
   -2.773257    0.000295
   -2.757917    0.000298
   -2.742578    0.000301
   -2.727238    0.000305
   -2.711898    0.000308
   -2.696558    0.000311
   -2.681218    0.000314
   -2.665879    0.000318
   -2.650539    0.000321
   -2.635199    0.000325
   -2.619859    0.000328
   -2.604519    0.000332
   -2.589180    0.000336
   -2.573840    0.000340
   -2.558500    0.000343
   -2.543160    0.000347
   -2.527820    0.000351
   -2.512481    0.000355
   -2.497141    0.000360
   -2.481801    0.000364
   -2.466461    0.000368
   -2.451121    0.000372
   -2.435782    0.000377
   -2.420442    0.000381
   -2.405102    0.000386
   -2.389762    0.000390
   -2.374422    0.000395
   -2.359083    0.000400
   -2.343743    0.000405
   -2.328403    0.000410
   -2.313063    0.000415
   -2.297723    0.000420
   -2.282383    0.000425
   -2.267044    0.000431
   -2.251704    0.000436
   -2.236364    0.000442
   -2.221024    0.000448
   -2.205684    0.000453
   -2.190345    0.000459
   -2.175005    0.000465
   -2.159665    0.000472
   -2.144325    0.000478
   -2.128985    0.000484
   -2.113646    0.000491
   -2.098306    0.000498
   -2.082966    0.000504
   -2.067626    0.000511
   -2.052286    0.000518
   -2.036947    0.000526
   -2.021607    0.000533
   -2.006267    0.000541
   -1.990927    0.000548
   -1.975587    0.000556
   -1.960248    0.000564
   -1.944908    0.000573
   -1.929568    0.000581
   -1.914228    0.000590
   -1.898888    0.000598
   -1.883549    0.000607
   -1.868209    0.000617
   -1.852869    0.000626
   -1.837529    0.000636
   -1.822189    0.000646
   -1.806850    0.000656
   -1.791510    0.000666
   -1.776170    0.000677
   -1.760830    0.000687
   -1.745490    0.000699
   -1.730150    0.000710
   -1.714811    0.000722
   -1.699471    0.000734
   -1.684131    0.000746
   -1.668791    0.000758
   -1.653451    0.000771
   -1.638112    0.000784
   -1.622772    0.000798
   -1.607432    0.000812
   -1.592092    0.000826
   -1.576752    0.000841
   -1.561413    0.000856
   -1.546073    0.000871
   -1.530733    0.000887
   -1.515393    0.000903
   -1.500053    0.000920
   -1.484714    0.000937
   -1.469374    0.000955
   -1.454034    0.000973
   -1.438694    0.000992
   -1.423354    0.001011
   -1.408015    0.001031
   -1.392675    0.001052
   -1.377335    0.001073
   -1.361995    0.001095
   -1.346655    0.001117
   -1.331316    0.001140
   -1.315976    0.001164
   -1.300636    0.001188
   -1.285296    0.001214
   -1.269956    0.001240
   -1.254617    0.001267
   -1.239277    0.001295
   -1.223937    0.001324
   -1.208597    0.001354
   -1.193257    0.001384
   -1.177917    0.001416
   -1.162578    0.001449
   -1.147238    0.001484
   -1.131898    0.001519
   -1.116558    0.001556
   -1.101218    0.001594
   -1.085879    0.001633
   -1.070539    0.001674
   -1.055199    0.001717
   -1.039859    0.001761
   -1.024519    0.001807
   -1.009180    0.001855
   -0.993840    0.001904
   -0.978500    0.001956
   -0.963160    0.002010
   -0.947820    0.002066
   -0.932481    0.002125
   -0.917141    0.002186
   -0.901801    0.002249
   -0.886461    0.002316
   -0.871121    0.002385
   -0.855782    0.002458
   -0.840442    0.002534
   -0.825102    0.002614
   -0.809762    0.002697
   -0.794422    0.002785
   -0.779083    0.002877
   -0.763743    0.002973
   -0.748403    0.003075
   -0.733063    0.003182
   -0.717723    0.003294
   -0.702384    0.003413
   -0.687044    0.003538
   -0.671704    0.003670
   -0.656364    0.003810
   -0.641024    0.003958
   -0.625685    0.004115
   -0.610345    0.004281
   -0.595005    0.004458
   -0.579665    0.004646
   -0.564325    0.004846
   -0.548985    0.005059
   -0.533646    0.005287
   -0.518306    0.005531
   -0.502966    0.005792
   -0.487626    0.006072
   -0.472286    0.006373
   -0.456947    0.006698
   -0.441607    0.007048
   -0.426267    0.007426
   -0.410927    0.007835
   -0.395587    0.008280
   -0.380248    0.008764
   -0.364908    0.009293
   -0.349568    0.009871
   -0.334228    0.010505
   -0.318888    0.011204
   -0.303549    0.011975
   -0.288209    0.012830
   -0.272869    0.013781
   -0.257529    0.014844
   -0.242189    0.016036
   -0.226850    0.017381
   -0.211510    0.018907
   -0.196170    0.020646
   -0.180830    0.022644
   -0.165490    0.024954
   -0.150151    0.027648
   -0.134811    0.030817
   -0.119471    0.034586
   -0.104131    0.039122
   -0.088791    0.044659
   -0.073452    0.051529
   -0.058112    0.060225
   -0.042772    0.071508
   -0.027432    0.086607
   -0.012092    0.107649
    0.003248    0.138648
    0.018587    0.188166
    0.033927    0.278146
    0.049267    0.484771
    0.064607    1.269253
    0.079947    3.795420
    0.095286    3.726136
    0.110626    3.961858
    0.125966    4.834729
    0.141306    6.808978
    0.156646    5.956739
    0.171985    4.666886
    0.187325    4.182399
    0.202665    5.625399
    0.218005    7.257979
    0.233345    6.685387
    0.248684    1.651379
    0.264024    0.665144
    0.279364    0.375025
    0.294704    0.246763
    0.310044    0.177150
    0.325383    0.134485
    0.340723    0.106153
    0.356063    0.086236
    0.371403    0.071627
    0.386743    0.060553
    0.402082    0.051934
    0.417422    0.045080
    0.432762    0.039530
    0.448102    0.034968
    0.463442    0.031169
    0.478781    0.027968
    0.494121    0.025244
    0.509461    0.022906
    0.524801    0.020884
    0.540141    0.019121
    0.555480    0.017576
    0.570820    0.016212
    0.586160    0.015004
    0.601500    0.013927
    0.616840    0.012963
    0.632180    0.012096
    0.647519    0.011315
    0.662859    0.010608
    0.678199    0.009965
    0.693539    0.009379
    0.708879    0.008844
    0.724218    0.008354
    0.739558    0.007904
    0.754898    0.007489
    0.770238    0.007107
    0.785578    0.006753
    0.800917    0.006425
    0.816257    0.006120
    0.831597    0.005837
    0.846937    0.005573
    0.862277    0.005327
    0.877616    0.005096
    0.892956    0.004881
    0.908296    0.004679
    0.923636    0.004489
    0.938976    0.004310
    0.954315    0.004142
    0.969655    0.003984
    0.984995    0.003835
    1.000335    0.003694
    1.015675    0.003560
    1.031014    0.003434
    1.046354    0.003314
    1.061694    0.003201
    1.077034    0.003093
    1.092374    0.002991
    1.107713    0.002893
    1.123053    0.002800
    1.138393    0.002712
    1.153733    0.002628
    1.169073    0.002548
    1.184413    0.002471
    1.199752    0.002398
    1.215092    0.002328
    1.230432    0.002261
    1.245772    0.002196
    1.261112    0.002135
    1.276451    0.002076
    1.291791    0.002020
    1.307131    0.001965
    1.322471    0.001913
    1.337811    0.001863
    1.353150    0.001815
    1.368490    0.001769
    1.383830    0.001725
    1.399170    0.001682
    1.414510    0.001640
    1.429849    0.001601
    1.445189    0.001562
    1.460529    0.001525
    1.475869    0.001490
    1.491209    0.001455
    1.506548    0.001422
    1.521888    0.001390
    1.537228    0.001359
    1.552568    0.001329
    1.567908    0.001300
    1.583247    0.001272
    1.598587    0.001245
    1.613927    0.001218
    1.629267    0.001193
    1.644607    0.001168
    1.659946    0.001144
    1.675286    0.001121
    1.690626    0.001098
    1.705966    0.001077
    1.721306    0.001055
    1.736646    0.001035
    1.751985    0.001015
    1.767325    0.000996
    1.782665    0.000977
    1.798005    0.000958
