# energy [H], band-resolved DOS
   -5.856558    0.000072
   -5.841218    0.000072
   -5.825879    0.000072
   -5.810539    0.000073
   -5.795199    0.000073
   -5.779859    0.000073
   -5.764519    0.000074
   -5.749179    0.000074
   -5.733840    0.000075
   -5.718500    0.000075
   -5.703160    0.000075
   -5.687820    0.000076
   -5.672480    0.000076
   -5.657141    0.000077
   -5.641801    0.000077
   -5.626461    0.000077
   -5.611121    0.000078
   -5.595781    0.000078
   -5.580442    0.000079
   -5.565102    0.000079
   -5.549762    0.000079
   -5.534422    0.000080
   -5.519082    0.000080
   -5.503743    0.000081
   -5.488403    0.000081
   -5.473063    0.000082
   -5.457723    0.000082
   -5.442383    0.000083
   -5.427044    0.000083
   -5.411704    0.000084
   -5.396364    0.000084
   -5.381024    0.000084
   -5.365684    0.000085
   -5.350345    0.000085
   -5.335005    0.000086
   -5.319665    0.000086
   -5.304325    0.000087
   -5.288985    0.000087
   -5.273646    0.000088
   -5.258306    0.000088
   -5.242966    0.000089
   -5.227626    0.000089
   -5.212286    0.000090
   -5.196946    0.000090
   -5.181607    0.000091
   -5.166267    0.000091
   -5.150927    0.000092
   -5.135587    0.000093
   -5.120247    0.000093
   -5.104908    0.000094
   -5.089568    0.000094
   -5.074228    0.000095
   -5.058888    0.000095
   -5.043548    0.000096
   -5.028209    0.000096
   -5.012869    0.000097
   -4.997529    0.000098
   -4.982189    0.000098
   -4.966849    0.000099
   -4.951510    0.000099
   -4.936170    0.000100
   -4.920830    0.000101
   -4.905490    0.000101
   -4.890150    0.000102
   -4.874811    0.000102
   -4.859471    0.000103
   -4.844131    0.000104
   -4.828791    0.000104
   -4.813451    0.000105
   -4.798112    0.000106
   -4.782772    0.000106
   -4.767432    0.000107
   -4.752092    0.000108
   -4.736752    0.000108
   -4.721413    0.000109
   -4.706073    0.000110
   -4.690733    0.000111
   -4.675393    0.000111
   -4.660053    0.000112
   -4.644713    0.000113
   -4.629374    0.000113
   -4.614034    0.000114
   -4.598694    0.000115
   -4.583354    0.000116
   -4.568014    0.000116
   -4.552675    0.000117
   -4.537335    0.000118
   -4.521995    0.000119
   -4.506655    0.000119
   -4.491315    0.000120
   -4.475976    0.000121
   -4.460636    0.000122
   -4.445296    0.000123
   -4.429956    0.000124
   -4.414616    0.000124
   -4.399277    0.000125
   -4.383937    0.000126
   -4.368597    0.000127
   -4.353257    0.000128
   -4.337917    0.000129
   -4.322578    0.000130
   -4.307238    0.000131
   -4.291898    0.000131
   -4.276558    0.000132
   -4.261218    0.000133
   -4.245879    0.000134
   -4.230539    0.000135
   -4.215199    0.000136
   -4.199859    0.000137
   -4.184519    0.000138
   -4.169180    0.000139
   -4.153840    0.000140
   -4.138500    0.000141
   -4.123160    0.000142
   -4.107820    0.000143
   -4.092481    0.000144
   -4.077141    0.000145
   -4.061801    0.000146
   -4.046461    0.000147
   -4.031121    0.000149
   -4.015781    0.000150
   -4.000442    0.000151
   -3.985102    0.000152
   -3.969762    0.000153
   -3.954422    0.000154
   -3.939082    0.000155
   -3.923743    0.000157
   -3.908403    0.000158
   -3.893063    0.000159
   -3.877723    0.000160
   -3.862383    0.000161
   -3.847044    0.000163
   -3.831704    0.000164
   -3.816364    0.000165
   -3.801024    0.000167
   -3.785684    0.000168
   -3.770345    0.000169
   -3.755005    0.000171
   -3.739665    0.000172
   -3.724325    0.000173
   -3.708985    0.000175
   -3.693646    0.000176
   -3.678306    0.000178
   -3.662966    0.000179
   -3.647626    0.000180
   -3.632286    0.000182
   -3.616947    0.000183
   -3.601607    0.000185
   -3.586267    0.000186
   -3.570927    0.000188
   -3.555587    0.000190
   -3.540248    0.000191
   -3.524908    0.000193
   -3.509568    0.000194
   -3.494228    0.000196
   -3.478888    0.000198
   -3.463548    0.000200
   -3.448209    0.000201
   -3.432869    0.000203
   -3.417529    0.000205
   -3.402189    0.000207
   -3.386849    0.000208
   -3.371510    0.000210
   -3.356170    0.000212
   -3.340830    0.000214
   -3.325490    0.000216
   -3.310150    0.000218
   -3.294811    0.000220
   -3.279471    0.000222
   -3.264131    0.000224
   -3.248791    0.000226
   -3.233451    0.000228
   -3.218112    0.000230
   -3.202772    0.000232
   -3.187432    0.000234
   -3.172092    0.000237
   -3.156752    0.000239
   -3.141413    0.000241
   -3.126073    0.000243
   -3.110733    0.000246
   -3.095393    0.000248
   -3.080053    0.000250
   -3.064714    0.000253
   -3.049374    0.000255
   -3.034034    0.000258
   -3.018694    0.000260
   -3.003354    0.000263
   -2.988015    0.000266
   -2.972675    0.000268
   -2.957335    0.000271
   -2.941995    0.000274
   -2.926655    0.000276
   -2.911315    0.000279
   -2.895976    0.000282
   -2.880636    0.000285
   -2.865296    0.000288
   -2.849956    0.000291
   -2.834616    0.000294
   -2.819277    0.000297
   -2.803937    0.000300
   -2.788597    0.000303
   -2.773257    0.000307
   -2.757917    0.000310
   -2.742578    0.000313
   -2.727238    0.000317
   -2.711898    0.000320
   -2.696558    0.000324
   -2.681218    0.000327
   -2.665879    0.000331
   -2.650539    0.000335
   -2.635199    0.000338
   -2.619859    0.000342
   -2.604519    0.000346
   -2.589180    0.000350
   -2.573840    0.000354
   -2.558500    0.000358
   -2.543160    0.000362
   -2.527820    0.000366
   -2.512481    0.000371
   -2.497141    0.000375
   -2.481801    0.000380
   -2.466461    0.000384
   -2.451121    0.000389
   -2.435782    0.000393
   -2.420442    0.000398
   -2.405102    0.000403
   -2.389762    0.000408
   -2.374422    0.000413
   -2.359083    0.000418
   -2.343743    0.000424
   -2.328403    0.000429
   -2.313063    0.000434
   -2.297723    0.000440
   -2.282383    0.000446
   -2.267044    0.000451
   -2.251704    0.000457
   -2.236364    0.000463
   -2.221024    0.000470
   -2.205684    0.000476
   -2.190345    0.000482
   -2.175005    0.000489
   -2.159665    0.000495
   -2.144325    0.000502
   -2.128985    0.000509
   -2.113646    0.000516
   -2.098306    0.000523
   -2.082966    0.000531
   -2.067626    0.000538
   -2.052286    0.000546
   -2.036947    0.000554
   -2.021607    0.000562
   -2.006267    0.000570
   -1.990927    0.000578
   -1.975587    0.000587
   -1.960248    0.000596
   -1.944908    0.000605
   -1.929568    0.000614
   -1.914228    0.000623
   -1.898888    0.000633
   -1.883549    0.000643
   -1.868209    0.000653
   -1.852869    0.000663
   -1.837529    0.000673
   -1.822189    0.000684
   -1.806850    0.000695
   -1.791510    0.000706
   -1.776170    0.000718
   -1.760830    0.000730
   -1.745490    0.000742
   -1.730150    0.000755
   -1.714811    0.000767
   -1.699471    0.000780
   -1.684131    0.000794
   -1.668791    0.000808
   -1.653451    0.000822
   -1.638112    0.000836
   -1.622772    0.000851
   -1.607432    0.000867
   -1.592092    0.000883
   -1.576752    0.000899
   -1.561413    0.000915
   -1.546073    0.000933
   -1.530733    0.000950
   -1.515393    0.000968
   -1.500053    0.000987
   -1.484714    0.001006
   -1.469374    0.001026
   -1.454034    0.001046
   -1.438694    0.001067
   -1.423354    0.001089
   -1.408015    0.001111
   -1.392675    0.001134
   -1.377335    0.001158
   -1.361995    0.001182
   -1.346655    0.001207
   -1.331316    0.001233
   -1.315976    0.001260
   -1.300636    0.001288
   -1.285296    0.001316
   -1.269956    0.001346
   -1.254617    0.001377
   -1.239277    0.001409
   -1.223937    0.001441
   -1.208597    0.001475
   -1.193257    0.001511
   -1.177917    0.001547
   -1.162578    0.001585
   -1.147238    0.001624
   -1.131898    0.001665
   -1.116558    0.001707
   -1.101218    0.001751
   -1.085879    0.001797
   -1.070539    0.001845
   -1.055199    0.001894
   -1.039859    0.001945
   -1.024519    0.001999
   -1.009180    0.002055
   -0.993840    0.002113
   -0.978500    0.002174
   -0.963160    0.002237
   -0.947820    0.002304
   -0.932481    0.002373
   -0.917141    0.002445
   -0.901801    0.002521
   -0.886461    0.002600
   -0.871121    0.002684
   -0.855782    0.002771
   -0.840442    0.002863
   -0.825102    0.002959
   -0.809762    0.003061
   -0.794422    0.003167
   -0.779083    0.003280
   -0.763743    0.003398
   -0.748403    0.003523
   -0.733063    0.003656
   -0.717723    0.003796
   -0.702384    0.003944
   -0.687044    0.004101
   -0.671704    0.004268
   -0.656364    0.004445
   -0.641024    0.004634
   -0.625685    0.004835
   -0.610345    0.005049
   -0.595005    0.005279
   -0.579665    0.005524
   -0.564325    0.005788
   -0.548985    0.006070
   -0.533646    0.006375
   -0.518306    0.006703
   -0.502966    0.007058
   -0.487626    0.007442
   -0.472286    0.007859
   -0.456947    0.008313
   -0.441607    0.008808
   -0.426267    0.009350
   -0.410927    0.009944
   -0.395587    0.010598
   -0.380248    0.011321
   -0.364908    0.012122
   -0.349568    0.013014
   -0.334228    0.014012
   -0.318888    0.015132
   -0.303549    0.016398
   -0.288209    0.017837
   -0.272869    0.019482
   -0.257529    0.021377
   -0.242189    0.023578
   -0.226850    0.026158
   -0.211510    0.029215
   -0.196170    0.032881
   -0.180830    0.037342
   -0.165490    0.042864
   -0.150151    0.049844
   -0.134811    0.058897
   -0.119471    0.071030
   -0.104131    0.088003
   -0.088791    0.113187
   -0.073452    0.153857
   -0.058112    0.228799
   -0.042772    0.402492
   -0.027432    1.043848
   -0.012092    3.848830
    0.003248    3.276048
    0.018587    2.852431
    0.033927    2.724874
    0.049267    2.800279
    0.064607    3.163134
    0.079947    4.283107
    0.095286    3.466369
    0.110626    3.410260
    0.125966    3.451662
    0.141306    3.867579
    0.156646    5.933371
    0.171985    4.906261
    0.187325    3.714715
    0.202665    3.298574
    0.218005    2.939668
    0.233345    1.869836
    0.248684    0.652775
    0.264024    0.302047
    0.279364    0.190142
    0.294704    0.135628
    0.310044    0.103491
    0.325383    0.082418
    0.340723    0.067626
    0.356063    0.056735
    0.371403    0.048427
    0.386743    0.041913
    0.402082    0.036692
    0.417422    0.032431
    0.432762    0.028901
    0.448102    0.025938
    0.463442    0.023424
    0.478781    0.021270
    0.494121    0.019409
    0.509461    0.017788
    0.524801    0.016367
    0.540141    0.015114
    0.555480    0.014003
    0.570820    0.013013
    0.586160    0.012126
    0.601500    0.011328
    0.616840    0.010608
    0.632180    0.009956
    0.647519    0.009363
    0.662859    0.008822
    0.678199    0.008328
    0.693539    0.007874
    0.708879    0.007457
    0.724218    0.007073
    0.739558    0.006718
    0.754898    0.006389
    0.770238    0.006084
    0.785578    0.005801
    0.800917    0.005537
    0.816257    0.005291
    0.831597    0.005061
    0.846937    0.004846
    0.862277    0.004645
    0.877616    0.004456
    0.892956    0.004278
    0.908296    0.004111
    0.923636    0.003953
    0.938976    0.003805
    0.954315    0.003665
    0.969655    0.003532
    0.984995    0.003406
    1.000335    0.003288
    1.015675    0.003175
    1.031014    0.003068
    1.046354    0.002966
    1.061694    0.002870
    1.077034    0.002778
    1.092374    0.002690
    1.107713    0.002606
    1.123053    0.002527
    1.138393    0.002451
    1.153733    0.002378
    1.169073    0.002309
    1.184413    0.002242
    1.199752    0.002179
    1.215092    0.002118
    1.230432    0.002059
    1.245772    0.002003
    1.261112    0.001950
    1.276451    0.001898
    1.291791    0.001848
    1.307131    0.001801
    1.322471    0.001755
    1.337811    0.001711
    1.353150    0.001668
    1.368490    0.001628
    1.383830    0.001588
    1.399170    0.001550
    1.414510    0.001514
    1.429849    0.001478
    1.445189    0.001444
    1.460529    0.001411
    1.475869    0.001379
    1.491209    0.001349
    1.506548    0.001319
    1.521888    0.001290
    1.537228    0.001262
    1.552568    0.001235
    1.567908    0.001209
    1.583247    0.001184
    1.598587    0.001160
    1.613927    0.001136
    1.629267    0.001113
    1.644607    0.001091
    1.659946    0.001069
    1.675286    0.001048
    1.690626    0.001028
    1.705966    0.001008
    1.721306    0.000988
    1.736646    0.000970
    1.751985    0.000952
    1.767325    0.000934
    1.782665    0.000917
    1.798005    0.000900
