# energy [H], band-resolved DOS
   -5.856558    0.000065
   -5.841218    0.000066
   -5.825879    0.000066
   -5.810539    0.000066
   -5.795199    0.000067
   -5.779859    0.000067
   -5.764519    0.000067
   -5.749179    0.000068
   -5.733840    0.000068
   -5.718500    0.000068
   -5.703160    0.000069
   -5.687820    0.000069
   -5.672480    0.000069
   -5.657141    0.000070
   -5.641801    0.000070
   -5.626461    0.000070
   -5.611121    0.000071
   -5.595781    0.000071
   -5.580442    0.000072
   -5.565102    0.000072
   -5.549762    0.000072
   -5.534422    0.000073
   -5.519082    0.000073
   -5.503743    0.000073
   -5.488403    0.000074
   -5.473063    0.000074
   -5.457723    0.000075
   -5.442383    0.000075
   -5.427044    0.000075
   -5.411704    0.000076
   -5.396364    0.000076
   -5.381024    0.000077
   -5.365684    0.000077
   -5.350345    0.000077
   -5.335005    0.000078
   -5.319665    0.000078
   -5.304325    0.000079
   -5.288985    0.000079
   -5.273646    0.000079
   -5.258306    0.000080
   -5.242966    0.000080
   -5.227626    0.000081
   -5.212286    0.000081
   -5.196946    0.000082
   -5.181607    0.000082
   -5.166267    0.000083
   -5.150927    0.000083
   -5.135587    0.000084
   -5.120247    0.000084
   -5.104908    0.000084
   -5.089568    0.000085
   -5.074228    0.000085
   -5.058888    0.000086
   -5.043548    0.000086
   -5.028209    0.000087
   -5.012869    0.000087
   -4.997529    0.000088
   -4.982189    0.000088
   -4.966849    0.000089
   -4.951510    0.000089
   -4.936170    0.000090
   -4.920830    0.000090
   -4.905490    0.000091
   -4.890150    0.000091
   -4.874811    0.000092
   -4.859471    0.000093
   -4.844131    0.000093
   -4.828791    0.000094
   -4.813451    0.000094
   -4.798112    0.000095
   -4.782772    0.000095
   -4.767432    0.000096
   -4.752092    0.000096
   -4.736752    0.000097
   -4.721413    0.000098
   -4.706073    0.000098
   -4.690733    0.000099
   -4.675393    0.000099
   -4.660053    0.000100
   -4.644713    0.000101
   -4.629374    0.000101
   -4.614034    0.000102
   -4.598694    0.000102
   -4.583354    0.000103
   -4.568014    0.000104
   -4.552675    0.000104
   -4.537335    0.000105
   -4.521995    0.000106
   -4.506655    0.000106
   -4.491315    0.000107
   -4.475976    0.000108
   -4.460636    0.000108
   -4.445296    0.000109
   -4.429956    0.000110
   -4.414616    0.000110
   -4.399277    0.000111
   -4.383937    0.000112
   -4.368597    0.000113
   -4.353257    0.000113
   -4.337917    0.000114
   -4.322578    0.000115
   -4.307238    0.000116
   -4.291898    0.000116
   -4.276558    0.000117
   -4.261218    0.000118
   -4.245879    0.000119
   -4.230539    0.000119
   -4.215199    0.000120
   -4.199859    0.000121
   -4.184519    0.000122
   -4.169180    0.000123
   -4.153840    0.000124
   -4.138500    0.000124
   -4.123160    0.000125
   -4.107820    0.000126
   -4.092481    0.000127
   -4.077141    0.000128
   -4.061801    0.000129
   -4.046461    0.000130
   -4.031121    0.000130
   -4.015781    0.000131
   -4.000442    0.000132
   -3.985102    0.000133
   -3.969762    0.000134
   -3.954422    0.000135
   -3.939082    0.000136
   -3.923743    0.000137
   -3.908403    0.000138
   -3.893063    0.000139
   -3.877723    0.000140
   -3.862383    0.000141
   -3.847044    0.000142
   -3.831704    0.000143
   -3.816364    0.000144
   -3.801024    0.000145
   -3.785684    0.000146
   -3.770345    0.000147
   -3.755005    0.000148
   -3.739665    0.000150
   -3.724325    0.000151
   -3.708985    0.000152
   -3.693646    0.000153
   -3.678306    0.000154
   -3.662966    0.000155
   -3.647626    0.000156
   -3.632286    0.000158
   -3.616947    0.000159
   -3.601607    0.000160
   -3.586267    0.000161
   -3.570927    0.000163
   -3.555587    0.000164
   -3.540248    0.000165
   -3.524908    0.000166
   -3.509568    0.000168
   -3.494228    0.000169
   -3.478888    0.000170
   -3.463548    0.000172
   -3.448209    0.000173
   -3.432869    0.000175
   -3.417529    0.000176
   -3.402189    0.000177
   -3.386849    0.000179
   -3.371510    0.000180
   -3.356170    0.000182
   -3.340830    0.000183
   -3.325490    0.000185
   -3.310150    0.000186
   -3.294811    0.000188
   -3.279471    0.000190
   -3.264131    0.000191
   -3.248791    0.000193
   -3.233451    0.000194
   -3.218112    0.000196
   -3.202772    0.000198
   -3.187432    0.000199
   -3.172092    0.000201
   -3.156752    0.000203
   -3.141413    0.000205
   -3.126073    0.000206
   -3.110733    0.000208
   -3.095393    0.000210
   -3.080053    0.000212
   -3.064714    0.000214
   -3.049374    0.000216
   -3.034034    0.000218
   -3.018694    0.000220
   -3.003354    0.000222
   -2.988015    0.000224
   -2.972675    0.000226
   -2.957335    0.000228
   -2.941995    0.000230
   -2.926655    0.000232
   -2.911315    0.000234
   -2.895976    0.000236
   -2.880636    0.000239
   -2.865296    0.000241
   -2.849956    0.000243
   -2.834616    0.000246
   -2.819277    0.000248
   -2.803937    0.000250
   -2.788597    0.000253
   -2.773257    0.000255
   -2.757917    0.000258
   -2.742578    0.000260
   -2.727238    0.000263
   -2.711898    0.000265
   -2.696558    0.000268
   -2.681218    0.000271
   -2.665879    0.000273
   -2.650539    0.000276
   -2.635199    0.000279
   -2.619859    0.000282
   -2.604519    0.000285
   -2.589180    0.000288
   -2.573840    0.000291
   -2.558500    0.000294
   -2.543160    0.000297
   -2.527820    0.000300
   -2.512481    0.000303
   -2.497141    0.000306
   -2.481801    0.000310
   -2.466461    0.000313
   -2.451121    0.000316
   -2.435782    0.000320
   -2.420442    0.000323
   -2.405102    0.000327
   -2.389762    0.000331
   -2.374422    0.000334
   -2.359083    0.000338
   -2.343743    0.000342
   -2.328403    0.000346
   -2.313063    0.000350
   -2.297723    0.000354
   -2.282383    0.000358
   -2.267044    0.000362
   -2.251704    0.000366
   -2.236364    0.000370
   -2.221024    0.000375
   -2.205684    0.000379
   -2.190345    0.000384
   -2.175005    0.000388
   -2.159665    0.000393
   -2.144325    0.000398
   -2.128985    0.000403
   -2.113646    0.000408
   -2.098306    0.000413
   -2.082966    0.000418
   -2.067626    0.000423
   -2.052286    0.000428
   -2.036947    0.000434
   -2.021607    0.000439
   -2.006267    0.000445
   -1.990927    0.000451
   -1.975587    0.000457
   -1.960248    0.000463
   -1.944908    0.000469
   -1.929568    0.000475
   -1.914228    0.000481
   -1.898888    0.000488
   -1.883549    0.000495
   -1.868209    0.000501
   -1.852869    0.000508
   -1.837529    0.000515
   -1.822189    0.000522
   -1.806850    0.000530
   -1.791510    0.000537
   -1.776170    0.000545
   -1.760830    0.000553
   -1.745490    0.000561
   -1.730150    0.000569
   -1.714811    0.000577
   -1.699471    0.000586
   -1.684131    0.000595
   -1.668791    0.000603
   -1.653451    0.000613
   -1.638112    0.000622
   -1.622772    0.000631
   -1.607432    0.000641
   -1.592092    0.000651
   -1.576752    0.000661
   -1.561413    0.000672
   -1.546073    0.000683
   -1.530733    0.000694
   -1.515393    0.000705
   -1.500053    0.000716
   -1.484714    0.000728
   -1.469374    0.000740
   -1.454034    0.000753
   -1.438694    0.000766
   -1.423354    0.000779
   -1.408015    0.000792
   -1.392675    0.000806
   -1.377335    0.000820
   -1.361995    0.000834
   -1.346655    0.000849
   -1.331316    0.000864
   -1.315976    0.000880
   -1.300636    0.000896
   -1.285296    0.000913
   -1.269956    0.000930
   -1.254617    0.000947
   -1.239277    0.000965
   -1.223937    0.000984
   -1.208597    0.001003
   -1.193257    0.001022
   -1.177917    0.001043
   -1.162578    0.001063
   -1.147238    0.001085
   -1.131898    0.001107
   -1.116558    0.001130
   -1.101218    0.001153
   -1.085879    0.001177
   -1.070539    0.001202
   -1.055199    0.001228
   -1.039859    0.001255
   -1.024519    0.001282
   -1.009180    0.001311
   -0.993840    0.001340
   -0.978500    0.001371
   -0.963160    0.001402
   -0.947820    0.001435
   -0.932481    0.001468
   -0.917141    0.001503
   -0.901801    0.001539
   -0.886461    0.001577
   -0.871121    0.001616
   -0.855782    0.001656
   -0.840442    0.001698
   -0.825102    0.001741
   -0.809762    0.001786
   -0.794422    0.001833
   -0.779083    0.001882
   -0.763743    0.001933
   -0.748403    0.001986
   -0.733063    0.002041
   -0.717723    0.002098
   -0.702384    0.002158
   -0.687044    0.002221
   -0.671704    0.002286
   -0.656364    0.002354
   -0.641024    0.002425
   -0.625685    0.002500
   -0.610345    0.002578
   -0.595005    0.002659
   -0.579665    0.002745
   -0.564325    0.002835
   -0.548985    0.002930
   -0.533646    0.003029
   -0.518306    0.003133
   -0.502966    0.003243
   -0.487626    0.003359
   -0.472286    0.003481
   -0.456947    0.003610
   -0.441607    0.003746
   -0.426267    0.003891
   -0.410927    0.004043
   -0.395587    0.004205
   -0.380248    0.004377
   -0.364908    0.004560
   -0.349568    0.004754
   -0.334228    0.004962
   -0.318888    0.005183
   -0.303549    0.005419
   -0.288209    0.005672
   -0.272869    0.005944
   -0.257529    0.006235
   -0.242189    0.006548
   -0.226850    0.006886
   -0.211510    0.007251
   -0.196170    0.007646
   -0.180830    0.008075
   -0.165490    0.008541
   -0.150151    0.009049
   -0.134811    0.009604
   -0.119471    0.010212
   -0.104131    0.010881
   -0.088791    0.011619
   -0.073452    0.012436
   -0.058112    0.013343
   -0.042772    0.014355
   -0.027432    0.015489
   -0.012092    0.016765
    0.003248    0.018211
    0.018587    0.019856
    0.033927    0.021742
    0.049267    0.023919
    0.064607    0.026452
    0.079947    0.029428
    0.095286    0.032962
    0.110626    0.037211
    0.125966    0.042395
    0.141306    0.048836
    0.156646    0.057018
    0.171985    0.067714
    0.187325    0.082241
    0.202665    0.103065
    0.218005    0.135476
    0.233345    0.193409
    0.248684    0.328782
    0.264024    0.899052
    0.279364    1.998265
    0.294704    1.696727
    0.310044    1.784601
    0.325383    2.225773
    0.340723    4.073380
    0.356063    6.276458
    0.371403    6.529240
    0.386743    4.947255
    0.402082    7.177457
    0.417422    8.419818
    0.432762    7.730221
    0.448102    4.254410
    0.463442    2.275169
    0.478781    0.746365
    0.494121    0.400638
    0.509461    0.260306
    0.524801    0.186043
    0.540141    0.140910
    0.555480    0.111032
    0.570820    0.090059
    0.586160    0.074691
    0.601500    0.063050
    0.616840    0.053999
    0.632180    0.046808
    0.647519    0.040992
    0.662859    0.036215
    0.678199    0.032242
    0.693539    0.028898
    0.708879    0.026055
    0.724218    0.023618
    0.739558    0.021512
    0.754898    0.019678
    0.770238    0.018072
    0.785578    0.016657
    0.800917    0.015403
    0.816257    0.014287
    0.831597    0.013288
    0.846937    0.012392
    0.862277    0.011584
    0.877616    0.010853
    0.892956    0.010190
    0.908296    0.009586
    0.923636    0.009035
    0.938976    0.008530
    0.954315    0.008066
    0.969655    0.007639
    0.984995    0.007246
    1.000335    0.006882
    1.015675    0.006545
    1.031014    0.006233
    1.046354    0.005942
    1.061694    0.005671
    1.077034    0.005419
    1.092374    0.005183
    1.107713    0.004962
    1.123053    0.004755
    1.138393    0.004561
    1.153733    0.004378
    1.169073    0.004206
    1.184413    0.004045
    1.199752    0.003892
    1.215092    0.003748
    1.230432    0.003612
    1.245772    0.003483
    1.261112    0.003360
    1.276451    0.003245
    1.291791    0.003135
    1.307131    0.003030
    1.322471    0.002931
    1.337811    0.002837
    1.353150    0.002747
    1.368490    0.002661
    1.383830    0.002579
    1.399170    0.002501
    1.414510    0.002427
    1.429849    0.002355
    1.445189    0.002287
    1.460529    0.002222
    1.475869    0.002159
    1.491209    0.002099
    1.506548    0.002042
    1.521888    0.001987
    1.537228    0.001934
    1.552568    0.001883
    1.567908    0.001834
    1.583247    0.001787
    1.598587    0.001742
    1.613927    0.001699
    1.629267    0.001657
    1.644607    0.001617
    1.659946    0.001578
    1.675286    0.001540
    1.690626    0.001504
    1.705966    0.001469
    1.721306    0.001435
    1.736646    0.001403
    1.751985    0.001371
    1.767325    0.001341
    1.782665    0.001312
    1.798005    0.001283
