# energy [H], band-resolved DOS
   -5.856558    0.000081
   -5.841218    0.000081
   -5.825879    0.000082
   -5.810539    0.000082
   -5.795199    0.000083
   -5.779859    0.000083
   -5.764519    0.000084
   -5.749179    0.000084
   -5.733840    0.000085
   -5.718500    0.000085
   -5.703160    0.000086
   -5.687820    0.000086
   -5.672480    0.000086
   -5.657141    0.000087
   -5.641801    0.000087
   -5.626461    0.000088
   -5.611121    0.000088
   -5.595781    0.000089
   -5.580442    0.000090
   -5.565102    0.000090
   -5.549762    0.000091
   -5.534422    0.000091
   -5.519082    0.000092
   -5.503743    0.000092
   -5.488403    0.000093
   -5.473063    0.000093
   -5.457723    0.000094
   -5.442383    0.000094
   -5.427044    0.000095
   -5.411704    0.000095
   -5.396364    0.000096
   -5.381024    0.000097
   -5.365684    0.000097
   -5.350345    0.000098
   -5.335005    0.000098
   -5.319665    0.000099
   -5.304325    0.000100
   -5.288985    0.000100
   -5.273646    0.000101
   -5.258306    0.000101
   -5.242966    0.000102
   -5.227626    0.000103
   -5.212286    0.000103
   -5.196946    0.000104
   -5.181607    0.000105
   -5.166267    0.000105
   -5.150927    0.000106
   -5.135587    0.000107
   -5.120247    0.000107
   -5.104908    0.000108
   -5.089568    0.000109
   -5.074228    0.000109
   -5.058888    0.000110
   -5.043548    0.000111
   -5.028209    0.000111
   -5.012869    0.000112
   -4.997529    0.000113
   -4.982189    0.000114
   -4.966849    0.000114
   -4.951510    0.000115
   -4.936170    0.000116
   -4.920830    0.000117
   -4.905490    0.000117
   -4.890150    0.000118
   -4.874811    0.000119
   -4.859471    0.000120
   -4.844131    0.000120
   -4.828791    0.000121
   -4.813451    0.000122
   -4.798112    0.000123
   -4.782772    0.000124
   -4.767432    0.000125
   -4.752092    0.000125
   -4.736752    0.000126
   -4.721413    0.000127
   -4.706073    0.000128
   -4.690733    0.000129
   -4.675393    0.000130
   -4.660053    0.000131
   -4.644713    0.000132
   -4.629374    0.000133
   -4.614034    0.000134
   -4.598694    0.000134
   -4.583354    0.000135
   -4.568014    0.000136
   -4.552675    0.000137
   -4.537335    0.000138
   -4.521995    0.000139
   -4.506655    0.000140
   -4.491315    0.000141
   -4.475976    0.000142
   -4.460636    0.000143
   -4.445296    0.000144
   -4.429956    0.000146
   -4.414616    0.000147
   -4.399277    0.000148
   -4.383937    0.000149
   -4.368597    0.000150
   -4.353257    0.000151
   -4.337917    0.000152
   -4.322578    0.000153
   -4.307238    0.000154
   -4.291898    0.000156
   -4.276558    0.000157
   -4.261218    0.000158
   -4.245879    0.000159
   -4.230539    0.000160
   -4.215199    0.000162
   -4.199859    0.000163
   -4.184519    0.000164
   -4.169180    0.000166
   -4.153840    0.000167
   -4.138500    0.000168
   -4.123160    0.000169
   -4.107820    0.000171
   -4.092481    0.000172
   -4.077141    0.000174
   -4.061801    0.000175
   -4.046461    0.000176
   -4.031121    0.000178
   -4.015781    0.000179
   -4.000442    0.000181
   -3.985102    0.000182
   -3.969762    0.000184
   -3.954422    0.000185
   -3.939082    0.000187
   -3.923743    0.000188
   -3.908403    0.000190
   -3.893063    0.000192
   -3.877723    0.000193
   -3.862383    0.000195
   -3.847044    0.000196
   -3.831704    0.000198
   -3.816364    0.000200
   -3.801024    0.000202
   -3.785684    0.000203
   -3.770345    0.000205
   -3.755005    0.000207
   -3.739665    0.000209
   -3.724325    0.000211
   -3.708985    0.000212
   -3.693646    0.000214
   -3.678306    0.000216
   -3.662966    0.000218
   -3.647626    0.000220
   -3.632286    0.000222
   -3.616947    0.000224
   -3.601607    0.000226
   -3.586267    0.000228
   -3.570927    0.000230
   -3.555587    0.000233
   -3.540248    0.000235
   -3.524908    0.000237
   -3.509568    0.000239
   -3.494228    0.000241
   -3.478888    0.000244
   -3.463548    0.000246
   -3.448209    0.000248
   -3.432869    0.000251
   -3.417529    0.000253
   -3.402189    0.000256
   -3.386849    0.000258
   -3.371510    0.000261
   -3.356170    0.000263
   -3.340830    0.000266
   -3.325490    0.000269
   -3.310150    0.000271
   -3.294811    0.000274
   -3.279471    0.000277
   -3.264131    0.000280
   -3.248791    0.000283
   -3.233451    0.000286
   -3.218112    0.000288
   -3.202772    0.000291
   -3.187432    0.000295
   -3.172092    0.000298
   -3.156752    0.000301
   -3.141413    0.000304
   -3.126073    0.000307
   -3.110733    0.000311
   -3.095393    0.000314
   -3.080053    0.000317
   -3.064714    0.000321
   -3.049374    0.000324
   -3.034034    0.000328
   -3.018694    0.000332
   -3.003354    0.000335
   -2.988015    0.000339
   -2.972675    0.000343
   -2.957335    0.000347
   -2.941995    0.000351
   -2.926655    0.000355
   -2.911315    0.000359
   -2.895976    0.000363
   -2.880636    0.000367
   -2.865296    0.000372
   -2.849956    0.000376
   -2.834616    0.000380
   -2.819277    0.000385
   -2.803937    0.000390
   -2.788597    0.000394
   -2.773257    0.000399
   -2.757917    0.000404
   -2.742578    0.000409
   -2.727238    0.000414
   -2.711898    0.000419
   -2.696558    0.000424
   -2.681218    0.000430
   -2.665879    0.000435
   -2.650539    0.000441
   -2.635199    0.000447
   -2.619859    0.000452
   -2.604519    0.000458
   -2.589180    0.000464
   -2.573840    0.000470
   -2.558500    0.000477
   -2.543160    0.000483
   -2.527820    0.000490
   -2.512481    0.000496
   -2.497141    0.000503
   -2.481801    0.000510
   -2.466461    0.000517
   -2.451121    0.000524
   -2.435782    0.000532
   -2.420442    0.000539
   -2.405102    0.000547
   -2.389762    0.000555
   -2.374422    0.000563
   -2.359083    0.000571
   -2.343743    0.000579
   -2.328403    0.000588
   -2.313063    0.000597
   -2.297723    0.000606
   -2.282383    0.000615
   -2.267044    0.000624
   -2.251704    0.000634
   -2.236364    0.000644
   -2.221024    0.000654
   -2.205684    0.000664
   -2.190345    0.000675
   -2.175005    0.000685
   -2.159665    0.000697
   -2.144325    0.000708
   -2.128985    0.000719
   -2.113646    0.000731
   -2.098306    0.000744
   -2.082966    0.000756
   -2.067626    0.000769
   -2.052286    0.000782
   -2.036947    0.000795
   -2.021607    0.000809
   -2.006267    0.000823
   -1.990927    0.000838
   -1.975587    0.000853
   -1.960248    0.000868
   -1.944908    0.000884
   -1.929568    0.000900
   -1.914228    0.000917
   -1.898888    0.000934
   -1.883549    0.000952
   -1.868209    0.000970
   -1.852869    0.000989
   -1.837529    0.001008
   -1.822189    0.001027
   -1.806850    0.001048
   -1.791510    0.001069
   -1.776170    0.001090
   -1.760830    0.001113
   -1.745490    0.001136
   -1.730150    0.001159
   -1.714811    0.001184
   -1.699471    0.001209
   -1.684131    0.001235
   -1.668791    0.001262
   -1.653451    0.001289
   -1.638112    0.001318
   -1.622772    0.001348
   -1.607432    0.001378
   -1.592092    0.001410
   -1.576752    0.001443
   -1.561413    0.001477
   -1.546073    0.001512
   -1.530733    0.001548
   -1.515393    0.001586
   -1.500053    0.001625
   -1.484714    0.001666
   -1.469374    0.001708
   -1.454034    0.001752
   -1.438694    0.001798
   -1.423354    0.001845
   -1.408015    0.001894
   -1.392675    0.001945
   -1.377335    0.001999
   -1.361995    0.002054
   -1.346655    0.002112
   -1.331316    0.002173
   -1.315976    0.002236
   -1.300636    0.002302
   -1.285296    0.002370
   -1.269956    0.002442
   -1.254617    0.002518
   -1.239277    0.002596
   -1.223937    0.002679
   -1.208597    0.002766
   -1.193257    0.002856
   -1.177917    0.002952
   -1.162578    0.003052
   -1.147238    0.003158
   -1.131898    0.003269
   -1.116558    0.003386
   -1.101218    0.003509
   -1.085879    0.003640
   -1.070539    0.003778
   -1.055199    0.003923
   -1.039859    0.004078
   -1.024519    0.004242
   -1.009180    0.004416
   -0.993840    0.004600
   -0.978500    0.004797
   -0.963160    0.005007
   -0.947820    0.005231
   -0.932481    0.005470
   -0.917141    0.005726
   -0.901801    0.006000
   -0.886461    0.006295
   -0.871121    0.006612
   -0.855782    0.006954
   -0.840442    0.007323
   -0.825102    0.007723
   -0.809762    0.008156
   -0.794422    0.008627
   -0.779083    0.009141
   -0.763743    0.009702
   -0.748403    0.010316
   -0.733063    0.010991
   -0.717723    0.011736
   -0.702384    0.012559
   -0.687044    0.013473
   -0.671704    0.014491
   -0.656364    0.015630
   -0.641024    0.016910
   -0.625685    0.018356
   -0.610345    0.019999
   -0.595005    0.021875
   -0.579665    0.024031
   -0.564325    0.026529
   -0.548985    0.029444
   -0.533646    0.032876
   -0.518306    0.036959
   -0.502966    0.041872
   -0.487626    0.047859
   -0.472286    0.055270
   -0.456947    0.064606
   -0.441607    0.076623
   -0.426267    0.092496
   -0.410927    0.114156
   -0.395587    0.144970
   -0.380248    0.191330
   -0.364908    0.266834
   -0.349568    0.405774
   -0.334228    0.722515
   -0.318888    1.858210
   -0.303549    6.081696
   -0.288209    6.849060
   -0.272869   11.174034
   -0.257529    6.211649
   -0.242189    6.704877
   -0.226850    4.761825
   -0.211510    3.263517
   -0.196170    3.179200
   -0.180830    3.902878
   -0.165490    5.318412
   -0.150151    1.248435
   -0.134811    0.505238
   -0.119471    0.291100
   -0.104131    0.196201
   -0.088791    0.143995
   -0.073452    0.111438
   -0.058112    0.089425
   -0.042772    0.073682
   -0.027432    0.061951
   -0.012092    0.052929
    0.003248    0.045816
    0.018587    0.040093
    0.033927    0.035410
    0.049267    0.031524
    0.064607    0.028259
    0.079947    0.025488
    0.095286    0.023113
    0.110626    0.021061
    0.125966    0.019275
    0.141306    0.017710
    0.156646    0.016331
    0.171985    0.015109
    0.187325    0.014021
    0.202665    0.013048
    0.218005    0.012173
    0.233345    0.011385
    0.248684    0.010671
    0.264024    0.010023
    0.279364    0.009433
    0.294704    0.008894
    0.310044    0.008400
    0.325383    0.007946
    0.340723    0.007528
    0.356063    0.007143
    0.371403    0.006787
    0.386743    0.006457
    0.402082    0.006150
    0.417422    0.005865
    0.432762    0.005599
    0.448102    0.005351
    0.463442    0.005120
    0.478781    0.004903
    0.494121    0.004699
    0.509461    0.004508
    0.524801    0.004329
    0.540141    0.004160
    0.555480    0.004001
    0.570820    0.003850
    0.586160    0.003709
    0.601500    0.003574
    0.616840    0.003447
    0.632180    0.003327
    0.647519    0.003213
    0.662859    0.003105
    0.678199    0.003002
    0.693539    0.002904
    0.708879    0.002811
    0.724218    0.002722
    0.739558    0.002637
    0.754898    0.002557
    0.770238    0.002480
    0.785578    0.002406
    0.800917    0.002336
    0.816257    0.002268
    0.831597    0.002204
    0.846937    0.002142
    0.862277    0.002083
    0.877616    0.002026
    0.892956    0.001972
    0.908296    0.001919
    0.923636    0.001869
    0.938976    0.001821
    0.954315    0.001774
    0.969655    0.001730
    0.984995    0.001687
    1.000335    0.001645
    1.015675    0.001605
    1.031014    0.001567
    1.046354    0.001530
    1.061694    0.001494
    1.077034    0.001459
    1.092374    0.001426
    1.107713    0.001394
    1.123053    0.001363
    1.138393    0.001333
    1.153733    0.001303
    1.169073    0.001275
    1.184413    0.001248
    1.199752    0.001222
    1.215092    0.001196
    1.230432    0.001171
    1.245772    0.001147
    1.261112    0.001124
    1.276451    0.001101
    1.291791    0.001079
    1.307131    0.001058
    1.322471    0.001037
    1.337811    0.001017
    1.353150    0.000998
    1.368490    0.000979
    1.383830    0.000961
    1.399170    0.000943
    1.414510    0.000925
    1.429849    0.000909
    1.445189    0.000892
    1.460529    0.000876
    1.475869    0.000861
    1.491209    0.000845
    1.506548    0.000831
    1.521888    0.000816
    1.537228    0.000802
    1.552568    0.000789
    1.567908    0.000775
    1.583247    0.000762
    1.598587    0.000750
    1.613927    0.000737
    1.629267    0.000725
    1.644607    0.000714
    1.659946    0.000702
    1.675286    0.000691
    1.690626    0.000680
    1.705966    0.000669
    1.721306    0.000659
    1.736646    0.000649
    1.751985    0.000639
    1.767325    0.000629
    1.782665    0.000620
    1.798005    0.000610
