# energy [H], band-resolved DOS
   -5.856558    0.000093
   -5.841218    0.000093
   -5.825879    0.000094
   -5.810539    0.000094
   -5.795199    0.000095
   -5.779859    0.000096
   -5.764519    0.000096
   -5.749179    0.000097
   -5.733840    0.000097
   -5.718500    0.000098
   -5.703160    0.000098
   -5.687820    0.000099
   -5.672480    0.000100
   -5.657141    0.000100
   -5.641801    0.000101
   -5.626461    0.000102
   -5.611121    0.000102
   -5.595781    0.000103
   -5.580442    0.000103
   -5.565102    0.000104
   -5.549762    0.000105
   -5.534422    0.000105
   -5.519082    0.000106
   -5.503743    0.000107
   -5.488403    0.000107
   -5.473063    0.000108
   -5.457723    0.000109
   -5.442383    0.000109
   -5.427044    0.000110
   -5.411704    0.000111
   -5.396364    0.000112
   -5.381024    0.000112
   -5.365684    0.000113
   -5.350345    0.000114
   -5.335005    0.000114
   -5.319665    0.000115
   -5.304325    0.000116
   -5.288985    0.000117
   -5.273646    0.000117
   -5.258306    0.000118
   -5.242966    0.000119
   -5.227626    0.000120
   -5.212286    0.000121
   -5.196946    0.000121
   -5.181607    0.000122
   -5.166267    0.000123
   -5.150927    0.000124
   -5.135587    0.000125
   -5.120247    0.000126
   -5.104908    0.000126
   -5.089568    0.000127
   -5.074228    0.000128
   -5.058888    0.000129
   -5.043548    0.000130
   -5.028209    0.000131
   -5.012869    0.000132
   -4.997529    0.000133
   -4.982189    0.000134
   -4.966849    0.000135
   -4.951510    0.000136
   -4.936170    0.000137
   -4.920830    0.000138
   -4.905490    0.000139
   -4.890150    0.000140
   -4.874811    0.000141
   -4.859471    0.000142
   -4.844131    0.000143
   -4.828791    0.000144
   -4.813451    0.000145
   -4.798112    0.000146
   -4.782772    0.000147
   -4.767432    0.000148
   -4.752092    0.000149
   -4.736752    0.000150
   -4.721413    0.000151
   -4.706073    0.000152
   -4.690733    0.000154
   -4.675393    0.000155
   -4.660053    0.000156
   -4.644713    0.000157
   -4.629374    0.000158
   -4.614034    0.000159
   -4.598694    0.000161
   -4.583354    0.000162
   -4.568014    0.000163
   -4.552675    0.000164
   -4.537335    0.000166
   -4.521995    0.000167
   -4.506655    0.000168
   -4.491315    0.000170
   -4.475976    0.000171
   -4.460636    0.000172
   -4.445296    0.000174
   -4.429956    0.000175
   -4.414616    0.000177
   -4.399277    0.000178
   -4.383937    0.000180
   -4.368597    0.000181
   -4.353257    0.000183
   -4.337917    0.000184
   -4.322578    0.000186
   -4.307238    0.000187
   -4.291898    0.000189
   -4.276558    0.000190
   -4.261218    0.000192
   -4.245879    0.000193
   -4.230539    0.000195
   -4.215199    0.000197
   -4.199859    0.000199
   -4.184519    0.000200
   -4.169180    0.000202
   -4.153840    0.000204
   -4.138500    0.000205
   -4.123160    0.000207
   -4.107820    0.000209
   -4.092481    0.000211
   -4.077141    0.000213
   -4.061801    0.000215
   -4.046461    0.000217
   -4.031121    0.000219
   -4.015781    0.000221
   -4.000442    0.000223
   -3.985102    0.000225
   -3.969762    0.000227
   -3.954422    0.000229
   -3.939082    0.000231
   -3.923743    0.000233
   -3.908403    0.000235
   -3.893063    0.000237
   -3.877723    0.000240
   -3.862383    0.000242
   -3.847044    0.000244
   -3.831704    0.000247
   -3.816364    0.000249
   -3.801024    0.000251
   -3.785684    0.000254
   -3.770345    0.000256
   -3.755005    0.000259
   -3.739665    0.000261
   -3.724325    0.000264
   -3.708985    0.000267
   -3.693646    0.000269
   -3.678306    0.000272
   -3.662966    0.000275
   -3.647626    0.000277
   -3.632286    0.000280
   -3.616947    0.000283
   -3.601607    0.000286
   -3.586267    0.000289
   -3.570927    0.000292
   -3.555587    0.000295
   -3.540248    0.000298
   -3.524908    0.000301
   -3.509568    0.000305
   -3.494228    0.000308
   -3.478888    0.000311
   -3.463548    0.000315
   -3.448209    0.000318
   -3.432869    0.000321
   -3.417529    0.000325
   -3.402189    0.000329
   -3.386849    0.000332
   -3.371510    0.000336
   -3.356170    0.000340
   -3.340830    0.000344
   -3.325490    0.000347
   -3.310150    0.000351
   -3.294811    0.000355
   -3.279471    0.000360
   -3.264131    0.000364
   -3.248791    0.000368
   -3.233451    0.000372
   -3.218112    0.000377
   -3.202772    0.000381
   -3.187432    0.000386
   -3.172092    0.000390
   -3.156752    0.000395
   -3.141413    0.000400
   -3.126073    0.000405
   -3.110733    0.000410
   -3.095393    0.000415
   -3.080053    0.000420
   -3.064714    0.000426
   -3.049374    0.000431
   -3.034034    0.000436
   -3.018694    0.000442
   -3.003354    0.000448
   -2.988015    0.000454
   -2.972675    0.000459
   -2.957335    0.000466
   -2.941995    0.000472
   -2.926655    0.000478
   -2.911315    0.000484
   -2.895976    0.000491
   -2.880636    0.000498
   -2.865296    0.000504
   -2.849956    0.000511
   -2.834616    0.000519
   -2.819277    0.000526
   -2.803937    0.000533
   -2.788597    0.000541
   -2.773257    0.000548
   -2.757917    0.000556
   -2.742578    0.000564
   -2.727238    0.000573
   -2.711898    0.000581
   -2.696558    0.000590
   -2.681218    0.000599
   -2.665879    0.000608
   -2.650539    0.000617
   -2.635199    0.000626
   -2.619859    0.000636
   -2.604519    0.000646
   -2.589180    0.000656
   -2.573840    0.000666
   -2.558500    0.000677
   -2.543160    0.000688
   -2.527820    0.000699
   -2.512481    0.000710
   -2.497141    0.000722
   -2.481801    0.000734
   -2.466461    0.000746
   -2.451121    0.000758
   -2.435782    0.000771
   -2.420442    0.000784
   -2.405102    0.000798
   -2.389762    0.000812
   -2.374422    0.000826
   -2.359083    0.000841
   -2.343743    0.000856
   -2.328403    0.000871
   -2.313063    0.000887
   -2.297723    0.000903
   -2.282383    0.000920
   -2.267044    0.000937
   -2.251704    0.000955
   -2.236364    0.000973
   -2.221024    0.000992
   -2.205684    0.001011
   -2.190345    0.001031
   -2.175005    0.001052
   -2.159665    0.001073
   -2.144325    0.001094
   -2.128985    0.001117
   -2.113646    0.001140
   -2.098306    0.001164
   -2.082966    0.001188
   -2.067626    0.001214
   -2.052286    0.001240
   -2.036947    0.001267
   -2.021607    0.001295
   -2.006267    0.001323
   -1.990927    0.001353
   -1.975587    0.001384
   -1.960248    0.001416
   -1.944908    0.001449
   -1.929568    0.001483
   -1.914228    0.001518
   -1.898888    0.001555
   -1.883549    0.001593
   -1.868209    0.001633
   -1.852869    0.001673
   -1.837529    0.001716
   -1.822189    0.001760
   -1.806850    0.001806
   -1.791510    0.001854
   -1.776170    0.001903
   -1.760830    0.001955
   -1.745490    0.002008
   -1.730150    0.002064
   -1.714811    0.002123
   -1.699471    0.002184
   -1.684131    0.002247
   -1.668791    0.002313
   -1.653451    0.002383
   -1.638112    0.002455
   -1.622772    0.002531
   -1.607432    0.002610
   -1.592092    0.002693
   -1.576752    0.002781
   -1.561413    0.002872
   -1.546073    0.002968
   -1.530733    0.003070
   -1.515393    0.003176
   -1.500053    0.003288
   -1.484714    0.003406
   -1.469374    0.003530
   -1.454034    0.003662
   -1.438694    0.003801
   -1.423354    0.003948
   -1.408015    0.004104
   -1.392675    0.004269
   -1.377335    0.004444
   -1.361995    0.004631
   -1.346655    0.004829
   -1.331316    0.005041
   -1.315976    0.005267
   -1.300636    0.005508
   -1.285296    0.005767
   -1.269956    0.006044
   -1.254617    0.006342
   -1.239277    0.006662
   -1.223937    0.007007
   -1.208597    0.007381
   -1.193257    0.007784
   -1.177917    0.008222
   -1.162578    0.008699
   -1.147238    0.009218
   -1.131898    0.009785
   -1.116558    0.010407
   -1.101218    0.011090
   -1.085879    0.011844
   -1.070539    0.012677
   -1.055199    0.013602
   -1.039859    0.014634
   -1.024519    0.015788
   -1.009180    0.017086
   -0.993840    0.018553
   -0.978500    0.020219
   -0.963160    0.022124
   -0.947820    0.024315
   -0.932481    0.026853
   -0.917141    0.029819
   -0.901801    0.033315
   -0.886461    0.037479
   -0.871121    0.042496
   -0.855782    0.048624
   -0.840442    0.056226
   -0.825102    0.065838
   -0.809762    0.078265
   -0.794422    0.094787
   -0.779083    0.117542
   -0.763743    0.150364
   -0.748403    0.200816
   -0.733063    0.285929
   -0.717723    0.452577
   -0.702384    0.881010
   -0.687044    2.830819
   -0.671704    6.794223
   -0.656364    5.548720
   -0.641024    6.428896
   -0.625685    6.242679
   -0.610345    5.748763
   -0.595005    7.098645
   -0.579665   11.098321
   -0.564325    5.537788
   -0.548985    1.452352
   -0.533646    0.669114
   -0.518306    0.395587
   -0.502966    0.265373
   -0.487626    0.192061
   -0.472286    0.146234
   -0.456947    0.115465
   -0.441607    0.093705
   -0.426267    0.077695
   -0.410927    0.065544
   -0.395587    0.056087
   -0.380248    0.048571
   -0.364908    0.042493
   -0.349568    0.037504
   -0.334228    0.033356
   -0.318888    0.029868
   -0.303549    0.026905
   -0.288209    0.024367
   -0.272869    0.022174
   -0.257529    0.020268
   -0.242189    0.018599
   -0.226850    0.017129
   -0.211510    0.015829
   -0.196170    0.014671
   -0.180830    0.013638
   -0.165490    0.012710
   -0.150151    0.011874
   -0.134811    0.011119
   -0.119471    0.010433
   -0.104131    0.009810
   -0.088791    0.009241
   -0.073452    0.008720
   -0.058112    0.008242
   -0.042772    0.007803
   -0.027432    0.007398
   -0.012092    0.007024
    0.003248    0.006677
    0.018587    0.006356
    0.033927    0.006057
    0.049267    0.005779
    0.064607    0.005520
    0.079947    0.005278
    0.095286    0.005051
    0.110626    0.004839
    0.125966    0.004640
    0.141306    0.004453
    0.156646    0.004277
    0.171985    0.004112
    0.187325    0.003955
    0.202665    0.003808
    0.218005    0.003669
    0.233345    0.003537
    0.248684    0.003412
    0.264024    0.003294
    0.279364    0.003181
    0.294704    0.003075
    0.310044    0.002973
    0.325383    0.002877
    0.340723    0.002785
    0.356063    0.002698
    0.371403    0.002614
    0.386743    0.002535
    0.402082    0.002459
    0.417422    0.002386
    0.432762    0.002317
    0.448102    0.002250
    0.463442    0.002187
    0.478781    0.002126
    0.494121    0.002067
    0.509461    0.002011
    0.524801    0.001957
    0.540141    0.001906
    0.555480    0.001856
    0.570820    0.001808
    0.586160    0.001762
    0.601500    0.001718
    0.616840    0.001676
    0.632180    0.001635
    0.647519    0.001595
    0.662859    0.001557
    0.678199    0.001520
    0.693539    0.001485
    0.708879    0.001451
    0.724218    0.001418
    0.739558    0.001386
    0.754898    0.001355
    0.770238    0.001325
    0.785578    0.001296
    0.800917    0.001268
    0.816257    0.001241
    0.831597    0.001215
    0.846937    0.001190
    0.862277    0.001165
    0.877616    0.001141
    0.892956    0.001118
    0.908296    0.001096
    0.923636    0.001074
    0.938976    0.001053
    0.954315    0.001032
    0.969655    0.001012
    0.984995    0.000993
    1.000335    0.000974
    1.015675    0.000956
    1.031014    0.000938
    1.046354    0.000921
    1.061694    0.000904
    1.077034    0.000888
    1.092374    0.000872
    1.107713    0.000857
    1.123053    0.000842
    1.138393    0.000827
    1.153733    0.000813
    1.169073    0.000799
    1.184413    0.000785
    1.199752    0.000772
    1.215092    0.000759
    1.230432    0.000747
    1.245772    0.000734
    1.261112    0.000722
    1.276451    0.000711
    1.291791    0.000699
    1.307131    0.000688
    1.322471    0.000677
    1.337811    0.000667
    1.353150    0.000656
    1.368490    0.000646
    1.383830    0.000636
    1.399170    0.000627
    1.414510    0.000617
    1.429849    0.000608
    1.445189    0.000599
    1.460529    0.000590
    1.475869    0.000582
    1.491209    0.000573
    1.506548    0.000565
    1.521888    0.000557
    1.537228    0.000549
    1.552568    0.000541
    1.567908    0.000534
    1.583247    0.000526
    1.598587    0.000519
    1.613927    0.000512
    1.629267    0.000505
    1.644607    0.000498
    1.659946    0.000491
    1.675286    0.000485
    1.690626    0.000478
    1.705966    0.000472
    1.721306    0.000466
    1.736646    0.000460
    1.751985    0.000454
    1.767325    0.000448
    1.782665    0.000442
    1.798005    0.000437
