# energy [H], band-resolved DOS
   -5.856558    0.000098
   -5.841218    0.000098
   -5.825879    0.000099
   -5.810539    0.000100
   -5.795199    0.000100
   -5.779859    0.000101
   -5.764519    0.000101
   -5.749179    0.000102
   -5.733840    0.000103
   -5.718500    0.000103
   -5.703160    0.000104
   -5.687820    0.000105
   -5.672480    0.000105
   -5.657141    0.000106
   -5.641801    0.000107
   -5.626461    0.000107
   -5.611121    0.000108
   -5.595781    0.000109
   -5.580442    0.000109
   -5.565102    0.000110
   -5.549762    0.000111
   -5.534422    0.000111
   -5.519082    0.000112
   -5.503743    0.000113
   -5.488403    0.000114
   -5.473063    0.000114
   -5.457723    0.000115
   -5.442383    0.000116
   -5.427044    0.000117
   -5.411704    0.000117
   -5.396364    0.000118
   -5.381024    0.000119
   -5.365684    0.000120
   -5.350345    0.000121
   -5.335005    0.000121
   -5.319665    0.000122
   -5.304325    0.000123
   -5.288985    0.000124
   -5.273646    0.000125
   -5.258306    0.000126
   -5.242966    0.000126
   -5.227626    0.000127
   -5.212286    0.000128
   -5.196946    0.000129
   -5.181607    0.000130
   -5.166267    0.000131
   -5.150927    0.000132
   -5.135587    0.000133
   -5.120247    0.000134
   -5.104908    0.000135
   -5.089568    0.000136
   -5.074228    0.000137
   -5.058888    0.000138
   -5.043548    0.000138
   -5.028209    0.000139
   -5.012869    0.000140
   -4.997529    0.000142
   -4.982189    0.000143
   -4.966849    0.000144
   -4.951510    0.000145
   -4.936170    0.000146
   -4.920830    0.000147
   -4.905490    0.000148
   -4.890150    0.000149
   -4.874811    0.000150
   -4.859471    0.000151
   -4.844131    0.000152
   -4.828791    0.000153
   -4.813451    0.000155
   -4.798112    0.000156
   -4.782772    0.000157
   -4.767432    0.000158
   -4.752092    0.000159
   -4.736752    0.000161
   -4.721413    0.000162
   -4.706073    0.000163
   -4.690733    0.000164
   -4.675393    0.000166
   -4.660053    0.000167
   -4.644713    0.000168
   -4.629374    0.000170
   -4.614034    0.000171
   -4.598694    0.000172
   -4.583354    0.000174
   -4.568014    0.000175
   -4.552675    0.000177
   -4.537335    0.000178
   -4.521995    0.000179
   -4.506655    0.000181
   -4.491315    0.000182
   -4.475976    0.000184
   -4.460636    0.000185
   -4.445296    0.000187
   -4.429956    0.000189
   -4.414616    0.000190
   -4.399277    0.000192
   -4.383937    0.000193
   -4.368597    0.000195
   -4.353257    0.000197
   -4.337917    0.000198
   -4.322578    0.000200
   -4.307238    0.000202
   -4.291898    0.000204
   -4.276558    0.000205
   -4.261218    0.000207
   -4.245879    0.000209
   -4.230539    0.000211
   -4.215199    0.000213
   -4.199859    0.000215
   -4.184519    0.000217
   -4.169180    0.000219
   -4.153840    0.000220
   -4.138500    0.000222
   -4.123160    0.000225
   -4.107820    0.000227
   -4.092481    0.000229
   -4.077141    0.000231
   -4.061801    0.000233
   -4.046461    0.000235
   -4.031121    0.000237
   -4.015781    0.000240
   -4.000442    0.000242
   -3.985102    0.000244
   -3.969762    0.000246
   -3.954422    0.000249
   -3.939082    0.000251
   -3.923743    0.000254
   -3.908403    0.000256
   -3.893063    0.000259
   -3.877723    0.000261
   -3.862383    0.000264
   -3.847044    0.000266
   -3.831704    0.000269
   -3.816364    0.000272
   -3.801024    0.000275
   -3.785684    0.000277
   -3.770345    0.000280
   -3.755005    0.000283
   -3.739665    0.000286
   -3.724325    0.000289
   -3.708985    0.000292
   -3.693646    0.000295
   -3.678306    0.000298
   -3.662966    0.000301
   -3.647626    0.000304
   -3.632286    0.000308
   -3.616947    0.000311
   -3.601607    0.000314
   -3.586267    0.000318
   -3.570927    0.000321
   -3.555587    0.000325
   -3.540248    0.000328
   -3.524908    0.000332
   -3.509568    0.000336
   -3.494228    0.000339
   -3.478888    0.000343
   -3.463548    0.000347
   -3.448209    0.000351
   -3.432869    0.000355
   -3.417529    0.000359
   -3.402189    0.000364
   -3.386849    0.000368
   -3.371510    0.000372
   -3.356170    0.000376
   -3.340830    0.000381
   -3.325490    0.000386
   -3.310150    0.000390
   -3.294811    0.000395
   -3.279471    0.000400
   -3.264131    0.000405
   -3.248791    0.000410
   -3.233451    0.000415
   -3.218112    0.000420
   -3.202772    0.000425
   -3.187432    0.000431
   -3.172092    0.000436
   -3.156752    0.000442
   -3.141413    0.000447
   -3.126073    0.000453
   -3.110733    0.000459
   -3.095393    0.000465
   -3.080053    0.000471
   -3.064714    0.000478
   -3.049374    0.000484
   -3.034034    0.000490
   -3.018694    0.000497
   -3.003354    0.000504
   -2.988015    0.000511
   -2.972675    0.000518
   -2.957335    0.000525
   -2.941995    0.000533
   -2.926655    0.000540
   -2.911315    0.000548
   -2.895976    0.000556
   -2.880636    0.000564
   -2.865296    0.000572
   -2.849956    0.000580
   -2.834616    0.000589
   -2.819277    0.000598
   -2.803937    0.000607
   -2.788597    0.000616
   -2.773257    0.000625
   -2.757917    0.000635
   -2.742578    0.000645
   -2.727238    0.000655
   -2.711898    0.000665
   -2.696558    0.000676
   -2.681218    0.000687
   -2.665879    0.000698
   -2.650539    0.000709
   -2.635199    0.000721
   -2.619859    0.000733
   -2.604519    0.000745
   -2.589180    0.000757
   -2.573840    0.000770
   -2.558500    0.000783
   -2.543160    0.000797
   -2.527820    0.000811
   -2.512481    0.000825
   -2.497141    0.000839
   -2.481801    0.000854
   -2.466461    0.000870
   -2.451121    0.000886
   -2.435782    0.000902
   -2.420442    0.000919
   -2.405102    0.000936
   -2.389762    0.000953
   -2.374422    0.000972
   -2.359083    0.000990
   -2.343743    0.001009
   -2.328403    0.001029
   -2.313063    0.001050
   -2.297723    0.001071
   -2.282383    0.001092
   -2.267044    0.001114
   -2.251704    0.001137
   -2.236364    0.001161
   -2.221024    0.001186
   -2.205684    0.001211
   -2.190345    0.001237
   -2.175005    0.001264
   -2.159665    0.001291
   -2.144325    0.001320
   -2.128985    0.001350
   -2.113646    0.001380
   -2.098306    0.001412
   -2.082966    0.001445
   -2.067626    0.001479
   -2.052286    0.001514
   -2.036947    0.001551
   -2.021607    0.001588
   -2.006267    0.001628
   -1.990927    0.001668
   -1.975587    0.001710
   -1.960248    0.001754
   -1.944908    0.001800
   -1.929568    0.001847
   -1.914228    0.001896
   -1.898888    0.001948
   -1.883549    0.002001
   -1.868209    0.002057
   -1.852869    0.002114
   -1.837529    0.002175
   -1.822189    0.002238
   -1.806850    0.002304
   -1.791510    0.002372
   -1.776170    0.002444
   -1.760830    0.002519
   -1.745490    0.002598
   -1.730150    0.002680
   -1.714811    0.002767
   -1.699471    0.002857
   -1.684131    0.002953
   -1.668791    0.003053
   -1.653451    0.003158
   -1.638112    0.003268
   -1.622772    0.003385
   -1.607432    0.003508
   -1.592092    0.003638
   -1.576752    0.003775
   -1.561413    0.003920
   -1.546073    0.004074
   -1.530733    0.004236
   -1.515393    0.004409
   -1.500053    0.004593
   -1.484714    0.004788
   -1.469374    0.004996
   -1.454034    0.005218
   -1.438694    0.005455
   -1.423354    0.005708
   -1.408015    0.005980
   -1.392675    0.006271
   -1.377335    0.006584
   -1.361995    0.006921
   -1.346655    0.007285
   -1.331316    0.007678
   -1.315976    0.008104
   -1.300636    0.008567
   -1.285296    0.009070
   -1.269956    0.009619
   -1.254617    0.010219
   -1.239277    0.010877
   -1.223937    0.011601
   -1.208597    0.012399
   -1.193257    0.013283
   -1.177917    0.014265
   -1.162578    0.015360
   -1.147238    0.016586
   -1.131898    0.017965
   -1.116558    0.019523
   -1.101218    0.021293
   -1.085879    0.023315
   -1.070539    0.025640
   -1.055199    0.028330
   -1.039859    0.031467
   -1.024519    0.035154
   -1.009180    0.039531
   -0.993840    0.044778
   -0.978500    0.051143
   -0.963160    0.058968
   -0.947820    0.068736
   -0.932481    0.081146
   -0.917141    0.097246
   -0.901801    0.118656
   -0.886461    0.147992
   -0.871121    0.189705
   -0.855782    0.251867
   -0.840442    0.350362
   -0.825102    0.520060
   -0.809762    0.850077
   -0.794422    1.626604
   -0.779083    4.194741
   -0.763743   20.000282
   -0.748403   23.050656
   -0.733063    4.616719
   -0.717723    1.729267
   -0.702384    0.888716
   -0.687044    0.538481
   -0.671704    0.360518
   -0.656364    0.258043
   -0.641024    0.193735
   -0.625685    0.150765
   -0.610345    0.120644
   -0.595005    0.098720
   -0.579665    0.082269
   -0.564325    0.069610
   -0.548985    0.059663
   -0.533646    0.051704
   -0.518306    0.045237
   -0.502966    0.039911
   -0.487626    0.035474
   -0.472286    0.031737
   -0.456947    0.028560
   -0.441607    0.025838
   -0.426267    0.023487
   -0.410927    0.021443
   -0.395587    0.019655
   -0.380248    0.018081
   -0.364908    0.016689
   -0.349568    0.015452
   -0.334228    0.014347
   -0.318888    0.013357
   -0.303549    0.012466
   -0.288209    0.011661
   -0.272869    0.010932
   -0.257529    0.010269
   -0.242189    0.009664
   -0.226850    0.009111
   -0.211510    0.008605
   -0.196170    0.008139
   -0.180830    0.007711
   -0.165490    0.007315
   -0.150151    0.006949
   -0.134811    0.006610
   -0.119471    0.006295
   -0.104131    0.006002
   -0.088791    0.005729
   -0.073452    0.005474
   -0.058112    0.005236
   -0.042772    0.005013
   -0.027432    0.004804
   -0.012092    0.004608
    0.003248    0.004423
    0.018587    0.004250
    0.033927    0.004086
    0.049267    0.003932
    0.064607    0.003786
    0.079947    0.003648
    0.095286    0.003518
    0.110626    0.003395
    0.125966    0.003277
    0.141306    0.003166
    0.156646    0.003061
    0.171985    0.002960
    0.187325    0.002865
    0.202665    0.002774
    0.218005    0.002687
    0.233345    0.002604
    0.248684    0.002525
    0.264024    0.002450
    0.279364    0.002378
    0.294704    0.002309
    0.310044    0.002243
    0.325383    0.002180
    0.340723    0.002119
    0.356063    0.002061
    0.371403    0.002005
    0.386743    0.001952
    0.402082    0.001900
    0.417422    0.001851
    0.432762    0.001804
    0.448102    0.001758
    0.463442    0.001714
    0.478781    0.001672
    0.494121    0.001631
    0.509461    0.001591
    0.524801    0.001554
    0.540141    0.001517
    0.555480    0.001482
    0.570820    0.001448
    0.586160    0.001415
    0.601500    0.001383
    0.616840    0.001352
    0.632180    0.001322
    0.647519    0.001294
    0.662859    0.001266
    0.678199    0.001239
    0.693539    0.001213
    0.708879    0.001188
    0.724218    0.001163
    0.739558    0.001139
    0.754898    0.001116
    0.770238    0.001094
    0.785578    0.001072
    0.800917    0.001051
    0.816257    0.001031
    0.831597    0.001011
    0.846937    0.000992
    0.862277    0.000973
    0.877616    0.000955
    0.892956    0.000937
    0.908296    0.000920
    0.923636    0.000903
    0.938976    0.000887
    0.954315    0.000871
    0.969655    0.000856
    0.984995    0.000841
    1.000335    0.000826
    1.015675    0.000812
    1.031014    0.000798
    1.046354    0.000784
    1.061694    0.000771
    1.077034    0.000758
    1.092374    0.000746
    1.107713    0.000734
    1.123053    0.000722
    1.138393    0.000710
    1.153733    0.000699
    1.169073    0.000688
    1.184413    0.000677
    1.199752    0.000666
    1.215092    0.000656
    1.230432    0.000646
    1.245772    0.000636
    1.261112    0.000626
    1.276451    0.000617
    1.291791    0.000608
    1.307131    0.000599
    1.322471    0.000590
    1.337811    0.000581
    1.353150    0.000573
    1.368490    0.000564
    1.383830    0.000556
    1.399170    0.000549
    1.414510    0.000541
    1.429849    0.000533
    1.445189    0.000526
    1.460529    0.000519
    1.475869    0.000511
    1.491209    0.000504
    1.506548    0.000498
    1.521888    0.000491
    1.537228    0.000484
    1.552568    0.000478
    1.567908    0.000472
    1.583247    0.000466
    1.598587    0.000460
    1.613927    0.000454
    1.629267    0.000448
    1.644607    0.000442
    1.659946    0.000436
    1.675286    0.000431
    1.690626    0.000426
    1.705966    0.000420
    1.721306    0.000415
    1.736646    0.000410
    1.751985    0.000405
    1.767325    0.000400
    1.782665    0.000395
    1.798005    0.000391
