# energy [H], band-resolved DOS
   -5.856558    0.000082
   -5.841218    0.000083
   -5.825879    0.000083
   -5.810539    0.000083
   -5.795199    0.000084
   -5.779859    0.000084
   -5.764519    0.000085
   -5.749179    0.000085
   -5.733840    0.000086
   -5.718500    0.000086
   -5.703160    0.000087
   -5.687820    0.000087
   -5.672480    0.000088
   -5.657141    0.000088
   -5.641801    0.000089
   -5.626461    0.000089
   -5.611121    0.000090
   -5.595781    0.000090
   -5.580442    0.000091
   -5.565102    0.000091
   -5.549762    0.000092
   -5.534422    0.000093
   -5.519082    0.000093
   -5.503743    0.000094
   -5.488403    0.000094
   -5.473063    0.000095
   -5.457723    0.000095
   -5.442383    0.000096
   -5.427044    0.000096
   -5.411704    0.000097
   -5.396364    0.000098
   -5.381024    0.000098
   -5.365684    0.000099
   -5.350345    0.000099
   -5.335005    0.000100
   -5.319665    0.000101
   -5.304325    0.000101
   -5.288985    0.000102
   -5.273646    0.000102
   -5.258306    0.000103
   -5.242966    0.000104
   -5.227626    0.000104
   -5.212286    0.000105
   -5.196946    0.000106
   -5.181607    0.000106
   -5.166267    0.000107
   -5.150927    0.000108
   -5.135587    0.000108
   -5.120247    0.000109
   -5.104908    0.000110
   -5.089568    0.000110
   -5.074228    0.000111
   -5.058888    0.000112
   -5.043548    0.000113
   -5.028209    0.000113
   -5.012869    0.000114
   -4.997529    0.000115
   -4.982189    0.000116
   -4.966849    0.000116
   -4.951510    0.000117
   -4.936170    0.000118
   -4.920830    0.000119
   -4.905490    0.000119
   -4.890150    0.000120
   -4.874811    0.000121
   -4.859471    0.000122
   -4.844131    0.000123
   -4.828791    0.000123
   -4.813451    0.000124
   -4.798112    0.000125
   -4.782772    0.000126
   -4.767432    0.000127
   -4.752092    0.000128
   -4.736752    0.000129
   -4.721413    0.000130
   -4.706073    0.000130
   -4.690733    0.000131
   -4.675393    0.000132
   -4.660053    0.000133
   -4.644713    0.000134
   -4.629374    0.000135
   -4.614034    0.000136
   -4.598694    0.000137
   -4.583354    0.000138
   -4.568014    0.000139
   -4.552675    0.000140
   -4.537335    0.000141
   -4.521995    0.000142
   -4.506655    0.000143
   -4.491315    0.000144
   -4.475976    0.000145
   -4.460636    0.000146
   -4.445296    0.000147
   -4.429956    0.000148
   -4.414616    0.000150
   -4.399277    0.000151
   -4.383937    0.000152
   -4.368597    0.000153
   -4.353257    0.000154
   -4.337917    0.000155
   -4.322578    0.000156
   -4.307238    0.000158
   -4.291898    0.000159
   -4.276558    0.000160
   -4.261218    0.000161
   -4.245879    0.000163
   -4.230539    0.000164
   -4.215199    0.000165
   -4.199859    0.000166
   -4.184519    0.000168
   -4.169180    0.000169
   -4.153840    0.000170
   -4.138500    0.000172
   -4.123160    0.000173
   -4.107820    0.000175
   -4.092481    0.000176
   -4.077141    0.000177
   -4.061801    0.000179
   -4.046461    0.000180
   -4.031121    0.000182
   -4.015781    0.000183
   -4.000442    0.000185
   -3.985102    0.000186
   -3.969762    0.000188
   -3.954422    0.000189
   -3.939082    0.000191
   -3.923743    0.000193
   -3.908403    0.000194
   -3.893063    0.000196
   -3.877723    0.000198
   -3.862383    0.000199
   -3.847044    0.000201
   -3.831704    0.000203
   -3.816364    0.000205
   -3.801024    0.000206
   -3.785684    0.000208
   -3.770345    0.000210
   -3.755005    0.000212
   -3.739665    0.000214
   -3.724325    0.000216
   -3.708985    0.000218
   -3.693646    0.000220
   -3.678306    0.000222
   -3.662966    0.000224
   -3.647626    0.000226
   -3.632286    0.000228
   -3.616947    0.000230
   -3.601607    0.000232
   -3.586267    0.000234
   -3.570927    0.000236
   -3.555587    0.000239
   -3.540248    0.000241
   -3.524908    0.000243
   -3.509568    0.000245
   -3.494228    0.000248
   -3.478888    0.000250
   -3.463548    0.000253
   -3.448209    0.000255
   -3.432869    0.000257
   -3.417529    0.000260
   -3.402189    0.000263
   -3.386849    0.000265
   -3.371510    0.000268
   -3.356170    0.000271
   -3.340830    0.000273
   -3.325490    0.000276
   -3.310150    0.000279
   -3.294811    0.000282
   -3.279471    0.000285
   -3.264131    0.000288
   -3.248791    0.000290
   -3.233451    0.000294
   -3.218112    0.000297
   -3.202772    0.000300
   -3.187432    0.000303
   -3.172092    0.000306
   -3.156752    0.000309
   -3.141413    0.000313
   -3.126073    0.000316
   -3.110733    0.000320
   -3.095393    0.000323
   -3.080053    0.000327
   -3.064714    0.000330
   -3.049374    0.000334
   -3.034034    0.000338
   -3.018694    0.000342
   -3.003354    0.000345
   -2.988015    0.000349
   -2.972675    0.000353
   -2.957335    0.000357
   -2.941995    0.000362
   -2.926655    0.000366
   -2.911315    0.000370
   -2.895976    0.000374
   -2.880636    0.000379
   -2.865296    0.000383
   -2.849956    0.000388
   -2.834616    0.000393
   -2.819277    0.000397
   -2.803937    0.000402
   -2.788597    0.000407
   -2.773257    0.000412
   -2.757917    0.000417
   -2.742578    0.000423
   -2.727238    0.000428
   -2.711898    0.000433
   -2.696558    0.000439
   -2.681218    0.000445
   -2.665879    0.000450
   -2.650539    0.000456
   -2.635199    0.000462
   -2.619859    0.000468
   -2.604519    0.000475
   -2.589180    0.000481
   -2.573840    0.000487
   -2.558500    0.000494
   -2.543160    0.000501
   -2.527820    0.000508
   -2.512481    0.000515
   -2.497141    0.000522
   -2.481801    0.000529
   -2.466461    0.000537
   -2.451121    0.000544
   -2.435782    0.000552
   -2.420442    0.000560
   -2.405102    0.000568
   -2.389762    0.000577
   -2.374422    0.000585
   -2.359083    0.000594
   -2.343743    0.000603
   -2.328403    0.000612
   -2.313063    0.000621
   -2.297723    0.000631
   -2.282383    0.000640
   -2.267044    0.000650
   -2.251704    0.000661
   -2.236364    0.000671
   -2.221024    0.000682
   -2.205684    0.000693
   -2.190345    0.000704
   -2.175005    0.000715
   -2.159665    0.000727
   -2.144325    0.000739
   -2.128985    0.000752
   -2.113646    0.000764
   -2.098306    0.000777
   -2.082966    0.000791
   -2.067626    0.000804
   -2.052286    0.000818
   -2.036947    0.000833
   -2.021607    0.000848
   -2.006267    0.000863
   -1.990927    0.000878
   -1.975587    0.000894
   -1.960248    0.000911
   -1.944908    0.000928
   -1.929568    0.000945
   -1.914228    0.000963
   -1.898888    0.000982
   -1.883549    0.001001
   -1.868209    0.001020
   -1.852869    0.001040
   -1.837529    0.001061
   -1.822189    0.001082
   -1.806850    0.001104
   -1.791510    0.001127
   -1.776170    0.001150
   -1.760830    0.001175
   -1.745490    0.001199
   -1.730150    0.001225
   -1.714811    0.001252
   -1.699471    0.001279
   -1.684131    0.001307
   -1.668791    0.001336
   -1.653451    0.001367
   -1.638112    0.001398
   -1.622772    0.001430
   -1.607432    0.001464
   -1.592092    0.001498
   -1.576752    0.001534
   -1.561413    0.001572
   -1.546073    0.001610
   -1.530733    0.001650
   -1.515393    0.001692
   -1.500053    0.001735
   -1.484714    0.001780
   -1.469374    0.001826
   -1.454034    0.001875
   -1.438694    0.001925
   -1.423354    0.001978
   -1.408015    0.002032
   -1.392675    0.002089
   -1.377335    0.002148
   -1.361995    0.002210
   -1.346655    0.002275
   -1.331316    0.002342
   -1.315976    0.002413
   -1.300636    0.002487
   -1.285296    0.002564
   -1.269956    0.002645
   -1.254617    0.002730
   -1.239277    0.002818
   -1.223937    0.002912
   -1.208597    0.003010
   -1.193257    0.003113
   -1.177917    0.003221
   -1.162578    0.003336
   -1.147238    0.003456
   -1.131898    0.003583
   -1.116558    0.003717
   -1.101218    0.003859
   -1.085879    0.004009
   -1.070539    0.004169
   -1.055199    0.004337
   -1.039859    0.004517
   -1.024519    0.004707
   -1.009180    0.004910
   -0.993840    0.005127
   -0.978500    0.005358
   -0.963160    0.005605
   -0.947820    0.005870
   -0.932481    0.006154
   -0.917141    0.006459
   -0.901801    0.006787
   -0.886461    0.007141
   -0.871121    0.007524
   -0.855782    0.007938
   -0.840442    0.008388
   -0.825102    0.008876
   -0.809762    0.009409
   -0.794422    0.009992
   -0.779083    0.010630
   -0.763743    0.011332
   -0.748403    0.012106
   -0.733063    0.012962
   -0.717723    0.013913
   -0.702384    0.014973
   -0.687044    0.016159
   -0.671704    0.017492
   -0.656364    0.018998
   -0.641024    0.020708
   -0.625685    0.022661
   -0.610345    0.024905
   -0.595005    0.027503
   -0.579665    0.030531
   -0.564325    0.034093
   -0.548985    0.038321
   -0.533646    0.043395
   -0.518306    0.049559
   -0.502966    0.057152
   -0.487626    0.066658
   -0.472286    0.078789
   -0.456947    0.094624
   -0.441607    0.115873
   -0.426267    0.145383
   -0.410927    0.188207
   -0.395587    0.254100
   -0.380248    0.364201
   -0.364908    0.572880
   -0.349568    1.065908
   -0.334228    2.925870
   -0.318888    8.721452
   -0.303549   14.249289
   -0.288209   12.593616
   -0.272869    6.614369
   -0.257529    4.567279
   -0.242189    5.548768
   -0.226850    2.701575
   -0.211510    0.852397
   -0.196170    0.448258
   -0.180830    0.288212
   -0.165490    0.204754
   -0.150151    0.154433
   -0.134811    0.121272
   -0.119471    0.098066
   -0.104131    0.081101
   -0.088791    0.068278
   -0.073452    0.058327
   -0.058112    0.050437
   -0.042772    0.044068
   -0.027432    0.038847
   -0.012092    0.034511
    0.003248    0.030870
    0.018587    0.027781
    0.033927    0.025137
    0.049267    0.022855
    0.064607    0.020873
    0.079947    0.019139
    0.095286    0.017614
    0.110626    0.016265
    0.125966    0.015065
    0.141306    0.013995
    0.156646    0.013035
    0.171985    0.012170
    0.187325    0.011390
    0.202665    0.010682
    0.218005    0.010038
    0.233345    0.009451
    0.248684    0.008914
    0.264024    0.008422
    0.279364    0.007970
    0.294704    0.007553
    0.310044    0.007168
    0.325383    0.006812
    0.340723    0.006481
    0.356063    0.006175
    0.371403    0.005889
    0.386743    0.005623
    0.402082    0.005375
    0.417422    0.005143
    0.432762    0.004925
    0.448102    0.004721
    0.463442    0.004529
    0.478781    0.004349
    0.494121    0.004180
    0.509461    0.004020
    0.524801    0.003869
    0.540141    0.003727
    0.555480    0.003592
    0.570820    0.003464
    0.586160    0.003343
    0.601500    0.003229
    0.616840    0.003120
    0.632180    0.003016
    0.647519    0.002918
    0.662859    0.002824
    0.678199    0.002735
    0.693539    0.002650
    0.708879    0.002569
    0.724218    0.002492
    0.739558    0.002418
    0.754898    0.002347
    0.770238    0.002279
    0.785578    0.002214
    0.800917    0.002152
    0.816257    0.002093
    0.831597    0.002036
    0.846937    0.001981
    0.862277    0.001928
    0.877616    0.001878
    0.892956    0.001829
    0.908296    0.001783
    0.923636    0.001738
    0.938976    0.001695
    0.954315    0.001653
    0.969655    0.001613
    0.984995    0.001574
    1.000335    0.001537
    1.015675    0.001501
    1.031014    0.001466
    1.046354    0.001432
    1.061694    0.001400
    1.077034    0.001369
    1.092374    0.001338
    1.107713    0.001309
    1.123053    0.001281
    1.138393    0.001253
    1.153733    0.001227
    1.169073    0.001201
    1.184413    0.001176
    1.199752    0.001152
    1.215092    0.001129
    1.230432    0.001106
    1.245772    0.001084
    1.261112    0.001062
    1.276451    0.001042
    1.291791    0.001022
    1.307131    0.001002
    1.322471    0.000983
    1.337811    0.000964
    1.353150    0.000946
    1.368490    0.000929
    1.383830    0.000912
    1.399170    0.000896
    1.414510    0.000879
    1.429849    0.000864
    1.445189    0.000849
    1.460529    0.000834
    1.475869    0.000819
    1.491209    0.000805
    1.506548    0.000791
    1.521888    0.000778
    1.537228    0.000765
    1.552568    0.000752
    1.567908    0.000740
    1.583247    0.000728
    1.598587    0.000716
    1.613927    0.000705
    1.629267    0.000693
    1.644607    0.000682
    1.659946    0.000672
    1.675286    0.000661
    1.690626    0.000651
    1.705966    0.000641
    1.721306    0.000631
    1.736646    0.000622
    1.751985    0.000612
    1.767325    0.000603
    1.782665    0.000594
    1.798005    0.000586
