# energy [H], band-resolved DOS
   -5.856558    0.000064
   -5.841218    0.000064
   -5.825879    0.000065
   -5.810539    0.000065
   -5.795199    0.000065
   -5.779859    0.000066
   -5.764519    0.000066
   -5.749179    0.000066
   -5.733840    0.000067
   -5.718500    0.000067
   -5.703160    0.000067
   -5.687820    0.000068
   -5.672480    0.000068
   -5.657141    0.000068
   -5.641801    0.000069
   -5.626461    0.000069
   -5.611121    0.000069
   -5.595781    0.000070
   -5.580442    0.000070
   -5.565102    0.000071
   -5.549762    0.000071
   -5.534422    0.000071
   -5.519082    0.000072
   -5.503743    0.000072
   -5.488403    0.000072
   -5.473063    0.000073
   -5.457723    0.000073
   -5.442383    0.000074
   -5.427044    0.000074
   -5.411704    0.000074
   -5.396364    0.000075
   -5.381024    0.000075
   -5.365684    0.000075
   -5.350345    0.000076
   -5.335005    0.000076
   -5.319665    0.000077
   -5.304325    0.000077
   -5.288985    0.000077
   -5.273646    0.000078
   -5.258306    0.000078
   -5.242966    0.000079
   -5.227626    0.000079
   -5.212286    0.000080
   -5.196946    0.000080
   -5.181607    0.000080
   -5.166267    0.000081
   -5.150927    0.000081
   -5.135587    0.000082
   -5.120247    0.000082
   -5.104908    0.000083
   -5.089568    0.000083
   -5.074228    0.000084
   -5.058888    0.000084
   -5.043548    0.000085
   -5.028209    0.000085
   -5.012869    0.000086
   -4.997529    0.000086
   -4.982189    0.000087
   -4.966849    0.000087
   -4.951510    0.000087
   -4.936170    0.000088
   -4.920830    0.000089
   -4.905490    0.000089
   -4.890150    0.000090
   -4.874811    0.000090
   -4.859471    0.000091
   -4.844131    0.000091
   -4.828791    0.000092
   -4.813451    0.000092
   -4.798112    0.000093
   -4.782772    0.000093
   -4.767432    0.000094
   -4.752092    0.000094
   -4.736752    0.000095
   -4.721413    0.000095
   -4.706073    0.000096
   -4.690733    0.000097
   -4.675393    0.000097
   -4.660053    0.000098
   -4.644713    0.000098
   -4.629374    0.000099
   -4.614034    0.000100
   -4.598694    0.000100
   -4.583354    0.000101
   -4.568014    0.000101
   -4.552675    0.000102
   -4.537335    0.000103
   -4.521995    0.000103
   -4.506655    0.000104
   -4.491315    0.000105
   -4.475976    0.000105
   -4.460636    0.000106
   -4.445296    0.000107
   -4.429956    0.000107
   -4.414616    0.000108
   -4.399277    0.000109
   -4.383937    0.000109
   -4.368597    0.000110
   -4.353257    0.000111
   -4.337917    0.000111
   -4.322578    0.000112
   -4.307238    0.000113
   -4.291898    0.000114
   -4.276558    0.000114
   -4.261218    0.000115
   -4.245879    0.000116
   -4.230539    0.000117
   -4.215199    0.000117
   -4.199859    0.000118
   -4.184519    0.000119
   -4.169180    0.000120
   -4.153840    0.000120
   -4.138500    0.000121
   -4.123160    0.000122
   -4.107820    0.000123
   -4.092481    0.000124
   -4.077141    0.000125
   -4.061801    0.000125
   -4.046461    0.000126
   -4.031121    0.000127
   -4.015781    0.000128
   -4.000442    0.000129
   -3.985102    0.000130
   -3.969762    0.000131
   -3.954422    0.000132
   -3.939082    0.000133
   -3.923743    0.000134
   -3.908403    0.000134
   -3.893063    0.000135
   -3.877723    0.000136
   -3.862383    0.000137
   -3.847044    0.000138
   -3.831704    0.000139
   -3.816364    0.000140
   -3.801024    0.000141
   -3.785684    0.000142
   -3.770345    0.000143
   -3.755005    0.000144
   -3.739665    0.000146
   -3.724325    0.000147
   -3.708985    0.000148
   -3.693646    0.000149
   -3.678306    0.000150
   -3.662966    0.000151
   -3.647626    0.000152
   -3.632286    0.000153
   -3.616947    0.000154
   -3.601607    0.000156
   -3.586267    0.000157
   -3.570927    0.000158
   -3.555587    0.000159
   -3.540248    0.000160
   -3.524908    0.000162
   -3.509568    0.000163
   -3.494228    0.000164
   -3.478888    0.000166
   -3.463548    0.000167
   -3.448209    0.000168
   -3.432869    0.000169
   -3.417529    0.000171
   -3.402189    0.000172
   -3.386849    0.000174
   -3.371510    0.000175
   -3.356170    0.000176
   -3.340830    0.000178
   -3.325490    0.000179
   -3.310150    0.000181
   -3.294811    0.000182
   -3.279471    0.000184
   -3.264131    0.000185
   -3.248791    0.000187
   -3.233451    0.000188
   -3.218112    0.000190
   -3.202772    0.000192
   -3.187432    0.000193
   -3.172092    0.000195
   -3.156752    0.000196
   -3.141413    0.000198
   -3.126073    0.000200
   -3.110733    0.000202
   -3.095393    0.000203
   -3.080053    0.000205
   -3.064714    0.000207
   -3.049374    0.000209
   -3.034034    0.000211
   -3.018694    0.000212
   -3.003354    0.000214
   -2.988015    0.000216
   -2.972675    0.000218
   -2.957335    0.000220
   -2.941995    0.000222
   -2.926655    0.000224
   -2.911315    0.000226
   -2.895976    0.000228
   -2.880636    0.000231
   -2.865296    0.000233
   -2.849956    0.000235
   -2.834616    0.000237
   -2.819277    0.000239
   -2.803937    0.000242
   -2.788597    0.000244
   -2.773257    0.000246
   -2.757917    0.000249
   -2.742578    0.000251
   -2.727238    0.000253
   -2.711898    0.000256
   -2.696558    0.000258
   -2.681218    0.000261
   -2.665879    0.000263
   -2.650539    0.000266
   -2.635199    0.000269
   -2.619859    0.000271
   -2.604519    0.000274
   -2.589180    0.000277
   -2.573840    0.000280
   -2.558500    0.000283
   -2.543160    0.000286
   -2.527820    0.000289
   -2.512481    0.000292
   -2.497141    0.000295
   -2.481801    0.000298
   -2.466461    0.000301
   -2.451121    0.000304
   -2.435782    0.000307
   -2.420442    0.000311
   -2.405102    0.000314
   -2.389762    0.000317
   -2.374422    0.000321
   -2.359083    0.000324
   -2.343743    0.000328
   -2.328403    0.000332
   -2.313063    0.000335
   -2.297723    0.000339
   -2.282383    0.000343
   -2.267044    0.000347
   -2.251704    0.000351
   -2.236364    0.000355
   -2.221024    0.000359
   -2.205684    0.000363
   -2.190345    0.000367
   -2.175005    0.000372
   -2.159665    0.000376
   -2.144325    0.000380
   -2.128985    0.000385
   -2.113646    0.000390
   -2.098306    0.000394
   -2.082966    0.000399
   -2.067626    0.000404
   -2.052286    0.000409
   -2.036947    0.000414
   -2.021607    0.000419
   -2.006267    0.000424
   -1.990927    0.000430
   -1.975587    0.000435
   -1.960248    0.000441
   -1.944908    0.000447
   -1.929568    0.000452
   -1.914228    0.000458
   -1.898888    0.000464
   -1.883549    0.000470
   -1.868209    0.000477
   -1.852869    0.000483
   -1.837529    0.000490
   -1.822189    0.000496
   -1.806850    0.000503
   -1.791510    0.000510
   -1.776170    0.000517
   -1.760830    0.000524
   -1.745490    0.000532
   -1.730150    0.000539
   -1.714811    0.000547
   -1.699471    0.000555
   -1.684131    0.000563
   -1.668791    0.000571
   -1.653451    0.000579
   -1.638112    0.000588
   -1.622772    0.000597
   -1.607432    0.000606
   -1.592092    0.000615
   -1.576752    0.000624
   -1.561413    0.000634
   -1.546073    0.000644
   -1.530733    0.000654
   -1.515393    0.000664
   -1.500053    0.000675
   -1.484714    0.000685
   -1.469374    0.000696
   -1.454034    0.000708
   -1.438694    0.000719
   -1.423354    0.000731
   -1.408015    0.000743
   -1.392675    0.000756
   -1.377335    0.000769
   -1.361995    0.000782
   -1.346655    0.000795
   -1.331316    0.000809
   -1.315976    0.000823
   -1.300636    0.000838
   -1.285296    0.000853
   -1.269956    0.000868
   -1.254617    0.000884
   -1.239277    0.000900
   -1.223937    0.000917
   -1.208597    0.000934
   -1.193257    0.000951
   -1.177917    0.000969
   -1.162578    0.000988
   -1.147238    0.001007
   -1.131898    0.001027
   -1.116558    0.001047
   -1.101218    0.001068
   -1.085879    0.001090
   -1.070539    0.001112
   -1.055199    0.001135
   -1.039859    0.001158
   -1.024519    0.001183
   -1.009180    0.001208
   -0.993840    0.001234
   -0.978500    0.001261
   -0.963160    0.001288
   -0.947820    0.001317
   -0.932481    0.001347
   -0.917141    0.001377
   -0.901801    0.001409
   -0.886461    0.001441
   -0.871121    0.001475
   -0.855782    0.001510
   -0.840442    0.001547
   -0.825102    0.001584
   -0.809762    0.001623
   -0.794422    0.001664
   -0.779083    0.001706
   -0.763743    0.001750
   -0.748403    0.001795
   -0.733063    0.001842
   -0.717723    0.001891
   -0.702384    0.001943
   -0.687044    0.001996
   -0.671704    0.002051
   -0.656364    0.002109
   -0.641024    0.002169
   -0.625685    0.002232
   -0.610345    0.002297
   -0.595005    0.002366
   -0.579665    0.002437
   -0.564325    0.002512
   -0.548985    0.002591
   -0.533646    0.002673
   -0.518306    0.002759
   -0.502966    0.002849
   -0.487626    0.002944
   -0.472286    0.003044
   -0.456947    0.003149
   -0.441607    0.003259
   -0.426267    0.003375
   -0.410927    0.003498
   -0.395587    0.003628
   -0.380248    0.003764
   -0.364908    0.003909
   -0.349568    0.004062
   -0.334228    0.004224
   -0.318888    0.004397
   -0.303549    0.004580
   -0.288209    0.004775
   -0.272869    0.004982
   -0.257529    0.005203
   -0.242189    0.005440
   -0.226850    0.005693
   -0.211510    0.005964
   -0.196170    0.006255
   -0.180830    0.006567
   -0.165490    0.006904
   -0.150151    0.007268
   -0.134811    0.007661
   -0.119471    0.008087
   -0.104131    0.008549
   -0.088791    0.009053
   -0.073452    0.009602
   -0.058112    0.010203
   -0.042772    0.010862
   -0.027432    0.011588
   -0.012092    0.012389
    0.003248    0.013277
    0.018587    0.014264
    0.033927    0.015365
    0.049267    0.016600
    0.064607    0.017991
    0.079947    0.019565
    0.095286    0.021357
    0.110626    0.023408
    0.125966    0.025771
    0.141306    0.028515
    0.156646    0.031725
    0.171985    0.035516
    0.187325    0.040038
    0.202665    0.045495
    0.218005    0.052168
    0.233345    0.060457
    0.248684    0.070943
    0.264024    0.084504
    0.279364    0.102534
    0.294704    0.127365
    0.310044    0.163253
    0.325383    0.218969
    0.340723    0.316845
    0.356063    0.543343
    0.371403    1.430647
    0.386743    1.948600
    0.402082    3.225838
    0.417422    7.328572
    0.432762   15.017163
    0.448102   13.460154
    0.463442    9.758829
    0.478781    3.761852
    0.494121    2.490391
    0.509461    1.980815
    0.524801    1.124682
    0.540141    0.442073
    0.555480    0.267374
    0.570820    0.188783
    0.586160    0.143017
    0.601500    0.113013
    0.616840    0.091944
    0.632180    0.076450
    0.647519    0.064666
    0.662859    0.055467
    0.678199    0.048133
    0.693539    0.042185
    0.708879    0.037288
    0.724218    0.033206
    0.739558    0.029766
    0.754898    0.026838
    0.770238    0.024326
    0.785578    0.022152
    0.800917    0.020260
    0.816257    0.018601
    0.831597    0.017139
    0.846937    0.015843
    0.862277    0.014690
    0.877616    0.013658
    0.892956    0.012732
    0.908296    0.011898
    0.923636    0.011143
    0.938976    0.010458
    0.954315    0.009834
    0.969655    0.009265
    0.984995    0.008744
    1.000335    0.008265
    1.015675    0.007825
    1.031014    0.007420
    1.046354    0.007045
    1.061694    0.006698
    1.077034    0.006376
    1.092374    0.006076
    1.107713    0.005798
    1.123053    0.005538
    1.138393    0.005295
    1.153733    0.005068
    1.169073    0.004855
    1.184413    0.004655
    1.199752    0.004468
    1.215092    0.004291
    1.230432    0.004125
    1.245772    0.003968
    1.261112    0.003820
    1.276451    0.003680
    1.291791    0.003548
    1.307131    0.003423
    1.322471    0.003304
    1.337811    0.003192
    1.353150    0.003085
    1.368490    0.002983
    1.383830    0.002886
    1.399170    0.002794
    1.414510    0.002706
    1.429849    0.002623
    1.445189    0.002543
    1.460529    0.002466
    1.475869    0.002394
    1.491209    0.002324
    1.506548    0.002257
    1.521888    0.002193
    1.537228    0.002132
    1.552568    0.002073
    1.567908    0.002017
    1.583247    0.001963
    1.598587    0.001911
    1.613927    0.001861
    1.629267    0.001813
    1.644607    0.001767
    1.659946    0.001723
    1.675286    0.001680
    1.690626    0.001639
    1.705966    0.001600
    1.721306    0.001561
    1.736646    0.001524
    1.751985    0.001489
    1.767325    0.001455
    1.782665    0.001421
    1.798005    0.001389
