# energy [H], band-resolved DOS
   -5.856558    0.000100
   -5.841218    0.000101
   -5.825879    0.000101
   -5.810539    0.000102
   -5.795199    0.000103
   -5.779859    0.000103
   -5.764519    0.000104
   -5.749179    0.000105
   -5.733840    0.000105
   -5.718500    0.000106
   -5.703160    0.000107
   -5.687820    0.000107
   -5.672480    0.000108
   -5.657141    0.000109
   -5.641801    0.000109
   -5.626461    0.000110
   -5.611121    0.000111
   -5.595781    0.000111
   -5.580442    0.000112
   -5.565102    0.000113
   -5.549762    0.000114
   -5.534422    0.000114
   -5.519082    0.000115
   -5.503743    0.000116
   -5.488403    0.000117
   -5.473063    0.000117
   -5.457723    0.000118
   -5.442383    0.000119
   -5.427044    0.000120
   -5.411704    0.000121
   -5.396364    0.000121
   -5.381024    0.000122
   -5.365684    0.000123
   -5.350345    0.000124
   -5.335005    0.000125
   -5.319665    0.000126
   -5.304325    0.000126
   -5.288985    0.000127
   -5.273646    0.000128
   -5.258306    0.000129
   -5.242966    0.000130
   -5.227626    0.000131
   -5.212286    0.000132
   -5.196946    0.000133
   -5.181607    0.000134
   -5.166267    0.000135
   -5.150927    0.000135
   -5.135587    0.000136
   -5.120247    0.000137
   -5.104908    0.000138
   -5.089568    0.000139
   -5.074228    0.000140
   -5.058888    0.000141
   -5.043548    0.000142
   -5.028209    0.000143
   -5.012869    0.000145
   -4.997529    0.000146
   -4.982189    0.000147
   -4.966849    0.000148
   -4.951510    0.000149
   -4.936170    0.000150
   -4.920830    0.000151
   -4.905490    0.000152
   -4.890150    0.000153
   -4.874811    0.000155
   -4.859471    0.000156
   -4.844131    0.000157
   -4.828791    0.000158
   -4.813451    0.000159
   -4.798112    0.000161
   -4.782772    0.000162
   -4.767432    0.000163
   -4.752092    0.000164
   -4.736752    0.000166
   -4.721413    0.000167
   -4.706073    0.000168
   -4.690733    0.000170
   -4.675393    0.000171
   -4.660053    0.000172
   -4.644713    0.000174
   -4.629374    0.000175
   -4.614034    0.000176
   -4.598694    0.000178
   -4.583354    0.000179
   -4.568014    0.000181
   -4.552675    0.000182
   -4.537335    0.000184
   -4.521995    0.000185
   -4.506655    0.000187
   -4.491315    0.000188
   -4.475976    0.000190
   -4.460636    0.000192
   -4.445296    0.000193
   -4.429956    0.000195
   -4.414616    0.000197
   -4.399277    0.000198
   -4.383937    0.000200
   -4.368597    0.000202
   -4.353257    0.000203
   -4.337917    0.000205
   -4.322578    0.000207
   -4.307238    0.000209
   -4.291898    0.000211
   -4.276558    0.000213
   -4.261218    0.000214
   -4.245879    0.000216
   -4.230539    0.000218
   -4.215199    0.000220
   -4.199859    0.000222
   -4.184519    0.000224
   -4.169180    0.000226
   -4.153840    0.000229
   -4.138500    0.000231
   -4.123160    0.000233
   -4.107820    0.000235
   -4.092481    0.000237
   -4.077141    0.000239
   -4.061801    0.000242
   -4.046461    0.000244
   -4.031121    0.000246
   -4.015781    0.000249
   -4.000442    0.000251
   -3.985102    0.000253
   -3.969762    0.000256
   -3.954422    0.000258
   -3.939082    0.000261
   -3.923743    0.000264
   -3.908403    0.000266
   -3.893063    0.000269
   -3.877723    0.000272
   -3.862383    0.000274
   -3.847044    0.000277
   -3.831704    0.000280
   -3.816364    0.000283
   -3.801024    0.000286
   -3.785684    0.000289
   -3.770345    0.000292
   -3.755005    0.000295
   -3.739665    0.000298
   -3.724325    0.000301
   -3.708985    0.000304
   -3.693646    0.000307
   -3.678306    0.000311
   -3.662966    0.000314
   -3.647626    0.000318
   -3.632286    0.000321
   -3.616947    0.000324
   -3.601607    0.000328
   -3.586267    0.000332
   -3.570927    0.000335
   -3.555587    0.000339
   -3.540248    0.000343
   -3.524908    0.000347
   -3.509568    0.000351
   -3.494228    0.000355
   -3.478888    0.000359
   -3.463548    0.000363
   -3.448209    0.000367
   -3.432869    0.000372
   -3.417529    0.000376
   -3.402189    0.000381
   -3.386849    0.000385
   -3.371510    0.000390
   -3.356170    0.000395
   -3.340830    0.000399
   -3.325490    0.000404
   -3.310150    0.000409
   -3.294811    0.000414
   -3.279471    0.000419
   -3.264131    0.000425
   -3.248791    0.000430
   -3.233451    0.000436
   -3.218112    0.000441
   -3.202772    0.000447
   -3.187432    0.000453
   -3.172092    0.000459
   -3.156752    0.000465
   -3.141413    0.000471
   -3.126073    0.000477
   -3.110733    0.000483
   -3.095393    0.000490
   -3.080053    0.000497
   -3.064714    0.000503
   -3.049374    0.000510
   -3.034034    0.000517
   -3.018694    0.000525
   -3.003354    0.000532
   -2.988015    0.000540
   -2.972675    0.000547
   -2.957335    0.000555
   -2.941995    0.000563
   -2.926655    0.000571
   -2.911315    0.000580
   -2.895976    0.000588
   -2.880636    0.000597
   -2.865296    0.000606
   -2.849956    0.000615
   -2.834616    0.000625
   -2.819277    0.000634
   -2.803937    0.000644
   -2.788597    0.000654
   -2.773257    0.000664
   -2.757917    0.000675
   -2.742578    0.000686
   -2.727238    0.000697
   -2.711898    0.000708
   -2.696558    0.000720
   -2.681218    0.000732
   -2.665879    0.000744
   -2.650539    0.000756
   -2.635199    0.000769
   -2.619859    0.000782
   -2.604519    0.000796
   -2.589180    0.000810
   -2.573840    0.000824
   -2.558500    0.000838
   -2.543160    0.000853
   -2.527820    0.000869
   -2.512481    0.000884
   -2.497141    0.000901
   -2.481801    0.000917
   -2.466461    0.000934
   -2.451121    0.000952
   -2.435782    0.000970
   -2.420442    0.000989
   -2.405102    0.001008
   -2.389762    0.001028
   -2.374422    0.001048
   -2.359083    0.001069
   -2.343743    0.001091
   -2.328403    0.001113
   -2.313063    0.001136
   -2.297723    0.001159
   -2.282383    0.001184
   -2.267044    0.001209
   -2.251704    0.001235
   -2.236364    0.001262
   -2.221024    0.001289
   -2.205684    0.001318
   -2.190345    0.001348
   -2.175005    0.001378
   -2.159665    0.001410
   -2.144325    0.001443
   -2.128985    0.001476
   -2.113646    0.001512
   -2.098306    0.001548
   -2.082966    0.001586
   -2.067626    0.001625
   -2.052286    0.001665
   -2.036947    0.001707
   -2.021607    0.001751
   -2.006267    0.001797
   -1.990927    0.001844
   -1.975587    0.001893
   -1.960248    0.001944
   -1.944908    0.001997
   -1.929568    0.002053
   -1.914228    0.002110
   -1.898888    0.002171
   -1.883549    0.002233
   -1.868209    0.002299
   -1.852869    0.002367
   -1.837529    0.002439
   -1.822189    0.002514
   -1.806850    0.002592
   -1.791510    0.002675
   -1.776170    0.002761
   -1.760830    0.002851
   -1.745490    0.002946
   -1.730150    0.003046
   -1.714811    0.003151
   -1.699471    0.003261
   -1.684131    0.003377
   -1.668791    0.003500
   -1.653451    0.003629
   -1.638112    0.003766
   -1.622772    0.003911
   -1.607432    0.004064
   -1.592092    0.004226
   -1.576752    0.004398
   -1.561413    0.004581
   -1.546073    0.004775
   -1.530733    0.004983
   -1.515393    0.005204
   -1.500053    0.005440
   -1.484714    0.005692
   -1.469374    0.005963
   -1.454034    0.006253
   -1.438694    0.006565
   -1.423354    0.006901
   -1.408015    0.007263
   -1.392675    0.007655
   -1.377335    0.008079
   -1.361995    0.008540
   -1.346655    0.009041
   -1.331316    0.009588
   -1.315976    0.010186
   -1.300636    0.010841
   -1.285296    0.011562
   -1.269956    0.012358
   -1.254617    0.013238
   -1.239277    0.014216
   -1.223937    0.015307
   -1.208597    0.016528
   -1.193257    0.017902
   -1.177917    0.019455
   -1.162578    0.021219
   -1.147238    0.023234
   -1.131898    0.025552
   -1.116558    0.028235
   -1.101218    0.031364
   -1.085879    0.035045
   -1.070539    0.039416
   -1.055199    0.044661
   -1.039859    0.051029
   -1.024519    0.058868
   -1.009180    0.068669
   -0.993840    0.081149
   -0.978500    0.097387
   -0.963160    0.119066
   -0.947820    0.148938
   -0.932481    0.191757
   -0.917141    0.256339
   -0.901801    0.360622
   -0.886461    0.546076
   -0.871121    0.928373
   -0.855782    1.945430
   -0.840442    6.467359
   -0.825102   21.313485
   -0.809762   14.851464
   -0.794422   10.934125
   -0.779083    3.073347
   -0.763743    1.173629
   -0.748403    0.635992
   -0.733063    0.403664
   -0.717723    0.280401
   -0.702384    0.206633
   -0.687044    0.158805
   -0.671704    0.125960
   -0.656364    0.102401
   -0.641024    0.084914
   -0.625685    0.071569
   -0.610345    0.061151
   -0.595005    0.052859
   -0.579665    0.046151
   -0.564325    0.040646
   -0.548985    0.036072
   -0.533646    0.032231
   -0.518306    0.028973
   -0.502966    0.026185
   -0.487626    0.023782
   -0.472286    0.021696
   -0.456947    0.019873
   -0.441607    0.018271
   -0.426267    0.016855
   -0.410927    0.015598
   -0.395587    0.014476
   -0.380248    0.013471
   -0.364908    0.012568
   -0.349568    0.011752
   -0.334228    0.011014
   -0.318888    0.010343
   -0.303549    0.009731
   -0.288209    0.009172
   -0.272869    0.008660
   -0.257529    0.008190
   -0.242189    0.007757
   -0.226850    0.007357
   -0.211510    0.006988
   -0.196170    0.006646
   -0.180830    0.006328
   -0.165490    0.006033
   -0.150151    0.005757
   -0.134811    0.005501
   -0.119471    0.005261
   -0.104131    0.005036
   -0.088791    0.004825
   -0.073452    0.004628
   -0.058112    0.004442
   -0.042772    0.004267
   -0.027432    0.004103
   -0.012092    0.003948
    0.003248    0.003801
    0.018587    0.003662
    0.033927    0.003531
    0.049267    0.003407
    0.064607    0.003289
    0.079947    0.003177
    0.095286    0.003071
    0.110626    0.002970
    0.125966    0.002874
    0.141306    0.002783
    0.156646    0.002696
    0.171985    0.002612
    0.187325    0.002533
    0.202665    0.002457
    0.218005    0.002385
    0.233345    0.002316
    0.248684    0.002249
    0.264024    0.002186
    0.279364    0.002125
    0.294704    0.002067
    0.310044    0.002011
    0.325383    0.001957
    0.340723    0.001905
    0.356063    0.001856
    0.371403    0.001808
    0.386743    0.001762
    0.402082    0.001718
    0.417422    0.001676
    0.432762    0.001635
    0.448102    0.001595
    0.463442    0.001557
    0.478781    0.001520
    0.494121    0.001485
    0.509461    0.001451
    0.524801    0.001418
    0.540141    0.001386
    0.555480    0.001355
    0.570820    0.001325
    0.586160    0.001296
    0.601500    0.001268
    0.616840    0.001241
    0.632180    0.001215
    0.647519    0.001190
    0.662859    0.001165
    0.678199    0.001142
    0.693539    0.001118
    0.708879    0.001096
    0.724218    0.001074
    0.739558    0.001053
    0.754898    0.001033
    0.770238    0.001013
    0.785578    0.000994
    0.800917    0.000975
    0.816257    0.000956
    0.831597    0.000939
    0.846937    0.000922
    0.862277    0.000905
    0.877616    0.000888
    0.892956    0.000873
    0.908296    0.000857
    0.923636    0.000842
    0.938976    0.000827
    0.954315    0.000813
    0.969655    0.000799
    0.984995    0.000786
    1.000335    0.000772
    1.015675    0.000759
    1.031014    0.000747
    1.046354    0.000735
    1.061694    0.000723
    1.077034    0.000711
    1.092374    0.000700
    1.107713    0.000689
    1.123053    0.000678
    1.138393    0.000667
    1.153733    0.000657
    1.169073    0.000647
    1.184413    0.000637
    1.199752    0.000627
    1.215092    0.000618
    1.230432    0.000608
    1.245772    0.000599
    1.261112    0.000591
    1.276451    0.000582
    1.291791    0.000573
    1.307131    0.000565
    1.322471    0.000557
    1.337811    0.000549
    1.353150    0.000541
    1.368490    0.000534
    1.383830    0.000526
    1.399170    0.000519
    1.414510    0.000512
    1.429849    0.000505
    1.445189    0.000498
    1.460529    0.000492
    1.475869    0.000485
    1.491209    0.000479
    1.506548    0.000472
    1.521888    0.000466
    1.537228    0.000460
    1.552568    0.000454
    1.567908    0.000448
    1.583247    0.000443
    1.598587    0.000437
    1.613927    0.000431
    1.629267    0.000426
    1.644607    0.000421
    1.659946    0.000416
    1.675286    0.000410
    1.690626    0.000405
    1.705966    0.000401
    1.721306    0.000396
    1.736646    0.000391
    1.751985    0.000386
    1.767325    0.000382
    1.782665    0.000377
    1.798005    0.000373
