# energy [H], band-resolved DOS
   -5.856558    0.000079
   -5.841218    0.000080
   -5.825879    0.000080
   -5.810539    0.000081
   -5.795199    0.000081
   -5.779859    0.000081
   -5.764519    0.000082
   -5.749179    0.000082
   -5.733840    0.000083
   -5.718500    0.000083
   -5.703160    0.000084
   -5.687820    0.000084
   -5.672480    0.000085
   -5.657141    0.000085
   -5.641801    0.000086
   -5.626461    0.000086
   -5.611121    0.000087
   -5.595781    0.000087
   -5.580442    0.000088
   -5.565102    0.000088
   -5.549762    0.000089
   -5.534422    0.000089
   -5.519082    0.000090
   -5.503743    0.000090
   -5.488403    0.000091
   -5.473063    0.000091
   -5.457723    0.000092
   -5.442383    0.000092
   -5.427044    0.000093
   -5.411704    0.000093
   -5.396364    0.000094
   -5.381024    0.000094
   -5.365684    0.000095
   -5.350345    0.000096
   -5.335005    0.000096
   -5.319665    0.000097
   -5.304325    0.000097
   -5.288985    0.000098
   -5.273646    0.000099
   -5.258306    0.000099
   -5.242966    0.000100
   -5.227626    0.000100
   -5.212286    0.000101
   -5.196946    0.000102
   -5.181607    0.000102
   -5.166267    0.000103
   -5.150927    0.000103
   -5.135587    0.000104
   -5.120247    0.000105
   -5.104908    0.000105
   -5.089568    0.000106
   -5.074228    0.000107
   -5.058888    0.000107
   -5.043548    0.000108
   -5.028209    0.000109
   -5.012869    0.000109
   -4.997529    0.000110
   -4.982189    0.000111
   -4.966849    0.000112
   -4.951510    0.000112
   -4.936170    0.000113
   -4.920830    0.000114
   -4.905490    0.000115
   -4.890150    0.000115
   -4.874811    0.000116
   -4.859471    0.000117
   -4.844131    0.000118
   -4.828791    0.000118
   -4.813451    0.000119
   -4.798112    0.000120
   -4.782772    0.000121
   -4.767432    0.000122
   -4.752092    0.000122
   -4.736752    0.000123
   -4.721413    0.000124
   -4.706073    0.000125
   -4.690733    0.000126
   -4.675393    0.000127
   -4.660053    0.000127
   -4.644713    0.000128
   -4.629374    0.000129
   -4.614034    0.000130
   -4.598694    0.000131
   -4.583354    0.000132
   -4.568014    0.000133
   -4.552675    0.000134
   -4.537335    0.000135
   -4.521995    0.000136
   -4.506655    0.000137
   -4.491315    0.000138
   -4.475976    0.000139
   -4.460636    0.000140
   -4.445296    0.000141
   -4.429956    0.000142
   -4.414616    0.000143
   -4.399277    0.000144
   -4.383937    0.000145
   -4.368597    0.000146
   -4.353257    0.000147
   -4.337917    0.000148
   -4.322578    0.000149
   -4.307238    0.000150
   -4.291898    0.000151
   -4.276558    0.000152
   -4.261218    0.000154
   -4.245879    0.000155
   -4.230539    0.000156
   -4.215199    0.000157
   -4.199859    0.000158
   -4.184519    0.000160
   -4.169180    0.000161
   -4.153840    0.000162
   -4.138500    0.000163
   -4.123160    0.000165
   -4.107820    0.000166
   -4.092481    0.000167
   -4.077141    0.000169
   -4.061801    0.000170
   -4.046461    0.000171
   -4.031121    0.000173
   -4.015781    0.000174
   -4.000442    0.000175
   -3.985102    0.000177
   -3.969762    0.000178
   -3.954422    0.000180
   -3.939082    0.000181
   -3.923743    0.000183
   -3.908403    0.000184
   -3.893063    0.000186
   -3.877723    0.000187
   -3.862383    0.000189
   -3.847044    0.000190
   -3.831704    0.000192
   -3.816364    0.000194
   -3.801024    0.000195
   -3.785684    0.000197
   -3.770345    0.000199
   -3.755005    0.000200
   -3.739665    0.000202
   -3.724325    0.000204
   -3.708985    0.000206
   -3.693646    0.000207
   -3.678306    0.000209
   -3.662966    0.000211
   -3.647626    0.000213
   -3.632286    0.000215
   -3.616947    0.000217
   -3.601607    0.000219
   -3.586267    0.000221
   -3.570927    0.000223
   -3.555587    0.000225
   -3.540248    0.000227
   -3.524908    0.000229
   -3.509568    0.000231
   -3.494228    0.000233
   -3.478888    0.000235
   -3.463548    0.000238
   -3.448209    0.000240
   -3.432869    0.000242
   -3.417529    0.000244
   -3.402189    0.000247
   -3.386849    0.000249
   -3.371510    0.000252
   -3.356170    0.000254
   -3.340830    0.000256
   -3.325490    0.000259
   -3.310150    0.000262
   -3.294811    0.000264
   -3.279471    0.000267
   -3.264131    0.000269
   -3.248791    0.000272
   -3.233451    0.000275
   -3.218112    0.000278
   -3.202772    0.000281
   -3.187432    0.000283
   -3.172092    0.000286
   -3.156752    0.000289
   -3.141413    0.000292
   -3.126073    0.000295
   -3.110733    0.000298
   -3.095393    0.000302
   -3.080053    0.000305
   -3.064714    0.000308
   -3.049374    0.000311
   -3.034034    0.000315
   -3.018694    0.000318
   -3.003354    0.000322
   -2.988015    0.000325
   -2.972675    0.000329
   -2.957335    0.000332
   -2.941995    0.000336
   -2.926655    0.000340
   -2.911315    0.000344
   -2.895976    0.000348
   -2.880636    0.000352
   -2.865296    0.000356
   -2.849956    0.000360
   -2.834616    0.000364
   -2.819277    0.000368
   -2.803937    0.000373
   -2.788597    0.000377
   -2.773257    0.000382
   -2.757917    0.000386
   -2.742578    0.000391
   -2.727238    0.000396
   -2.711898    0.000400
   -2.696558    0.000405
   -2.681218    0.000410
   -2.665879    0.000415
   -2.650539    0.000421
   -2.635199    0.000426
   -2.619859    0.000431
   -2.604519    0.000437
   -2.589180    0.000442
   -2.573840    0.000448
   -2.558500    0.000454
   -2.543160    0.000460
   -2.527820    0.000466
   -2.512481    0.000472
   -2.497141    0.000478
   -2.481801    0.000485
   -2.466461    0.000491
   -2.451121    0.000498
   -2.435782    0.000505
   -2.420442    0.000512
   -2.405102    0.000519
   -2.389762    0.000526
   -2.374422    0.000534
   -2.359083    0.000541
   -2.343743    0.000549
   -2.328403    0.000557
   -2.313063    0.000565
   -2.297723    0.000573
   -2.282383    0.000582
   -2.267044    0.000590
   -2.251704    0.000599
   -2.236364    0.000608
   -2.221024    0.000617
   -2.205684    0.000627
   -2.190345    0.000636
   -2.175005    0.000646
   -2.159665    0.000656
   -2.144325    0.000667
   -2.128985    0.000677
   -2.113646    0.000688
   -2.098306    0.000699
   -2.082966    0.000711
   -2.067626    0.000722
   -2.052286    0.000734
   -2.036947    0.000747
   -2.021607    0.000759
   -2.006267    0.000772
   -1.990927    0.000785
   -1.975587    0.000799
   -1.960248    0.000813
   -1.944908    0.000827
   -1.929568    0.000842
   -1.914228    0.000857
   -1.898888    0.000872
   -1.883549    0.000888
   -1.868209    0.000904
   -1.852869    0.000921
   -1.837529    0.000938
   -1.822189    0.000956
   -1.806850    0.000974
   -1.791510    0.000993
   -1.776170    0.001012
   -1.760830    0.001032
   -1.745490    0.001053
   -1.730150    0.001074
   -1.714811    0.001096
   -1.699471    0.001118
   -1.684131    0.001141
   -1.668791    0.001165
   -1.653451    0.001189
   -1.638112    0.001215
   -1.622772    0.001241
   -1.607432    0.001268
   -1.592092    0.001296
   -1.576752    0.001325
   -1.561413    0.001355
   -1.546073    0.001385
   -1.530733    0.001417
   -1.515393    0.001450
   -1.500053    0.001485
   -1.484714    0.001520
   -1.469374    0.001557
   -1.454034    0.001595
   -1.438694    0.001634
   -1.423354    0.001675
   -1.408015    0.001718
   -1.392675    0.001762
   -1.377335    0.001808
   -1.361995    0.001855
   -1.346655    0.001905
   -1.331316    0.001957
   -1.315976    0.002010
   -1.300636    0.002066
   -1.285296    0.002125
   -1.269956    0.002186
   -1.254617    0.002249
   -1.239277    0.002316
   -1.223937    0.002385
   -1.208597    0.002457
   -1.193257    0.002533
   -1.177917    0.002613
   -1.162578    0.002696
   -1.147238    0.002783
   -1.131898    0.002875
   -1.116558    0.002971
   -1.101218    0.003072
   -1.085879    0.003179
   -1.070539    0.003291
   -1.055199    0.003409
   -1.039859    0.003533
   -1.024519    0.003665
   -1.009180    0.003804
   -0.993840    0.003951
   -0.978500    0.004107
   -0.963160    0.004272
   -0.947820    0.004447
   -0.932481    0.004633
   -0.917141    0.004832
   -0.901801    0.005043
   -0.886461    0.005269
   -0.871121    0.005510
   -0.855782    0.005768
   -0.840442    0.006045
   -0.825102    0.006342
   -0.809762    0.006662
   -0.794422    0.007006
   -0.779083    0.007378
   -0.763743    0.007781
   -0.748403    0.008218
   -0.733063    0.008692
   -0.717723    0.009209
   -0.702384    0.009774
   -0.687044    0.010392
   -0.671704    0.011071
   -0.656364    0.011820
   -0.641024    0.012647
   -0.625685    0.013565
   -0.610345    0.014586
   -0.595005    0.015729
   -0.579665    0.017012
   -0.564325    0.018460
   -0.548985    0.020102
   -0.533646    0.021975
   -0.518306    0.024125
   -0.502966    0.026610
   -0.487626    0.029504
   -0.472286    0.032903
   -0.456947    0.036933
   -0.441607    0.041763
   -0.426267    0.047624
   -0.410927    0.054837
   -0.395587    0.063861
   -0.380248    0.075376
   -0.364908    0.090418
   -0.349568    0.110649
   -0.334228    0.138881
   -0.318888    0.180233
   -0.303549    0.244997
   -0.288209    0.357051
   -0.272869    0.585912
   -0.257529    1.238152
   -0.242189    4.225426
   -0.226850    8.056917
   -0.211510    8.576925
   -0.196170    8.632110
   -0.180830    8.160510
   -0.165490    7.742416
   -0.150151    8.273321
   -0.134811    3.584019
   -0.119471    1.082958
   -0.104131    0.545298
   -0.088791    0.339862
   -0.073452    0.235829
   -0.058112    0.174662
   -0.042772    0.135202
   -0.027432    0.108074
   -0.012092    0.088537
    0.003248    0.073956
    0.018587    0.062761
    0.033927    0.053965
    0.049267    0.046921
    0.064607    0.041188
    0.079947    0.036456
    0.095286    0.032502
    0.110626    0.029164
    0.125966    0.026320
    0.141306    0.023875
    0.156646    0.021757
    0.171985    0.019912
    0.187325    0.018292
    0.202665    0.016864
    0.218005    0.015598
    0.233345    0.014469
    0.248684    0.013459
    0.264024    0.012552
    0.279364    0.011734
    0.294704    0.010994
    0.310044    0.010322
    0.325383    0.009709
    0.340723    0.009150
    0.356063    0.008638
    0.371403    0.008168
    0.386743    0.007735
    0.402082    0.007336
    0.417422    0.006967
    0.432762    0.006626
    0.448102    0.006308
    0.463442    0.006014
    0.478781    0.005739
    0.494121    0.005483
    0.509461    0.005243
    0.524801    0.005019
    0.540141    0.004809
    0.555480    0.004612
    0.570820    0.004427
    0.586160    0.004253
    0.601500    0.004089
    0.616840    0.003934
    0.632180    0.003788
    0.647519    0.003650
    0.662859    0.003519
    0.678199    0.003396
    0.693539    0.003278
    0.708879    0.003167
    0.724218    0.003061
    0.739558    0.002960
    0.754898    0.002865
    0.770238    0.002774
    0.785578    0.002687
    0.800917    0.002604
    0.816257    0.002525
    0.831597    0.002449
    0.846937    0.002377
    0.862277    0.002308
    0.877616    0.002242
    0.892956    0.002179
    0.908296    0.002118
    0.923636    0.002060
    0.938976    0.002004
    0.954315    0.001951
    0.969655    0.001900
    0.984995    0.001850
    1.000335    0.001803
    1.015675    0.001757
    1.031014    0.001713
    1.046354    0.001671
    1.061694    0.001630
    1.077034    0.001591
    1.092374    0.001553
    1.107713    0.001516
    1.123053    0.001481
    1.138393    0.001447
    1.153733    0.001414
    1.169073    0.001382
    1.184413    0.001351
    1.199752    0.001322
    1.215092    0.001293
    1.230432    0.001265
    1.245772    0.001238
    1.261112    0.001212
    1.276451    0.001187
    1.291791    0.001162
    1.307131    0.001138
    1.322471    0.001115
    1.337811    0.001093
    1.353150    0.001071
    1.368490    0.001050
    1.383830    0.001030
    1.399170    0.001010
    1.414510    0.000991
    1.429849    0.000972
    1.445189    0.000954
    1.460529    0.000936
    1.475869    0.000919
    1.491209    0.000903
    1.506548    0.000886
    1.521888    0.000870
    1.537228    0.000855
    1.552568    0.000840
    1.567908    0.000825
    1.583247    0.000811
    1.598587    0.000797
    1.613927    0.000784
    1.629267    0.000771
    1.644607    0.000758
    1.659946    0.000745
    1.675286    0.000733
    1.690626    0.000721
    1.705966    0.000709
    1.721306    0.000698
    1.736646    0.000687
    1.751985    0.000676
    1.767325    0.000666
    1.782665    0.000655
    1.798005    0.000645
