# energy [H], band-resolved DOS
   -5.856558    0.000079
   -5.841218    0.000079
   -5.825879    0.000080
   -5.810539    0.000080
   -5.795199    0.000080
   -5.779859    0.000081
   -5.764519    0.000081
   -5.749179    0.000082
   -5.733840    0.000082
   -5.718500    0.000083
   -5.703160    0.000083
   -5.687820    0.000084
   -5.672480    0.000084
   -5.657141    0.000085
   -5.641801    0.000085
   -5.626461    0.000085
   -5.611121    0.000086
   -5.595781    0.000086
   -5.580442    0.000087
   -5.565102    0.000087
   -5.549762    0.000088
   -5.534422    0.000088
   -5.519082    0.000089
   -5.503743    0.000089
   -5.488403    0.000090
   -5.473063    0.000090
   -5.457723    0.000091
   -5.442383    0.000092
   -5.427044    0.000092
   -5.411704    0.000093
   -5.396364    0.000093
   -5.381024    0.000094
   -5.365684    0.000094
   -5.350345    0.000095
   -5.335005    0.000095
   -5.319665    0.000096
   -5.304325    0.000097
   -5.288985    0.000097
   -5.273646    0.000098
   -5.258306    0.000098
   -5.242966    0.000099
   -5.227626    0.000099
   -5.212286    0.000100
   -5.196946    0.000101
   -5.181607    0.000101
   -5.166267    0.000102
   -5.150927    0.000103
   -5.135587    0.000103
   -5.120247    0.000104
   -5.104908    0.000104
   -5.089568    0.000105
   -5.074228    0.000106
   -5.058888    0.000106
   -5.043548    0.000107
   -5.028209    0.000108
   -5.012869    0.000108
   -4.997529    0.000109
   -4.982189    0.000110
   -4.966849    0.000111
   -4.951510    0.000111
   -4.936170    0.000112
   -4.920830    0.000113
   -4.905490    0.000113
   -4.890150    0.000114
   -4.874811    0.000115
   -4.859471    0.000116
   -4.844131    0.000116
   -4.828791    0.000117
   -4.813451    0.000118
   -4.798112    0.000119
   -4.782772    0.000120
   -4.767432    0.000120
   -4.752092    0.000121
   -4.736752    0.000122
   -4.721413    0.000123
   -4.706073    0.000124
   -4.690733    0.000124
   -4.675393    0.000125
   -4.660053    0.000126
   -4.644713    0.000127
   -4.629374    0.000128
   -4.614034    0.000129
   -4.598694    0.000130
   -4.583354    0.000131
   -4.568014    0.000132
   -4.552675    0.000132
   -4.537335    0.000133
   -4.521995    0.000134
   -4.506655    0.000135
   -4.491315    0.000136
   -4.475976    0.000137
   -4.460636    0.000138
   -4.445296    0.000139
   -4.429956    0.000140
   -4.414616    0.000141
   -4.399277    0.000142
   -4.383937    0.000143
   -4.368597    0.000144
   -4.353257    0.000145
   -4.337917    0.000146
   -4.322578    0.000148
   -4.307238    0.000149
   -4.291898    0.000150
   -4.276558    0.000151
   -4.261218    0.000152
   -4.245879    0.000153
   -4.230539    0.000154
   -4.215199    0.000155
   -4.199859    0.000157
   -4.184519    0.000158
   -4.169180    0.000159
   -4.153840    0.000160
   -4.138500    0.000162
   -4.123160    0.000163
   -4.107820    0.000164
   -4.092481    0.000165
   -4.077141    0.000167
   -4.061801    0.000168
   -4.046461    0.000169
   -4.031121    0.000171
   -4.015781    0.000172
   -4.000442    0.000173
   -3.985102    0.000175
   -3.969762    0.000176
   -3.954422    0.000178
   -3.939082    0.000179
   -3.923743    0.000181
   -3.908403    0.000182
   -3.893063    0.000183
   -3.877723    0.000185
   -3.862383    0.000187
   -3.847044    0.000188
   -3.831704    0.000190
   -3.816364    0.000191
   -3.801024    0.000193
   -3.785684    0.000195
   -3.770345    0.000196
   -3.755005    0.000198
   -3.739665    0.000200
   -3.724325    0.000201
   -3.708985    0.000203
   -3.693646    0.000205
   -3.678306    0.000207
   -3.662966    0.000208
   -3.647626    0.000210
   -3.632286    0.000212
   -3.616947    0.000214
   -3.601607    0.000216
   -3.586267    0.000218
   -3.570927    0.000220
   -3.555587    0.000222
   -3.540248    0.000224
   -3.524908    0.000226
   -3.509568    0.000228
   -3.494228    0.000230
   -3.478888    0.000232
   -3.463548    0.000234
   -3.448209    0.000237
   -3.432869    0.000239
   -3.417529    0.000241
   -3.402189    0.000243
   -3.386849    0.000246
   -3.371510    0.000248
   -3.356170    0.000250
   -3.340830    0.000253
   -3.325490    0.000255
   -3.310150    0.000258
   -3.294811    0.000260
   -3.279471    0.000263
   -3.264131    0.000266
   -3.248791    0.000268
   -3.233451    0.000271
   -3.218112    0.000274
   -3.202772    0.000276
   -3.187432    0.000279
   -3.172092    0.000282
   -3.156752    0.000285
   -3.141413    0.000288
   -3.126073    0.000291
   -3.110733    0.000294
   -3.095393    0.000297
   -3.080053    0.000300
   -3.064714    0.000303
   -3.049374    0.000307
   -3.034034    0.000310
   -3.018694    0.000313
   -3.003354    0.000317
   -2.988015    0.000320
   -2.972675    0.000324
   -2.957335    0.000327
   -2.941995    0.000331
   -2.926655    0.000335
   -2.911315    0.000338
   -2.895976    0.000342
   -2.880636    0.000346
   -2.865296    0.000350
   -2.849956    0.000354
   -2.834616    0.000358
   -2.819277    0.000362
   -2.803937    0.000366
   -2.788597    0.000371
   -2.773257    0.000375
   -2.757917    0.000380
   -2.742578    0.000384
   -2.727238    0.000389
   -2.711898    0.000393
   -2.696558    0.000398
   -2.681218    0.000403
   -2.665879    0.000408
   -2.650539    0.000413
   -2.635199    0.000418
   -2.619859    0.000424
   -2.604519    0.000429
   -2.589180    0.000434
   -2.573840    0.000440
   -2.558500    0.000446
   -2.543160    0.000451
   -2.527820    0.000457
   -2.512481    0.000463
   -2.497141    0.000469
   -2.481801    0.000476
   -2.466461    0.000482
   -2.451121    0.000488
   -2.435782    0.000495
   -2.420442    0.000502
   -2.405102    0.000509
   -2.389762    0.000516
   -2.374422    0.000523
   -2.359083    0.000530
   -2.343743    0.000538
   -2.328403    0.000546
   -2.313063    0.000553
   -2.297723    0.000561
   -2.282383    0.000570
   -2.267044    0.000578
   -2.251704    0.000586
   -2.236364    0.000595
   -2.221024    0.000604
   -2.205684    0.000613
   -2.190345    0.000623
   -2.175005    0.000632
   -2.159665    0.000642
   -2.144325    0.000652
   -2.128985    0.000662
   -2.113646    0.000673
   -2.098306    0.000683
   -2.082966    0.000694
   -2.067626    0.000706
   -2.052286    0.000717
   -2.036947    0.000729
   -2.021607    0.000741
   -2.006267    0.000754
   -1.990927    0.000766
   -1.975587    0.000779
   -1.960248    0.000793
   -1.944908    0.000806
   -1.929568    0.000821
   -1.914228    0.000835
   -1.898888    0.000850
   -1.883549    0.000865
   -1.868209    0.000881
   -1.852869    0.000897
   -1.837529    0.000914
   -1.822189    0.000931
   -1.806850    0.000948
   -1.791510    0.000966
   -1.776170    0.000985
   -1.760830    0.001004
   -1.745490    0.001023
   -1.730150    0.001043
   -1.714811    0.001064
   -1.699471    0.001086
   -1.684131    0.001108
   -1.668791    0.001131
   -1.653451    0.001154
   -1.638112    0.001178
   -1.622772    0.001203
   -1.607432    0.001229
   -1.592092    0.001256
   -1.576752    0.001283
   -1.561413    0.001312
   -1.546073    0.001341
   -1.530733    0.001371
   -1.515393    0.001403
   -1.500053    0.001435
   -1.484714    0.001469
   -1.469374    0.001504
   -1.454034    0.001540
   -1.438694    0.001577
   -1.423354    0.001616
   -1.408015    0.001656
   -1.392675    0.001698
   -1.377335    0.001741
   -1.361995    0.001787
   -1.346655    0.001833
   -1.331316    0.001882
   -1.315976    0.001933
   -1.300636    0.001985
   -1.285296    0.002040
   -1.269956    0.002098
   -1.254617    0.002157
   -1.239277    0.002220
   -1.223937    0.002285
   -1.208597    0.002352
   -1.193257    0.002423
   -1.177917    0.002498
   -1.162578    0.002575
   -1.147238    0.002657
   -1.131898    0.002742
   -1.116558    0.002831
   -1.101218    0.002925
   -1.085879    0.003024
   -1.070539    0.003128
   -1.055199    0.003237
   -1.039859    0.003352
   -1.024519    0.003473
   -1.009180    0.003601
   -0.993840    0.003737
   -0.978500    0.003880
   -0.963160    0.004031
   -0.947820    0.004191
   -0.932481    0.004361
   -0.917141    0.004542
   -0.901801    0.004734
   -0.886461    0.004939
   -0.871121    0.005157
   -0.855782    0.005390
   -0.840442    0.005640
   -0.825102    0.005907
   -0.809762    0.006193
   -0.794422    0.006501
   -0.779083    0.006832
   -0.763743    0.007189
   -0.748403    0.007575
   -0.733063    0.007994
   -0.717723    0.008447
   -0.702384    0.008941
   -0.687044    0.009479
   -0.671704    0.010068
   -0.656364    0.010713
   -0.641024    0.011422
   -0.625685    0.012204
   -0.610345    0.013070
   -0.595005    0.014031
   -0.579665    0.015103
   -0.564325    0.016302
   -0.548985    0.017651
   -0.533646    0.019175
   -0.518306    0.020906
   -0.502966    0.022883
   -0.487626    0.025155
   -0.472286    0.027786
   -0.456947    0.030854
   -0.441607    0.034462
   -0.426267    0.038747
   -0.410927    0.043890
   -0.395587    0.050138
   -0.380248    0.057836
   -0.364908    0.067474
   -0.349568    0.079773
   -0.334228    0.095828
   -0.318888    0.117374
   -0.303549    0.147299
   -0.288209    0.190745
   -0.272869    0.257690
   -0.257529    0.370039
   -0.242189    0.586020
   -0.226850    1.125370
   -0.211510    3.260527
   -0.196170    7.858694
   -0.180830   15.038529
   -0.165490    9.659297
   -0.150151   12.668397
   -0.134811    7.857978
   -0.119471    1.951297
   -0.104131    0.865725
   -0.088791    0.500180
   -0.073452    0.329567
   -0.058112    0.234917
   -0.042772    0.176504
   -0.027432    0.137741
   -0.012092    0.110623
    0.003248    0.090871
    0.018587    0.076020
    0.033927    0.064560
    0.049267    0.055527
    0.064607    0.048277
    0.079947    0.042367
    0.095286    0.037484
    0.110626    0.033403
    0.125966    0.029957
    0.141306    0.027019
    0.156646    0.024495
    0.171985    0.022310
    0.187325    0.020405
    0.202665    0.018735
    0.218005    0.017263
    0.233345    0.015958
    0.248684    0.014795
    0.264024    0.013756
    0.279364    0.012822
    0.294704    0.011981
    0.310044    0.011220
    0.325383    0.010529
    0.340723    0.009900
    0.356063    0.009326
    0.371403    0.008801
    0.386743    0.008319
    0.402082    0.007875
    0.417422    0.007466
    0.432762    0.007088
    0.448102    0.006738
    0.463442    0.006414
    0.478781    0.006112
    0.494121    0.005831
    0.509461    0.005569
    0.524801    0.005325
    0.540141    0.005096
    0.555480    0.004881
    0.570820    0.004680
    0.586160    0.004491
    0.601500    0.004314
    0.616840    0.004146
    0.632180    0.003988
    0.647519    0.003839
    0.662859    0.003699
    0.678199    0.003566
    0.693539    0.003439
    0.708879    0.003320
    0.724218    0.003207
    0.739558    0.003099
    0.754898    0.002997
    0.770238    0.002899
    0.785578    0.002806
    0.800917    0.002718
    0.816257    0.002634
    0.831597    0.002554
    0.846937    0.002477
    0.862277    0.002404
    0.877616    0.002333
    0.892956    0.002266
    0.908296    0.002202
    0.923636    0.002141
    0.938976    0.002082
    0.954315    0.002025
    0.969655    0.001971
    0.984995    0.001919
    1.000335    0.001868
    1.015675    0.001820
    1.031014    0.001774
    1.046354    0.001729
    1.061694    0.001686
    1.077034    0.001645
    1.092374    0.001605
    1.107713    0.001567
    1.123053    0.001530
    1.138393    0.001494
    1.153733    0.001460
    1.169073    0.001426
    1.184413    0.001394
    1.199752    0.001363
    1.215092    0.001333
    1.230432    0.001304
    1.245772    0.001276
    1.261112    0.001248
    1.276451    0.001222
    1.291791    0.001196
    1.307131    0.001172
    1.322471    0.001148
    1.337811    0.001124
    1.353150    0.001102
    1.368490    0.001080
    1.383830    0.001058
    1.399170    0.001038
    1.414510    0.001018
    1.429849    0.000998
    1.445189    0.000979
    1.460529    0.000961
    1.475869    0.000943
    1.491209    0.000926
    1.506548    0.000909
    1.521888    0.000893
    1.537228    0.000877
    1.552568    0.000861
    1.567908    0.000846
    1.583247    0.000831
    1.598587    0.000817
    1.613927    0.000803
    1.629267    0.000789
    1.644607    0.000776
    1.659946    0.000763
    1.675286    0.000750
    1.690626    0.000738
    1.705966    0.000726
    1.721306    0.000714
    1.736646    0.000702
    1.751985    0.000691
    1.767325    0.000680
    1.782665    0.000670
    1.798005    0.000659
