# energy [H], band-resolved DOS
   -5.856558    0.000079
   -5.841218    0.000079
   -5.825879    0.000079
   -5.810539    0.000080
   -5.795199    0.000080
   -5.779859    0.000081
   -5.764519    0.000081
   -5.749179    0.000082
   -5.733840    0.000082
   -5.718500    0.000083
   -5.703160    0.000083
   -5.687820    0.000083
   -5.672480    0.000084
   -5.657141    0.000084
   -5.641801    0.000085
   -5.626461    0.000085
   -5.611121    0.000086
   -5.595781    0.000086
   -5.580442    0.000087
   -5.565102    0.000087
   -5.549762    0.000088
   -5.534422    0.000088
   -5.519082    0.000089
   -5.503743    0.000089
   -5.488403    0.000090
   -5.473063    0.000090
   -5.457723    0.000091
   -5.442383    0.000091
   -5.427044    0.000092
   -5.411704    0.000092
   -5.396364    0.000093
   -5.381024    0.000094
   -5.365684    0.000094
   -5.350345    0.000095
   -5.335005    0.000095
   -5.319665    0.000096
   -5.304325    0.000096
   -5.288985    0.000097
   -5.273646    0.000098
   -5.258306    0.000098
   -5.242966    0.000099
   -5.227626    0.000099
   -5.212286    0.000100
   -5.196946    0.000101
   -5.181607    0.000101
   -5.166267    0.000102
   -5.150927    0.000102
   -5.135587    0.000103
   -5.120247    0.000104
   -5.104908    0.000104
   -5.089568    0.000105
   -5.074228    0.000106
   -5.058888    0.000106
   -5.043548    0.000107
   -5.028209    0.000108
   -5.012869    0.000108
   -4.997529    0.000109
   -4.982189    0.000110
   -4.966849    0.000110
   -4.951510    0.000111
   -4.936170    0.000112
   -4.920830    0.000113
   -4.905490    0.000113
   -4.890150    0.000114
   -4.874811    0.000115
   -4.859471    0.000116
   -4.844131    0.000116
   -4.828791    0.000117
   -4.813451    0.000118
   -4.798112    0.000119
   -4.782772    0.000119
   -4.767432    0.000120
   -4.752092    0.000121
   -4.736752    0.000122
   -4.721413    0.000123
   -4.706073    0.000123
   -4.690733    0.000124
   -4.675393    0.000125
   -4.660053    0.000126
   -4.644713    0.000127
   -4.629374    0.000128
   -4.614034    0.000129
   -4.598694    0.000130
   -4.583354    0.000130
   -4.568014    0.000131
   -4.552675    0.000132
   -4.537335    0.000133
   -4.521995    0.000134
   -4.506655    0.000135
   -4.491315    0.000136
   -4.475976    0.000137
   -4.460636    0.000138
   -4.445296    0.000139
   -4.429956    0.000140
   -4.414616    0.000141
   -4.399277    0.000142
   -4.383937    0.000143
   -4.368597    0.000144
   -4.353257    0.000145
   -4.337917    0.000146
   -4.322578    0.000147
   -4.307238    0.000148
   -4.291898    0.000149
   -4.276558    0.000151
   -4.261218    0.000152
   -4.245879    0.000153
   -4.230539    0.000154
   -4.215199    0.000155
   -4.199859    0.000156
   -4.184519    0.000158
   -4.169180    0.000159
   -4.153840    0.000160
   -4.138500    0.000161
   -4.123160    0.000162
   -4.107820    0.000164
   -4.092481    0.000165
   -4.077141    0.000166
   -4.061801    0.000168
   -4.046461    0.000169
   -4.031121    0.000170
   -4.015781    0.000172
   -4.000442    0.000173
   -3.985102    0.000174
   -3.969762    0.000176
   -3.954422    0.000177
   -3.939082    0.000179
   -3.923743    0.000180
   -3.908403    0.000182
   -3.893063    0.000183
   -3.877723    0.000185
   -3.862383    0.000186
   -3.847044    0.000188
   -3.831704    0.000189
   -3.816364    0.000191
   -3.801024    0.000193
   -3.785684    0.000194
   -3.770345    0.000196
   -3.755005    0.000198
   -3.739665    0.000199
   -3.724325    0.000201
   -3.708985    0.000203
   -3.693646    0.000204
   -3.678306    0.000206
   -3.662966    0.000208
   -3.647626    0.000210
   -3.632286    0.000212
   -3.616947    0.000214
   -3.601607    0.000216
   -3.586267    0.000217
   -3.570927    0.000219
   -3.555587    0.000221
   -3.540248    0.000223
   -3.524908    0.000225
   -3.509568    0.000228
   -3.494228    0.000230
   -3.478888    0.000232
   -3.463548    0.000234
   -3.448209    0.000236
   -3.432869    0.000238
   -3.417529    0.000241
   -3.402189    0.000243
   -3.386849    0.000245
   -3.371510    0.000248
   -3.356170    0.000250
   -3.340830    0.000252
   -3.325490    0.000255
   -3.310150    0.000257
   -3.294811    0.000260
   -3.279471    0.000262
   -3.264131    0.000265
   -3.248791    0.000268
   -3.233451    0.000270
   -3.218112    0.000273
   -3.202772    0.000276
   -3.187432    0.000279
   -3.172092    0.000281
   -3.156752    0.000284
   -3.141413    0.000287
   -3.126073    0.000290
   -3.110733    0.000293
   -3.095393    0.000296
   -3.080053    0.000300
   -3.064714    0.000303
   -3.049374    0.000306
   -3.034034    0.000309
   -3.018694    0.000313
   -3.003354    0.000316
   -2.988015    0.000319
   -2.972675    0.000323
   -2.957335    0.000326
   -2.941995    0.000330
   -2.926655    0.000334
   -2.911315    0.000337
   -2.895976    0.000341
   -2.880636    0.000345
   -2.865296    0.000349
   -2.849956    0.000353
   -2.834616    0.000357
   -2.819277    0.000361
   -2.803937    0.000365
   -2.788597    0.000370
   -2.773257    0.000374
   -2.757917    0.000379
   -2.742578    0.000383
   -2.727238    0.000388
   -2.711898    0.000392
   -2.696558    0.000397
   -2.681218    0.000402
   -2.665879    0.000407
   -2.650539    0.000412
   -2.635199    0.000417
   -2.619859    0.000422
   -2.604519    0.000428
   -2.589180    0.000433
   -2.573840    0.000439
   -2.558500    0.000444
   -2.543160    0.000450
   -2.527820    0.000456
   -2.512481    0.000462
   -2.497141    0.000468
   -2.481801    0.000474
   -2.466461    0.000481
   -2.451121    0.000487
   -2.435782    0.000494
   -2.420442    0.000500
   -2.405102    0.000507
   -2.389762    0.000514
   -2.374422    0.000521
   -2.359083    0.000529
   -2.343743    0.000536
   -2.328403    0.000544
   -2.313063    0.000552
   -2.297723    0.000560
   -2.282383    0.000568
   -2.267044    0.000576
   -2.251704    0.000585
   -2.236364    0.000593
   -2.221024    0.000602
   -2.205684    0.000611
   -2.190345    0.000620
   -2.175005    0.000630
   -2.159665    0.000640
   -2.144325    0.000650
   -2.128985    0.000660
   -2.113646    0.000670
   -2.098306    0.000681
   -2.082966    0.000692
   -2.067626    0.000703
   -2.052286    0.000715
   -2.036947    0.000726
   -2.021607    0.000738
   -2.006267    0.000751
   -1.990927    0.000763
   -1.975587    0.000776
   -1.960248    0.000790
   -1.944908    0.000803
   -1.929568    0.000817
   -1.914228    0.000832
   -1.898888    0.000847
   -1.883549    0.000862
   -1.868209    0.000877
   -1.852869    0.000893
   -1.837529    0.000910
   -1.822189    0.000927
   -1.806850    0.000944
   -1.791510    0.000962
   -1.776170    0.000980
   -1.760830    0.000999
   -1.745490    0.001019
   -1.730150    0.001039
   -1.714811    0.001060
   -1.699471    0.001081
   -1.684131    0.001103
   -1.668791    0.001125
   -1.653451    0.001149
   -1.638112    0.001173
   -1.622772    0.001198
   -1.607432    0.001223
   -1.592092    0.001250
   -1.576752    0.001277
   -1.561413    0.001305
   -1.546073    0.001334
   -1.530733    0.001364
   -1.515393    0.001396
   -1.500053    0.001428
   -1.484714    0.001461
   -1.469374    0.001496
   -1.454034    0.001532
   -1.438694    0.001569
   -1.423354    0.001607
   -1.408015    0.001647
   -1.392675    0.001689
   -1.377335    0.001732
   -1.361995    0.001776
   -1.346655    0.001823
   -1.331316    0.001871
   -1.315976    0.001921
   -1.300636    0.001973
   -1.285296    0.002028
   -1.269956    0.002085
   -1.254617    0.002144
   -1.239277    0.002205
   -1.223937    0.002270
   -1.208597    0.002337
   -1.193257    0.002407
   -1.177917    0.002481
   -1.162578    0.002558
   -1.147238    0.002638
   -1.131898    0.002722
   -1.116558    0.002811
   -1.101218    0.002904
   -1.085879    0.003001
   -1.070539    0.003104
   -1.055199    0.003212
   -1.039859    0.003326
   -1.024519    0.003446
   -1.009180    0.003572
   -0.993840    0.003705
   -0.978500    0.003847
   -0.963160    0.003996
   -0.947820    0.004154
   -0.932481    0.004322
   -0.917141    0.004500
   -0.901801    0.004690
   -0.886461    0.004892
   -0.871121    0.005107
   -0.855782    0.005336
   -0.840442    0.005582
   -0.825102    0.005845
   -0.809762    0.006126
   -0.794422    0.006429
   -0.779083    0.006755
   -0.763743    0.007106
   -0.748403    0.007485
   -0.733063    0.007896
   -0.717723    0.008341
   -0.702384    0.008825
   -0.687044    0.009353
   -0.671704    0.009929
   -0.656364    0.010560
   -0.641024    0.011254
   -0.625685    0.012019
   -0.610345    0.012864
   -0.595005    0.013802
   -0.579665    0.014847
   -0.564325    0.016015
   -0.548985    0.017327
   -0.533646    0.018808
   -0.518306    0.020488
   -0.502966    0.022403
   -0.487626    0.024602
   -0.472286    0.027143
   -0.456947    0.030100
   -0.441607    0.033571
   -0.426267    0.037682
   -0.410927    0.042603
   -0.395587    0.048563
   -0.380248    0.055878
   -0.364908    0.064997
   -0.349568    0.076575
   -0.334228    0.091594
   -0.318888    0.111595
   -0.303549    0.139101
   -0.288209    0.178519
   -0.272869    0.238163
   -0.257529    0.335542
   -0.242189    0.514010
   -0.226850    0.914641
   -0.211510    2.313582
   -0.196170    6.492149
   -0.180830   14.113709
   -0.165490   11.457669
   -0.150151   12.480071
   -0.134811    9.873472
   -0.119471    2.355616
   -0.104131    0.975884
   -0.088791    0.547054
   -0.073452    0.354355
   -0.058112    0.249780
   -0.042772    0.186178
   -0.027432    0.144415
   -0.012092    0.115433
    0.003248    0.094457
    0.018587    0.078768
    0.033927    0.066714
    0.049267    0.057248
    0.064607    0.049673
    0.079947    0.043516
    0.095286    0.038442
    0.110626    0.034210
    0.125966    0.030642
    0.141306    0.027607
    0.156646    0.025003
    0.171985    0.022752
    0.187325    0.020792
    0.202665    0.019076
    0.218005    0.017564
    0.233345    0.016225
    0.248684    0.015035
    0.264024    0.013970
    0.279364    0.013016
    0.294704    0.012156
    0.310044    0.011378
    0.325383    0.010673
    0.340723    0.010032
    0.356063    0.009446
    0.371403    0.008911
    0.386743    0.008420
    0.402082    0.007968
    0.417422    0.007552
    0.432762    0.007168
    0.448102    0.006812
    0.463442    0.006482
    0.478781    0.006176
    0.494121    0.005891
    0.509461    0.005625
    0.524801    0.005377
    0.540141    0.005145
    0.555480    0.004927
    0.570820    0.004723
    0.586160    0.004532
    0.601500    0.004352
    0.616840    0.004182
    0.632180    0.004022
    0.647519    0.003871
    0.662859    0.003729
    0.678199    0.003594
    0.693539    0.003466
    0.708879    0.003346
    0.724218    0.003231
    0.739558    0.003122
    0.754898    0.003018
    0.770238    0.002920
    0.785578    0.002826
    0.800917    0.002737
    0.816257    0.002652
    0.831597    0.002571
    0.846937    0.002493
    0.862277    0.002419
    0.877616    0.002349
    0.892956    0.002281
    0.908296    0.002216
    0.923636    0.002154
    0.938976    0.002094
    0.954315    0.002037
    0.969655    0.001982
    0.984995    0.001930
    1.000335    0.001879
    1.015675    0.001831
    1.031014    0.001784
    1.046354    0.001739
    1.061694    0.001696
    1.077034    0.001654
    1.092374    0.001614
    1.107713    0.001575
    1.123053    0.001538
    1.138393    0.001502
    1.153733    0.001467
    1.169073    0.001433
    1.184413    0.001401
    1.199752    0.001370
    1.215092    0.001339
    1.230432    0.001310
    1.245772    0.001282
    1.261112    0.001254
    1.276451    0.001228
    1.291791    0.001202
    1.307131    0.001177
    1.322471    0.001153
    1.337811    0.001129
    1.353150    0.001107
    1.368490    0.001085
    1.383830    0.001063
    1.399170    0.001042
    1.414510    0.001022
    1.429849    0.001003
    1.445189    0.000984
    1.460529    0.000965
    1.475869    0.000947
    1.491209    0.000930
    1.506548    0.000913
    1.521888    0.000896
    1.537228    0.000880
    1.552568    0.000864
    1.567908    0.000849
    1.583247    0.000834
    1.598587    0.000820
    1.613927    0.000806
    1.629267    0.000792
    1.644607    0.000779
    1.659946    0.000766
    1.675286    0.000753
    1.690626    0.000740
    1.705966    0.000728
    1.721306    0.000717
    1.736646    0.000705
    1.751985    0.000694
    1.767325    0.000683
    1.782665    0.000672
    1.798005    0.000662
