# energy [H], band-resolved DOS
   -5.856558    0.000067
   -5.841218    0.000067
   -5.825879    0.000068
   -5.810539    0.000068
   -5.795199    0.000068
   -5.779859    0.000069
   -5.764519    0.000069
   -5.749179    0.000069
   -5.733840    0.000070
   -5.718500    0.000070
   -5.703160    0.000071
   -5.687820    0.000071
   -5.672480    0.000071
   -5.657141    0.000072
   -5.641801    0.000072
   -5.626461    0.000072
   -5.611121    0.000073
   -5.595781    0.000073
   -5.580442    0.000074
   -5.565102    0.000074
   -5.549762    0.000074
   -5.534422    0.000075
   -5.519082    0.000075
   -5.503743    0.000075
   -5.488403    0.000076
   -5.473063    0.000076
   -5.457723    0.000077
   -5.442383    0.000077
   -5.427044    0.000078
   -5.411704    0.000078
   -5.396364    0.000078
   -5.381024    0.000079
   -5.365684    0.000079
   -5.350345    0.000080
   -5.335005    0.000080
   -5.319665    0.000081
   -5.304325    0.000081
   -5.288985    0.000081
   -5.273646    0.000082
   -5.258306    0.000082
   -5.242966    0.000083
   -5.227626    0.000083
   -5.212286    0.000084
   -5.196946    0.000084
   -5.181607    0.000085
   -5.166267    0.000085
   -5.150927    0.000086
   -5.135587    0.000086
   -5.120247    0.000087
   -5.104908    0.000087
   -5.089568    0.000088
   -5.074228    0.000088
   -5.058888    0.000089
   -5.043548    0.000089
   -5.028209    0.000090
   -5.012869    0.000090
   -4.997529    0.000091
   -4.982189    0.000091
   -4.966849    0.000092
   -4.951510    0.000092
   -4.936170    0.000093
   -4.920830    0.000093
   -4.905490    0.000094
   -4.890150    0.000094
   -4.874811    0.000095
   -4.859471    0.000096
   -4.844131    0.000096
   -4.828791    0.000097
   -4.813451    0.000097
   -4.798112    0.000098
   -4.782772    0.000098
   -4.767432    0.000099
   -4.752092    0.000100
   -4.736752    0.000100
   -4.721413    0.000101
   -4.706073    0.000101
   -4.690733    0.000102
   -4.675393    0.000103
   -4.660053    0.000103
   -4.644713    0.000104
   -4.629374    0.000105
   -4.614034    0.000105
   -4.598694    0.000106
   -4.583354    0.000107
   -4.568014    0.000107
   -4.552675    0.000108
   -4.537335    0.000109
   -4.521995    0.000109
   -4.506655    0.000110
   -4.491315    0.000111
   -4.475976    0.000111
   -4.460636    0.000112
   -4.445296    0.000113
   -4.429956    0.000114
   -4.414616    0.000114
   -4.399277    0.000115
   -4.383937    0.000116
   -4.368597    0.000117
   -4.353257    0.000117
   -4.337917    0.000118
   -4.322578    0.000119
   -4.307238    0.000120
   -4.291898    0.000121
   -4.276558    0.000121
   -4.261218    0.000122
   -4.245879    0.000123
   -4.230539    0.000124
   -4.215199    0.000125
   -4.199859    0.000126
   -4.184519    0.000126
   -4.169180    0.000127
   -4.153840    0.000128
   -4.138500    0.000129
   -4.123160    0.000130
   -4.107820    0.000131
   -4.092481    0.000132
   -4.077141    0.000133
   -4.061801    0.000134
   -4.046461    0.000135
   -4.031121    0.000135
   -4.015781    0.000136
   -4.000442    0.000137
   -3.985102    0.000138
   -3.969762    0.000139
   -3.954422    0.000140
   -3.939082    0.000141
   -3.923743    0.000142
   -3.908403    0.000144
   -3.893063    0.000145
   -3.877723    0.000146
   -3.862383    0.000147
   -3.847044    0.000148
   -3.831704    0.000149
   -3.816364    0.000150
   -3.801024    0.000151
   -3.785684    0.000152
   -3.770345    0.000153
   -3.755005    0.000155
   -3.739665    0.000156
   -3.724325    0.000157
   -3.708985    0.000158
   -3.693646    0.000159
   -3.678306    0.000161
   -3.662966    0.000162
   -3.647626    0.000163
   -3.632286    0.000164
   -3.616947    0.000166
   -3.601607    0.000167
   -3.586267    0.000168
   -3.570927    0.000170
   -3.555587    0.000171
   -3.540248    0.000172
   -3.524908    0.000174
   -3.509568    0.000175
   -3.494228    0.000177
   -3.478888    0.000178
   -3.463548    0.000179
   -3.448209    0.000181
   -3.432869    0.000182
   -3.417529    0.000184
   -3.402189    0.000185
   -3.386849    0.000187
   -3.371510    0.000189
   -3.356170    0.000190
   -3.340830    0.000192
   -3.325490    0.000193
   -3.310150    0.000195
   -3.294811    0.000197
   -3.279471    0.000198
   -3.264131    0.000200
   -3.248791    0.000202
   -3.233451    0.000204
   -3.218112    0.000205
   -3.202772    0.000207
   -3.187432    0.000209
   -3.172092    0.000211
   -3.156752    0.000213
   -3.141413    0.000215
   -3.126073    0.000216
   -3.110733    0.000218
   -3.095393    0.000220
   -3.080053    0.000222
   -3.064714    0.000224
   -3.049374    0.000226
   -3.034034    0.000229
   -3.018694    0.000231
   -3.003354    0.000233
   -2.988015    0.000235
   -2.972675    0.000237
   -2.957335    0.000239
   -2.941995    0.000242
   -2.926655    0.000244
   -2.911315    0.000246
   -2.895976    0.000249
   -2.880636    0.000251
   -2.865296    0.000254
   -2.849956    0.000256
   -2.834616    0.000259
   -2.819277    0.000261
   -2.803937    0.000264
   -2.788597    0.000266
   -2.773257    0.000269
   -2.757917    0.000272
   -2.742578    0.000274
   -2.727238    0.000277
   -2.711898    0.000280
   -2.696558    0.000283
   -2.681218    0.000286
   -2.665879    0.000289
   -2.650539    0.000292
   -2.635199    0.000295
   -2.619859    0.000298
   -2.604519    0.000301
   -2.589180    0.000304
   -2.573840    0.000308
   -2.558500    0.000311
   -2.543160    0.000314
   -2.527820    0.000318
   -2.512481    0.000321
   -2.497141    0.000325
   -2.481801    0.000328
   -2.466461    0.000332
   -2.451121    0.000336
   -2.435782    0.000339
   -2.420442    0.000343
   -2.405102    0.000347
   -2.389762    0.000351
   -2.374422    0.000355
   -2.359083    0.000359
   -2.343743    0.000363
   -2.328403    0.000368
   -2.313063    0.000372
   -2.297723    0.000376
   -2.282383    0.000381
   -2.267044    0.000385
   -2.251704    0.000390
   -2.236364    0.000395
   -2.221024    0.000400
   -2.205684    0.000405
   -2.190345    0.000410
   -2.175005    0.000415
   -2.159665    0.000420
   -2.144325    0.000425
   -2.128985    0.000430
   -2.113646    0.000436
   -2.098306    0.000442
   -2.082966    0.000447
   -2.067626    0.000453
   -2.052286    0.000459
   -2.036947    0.000465
   -2.021607    0.000471
   -2.006267    0.000477
   -1.990927    0.000484
   -1.975587    0.000490
   -1.960248    0.000497
   -1.944908    0.000504
   -1.929568    0.000511
   -1.914228    0.000518
   -1.898888    0.000525
   -1.883549    0.000533
   -1.868209    0.000540
   -1.852869    0.000548
   -1.837529    0.000556
   -1.822189    0.000564
   -1.806850    0.000572
   -1.791510    0.000580
   -1.776170    0.000589
   -1.760830    0.000598
   -1.745490    0.000607
   -1.730150    0.000616
   -1.714811    0.000625
   -1.699471    0.000635
   -1.684131    0.000645
   -1.668791    0.000655
   -1.653451    0.000665
   -1.638112    0.000676
   -1.622772    0.000687
   -1.607432    0.000698
   -1.592092    0.000709
   -1.576752    0.000721
   -1.561413    0.000733
   -1.546073    0.000745
   -1.530733    0.000758
   -1.515393    0.000770
   -1.500053    0.000784
   -1.484714    0.000797
   -1.469374    0.000811
   -1.454034    0.000825
   -1.438694    0.000840
   -1.423354    0.000855
   -1.408015    0.000870
   -1.392675    0.000886
   -1.377335    0.000902
   -1.361995    0.000919
   -1.346655    0.000936
   -1.331316    0.000954
   -1.315976    0.000972
   -1.300636    0.000991
   -1.285296    0.001010
   -1.269956    0.001030
   -1.254617    0.001051
   -1.239277    0.001072
   -1.223937    0.001093
   -1.208597    0.001116
   -1.193257    0.001139
   -1.177917    0.001162
   -1.162578    0.001187
   -1.147238    0.001212
   -1.131898    0.001238
   -1.116558    0.001265
   -1.101218    0.001293
   -1.085879    0.001322
   -1.070539    0.001352
   -1.055199    0.001383
   -1.039859    0.001415
   -1.024519    0.001447
   -1.009180    0.001482
   -0.993840    0.001517
   -0.978500    0.001554
   -0.963160    0.001592
   -0.947820    0.001631
   -0.932481    0.001672
   -0.917141    0.001715
   -0.901801    0.001759
   -0.886461    0.001804
   -0.871121    0.001852
   -0.855782    0.001902
   -0.840442    0.001953
   -0.825102    0.002007
   -0.809762    0.002063
   -0.794422    0.002121
   -0.779083    0.002182
   -0.763743    0.002246
   -0.748403    0.002312
   -0.733063    0.002382
   -0.717723    0.002454
   -0.702384    0.002530
   -0.687044    0.002610
   -0.671704    0.002693
   -0.656364    0.002780
   -0.641024    0.002872
   -0.625685    0.002968
   -0.610345    0.003070
   -0.595005    0.003176
   -0.579665    0.003289
   -0.564325    0.003407
   -0.548985    0.003532
   -0.533646    0.003664
   -0.518306    0.003803
   -0.502966    0.003951
   -0.487626    0.004107
   -0.472286    0.004273
   -0.456947    0.004449
   -0.441607    0.004637
   -0.426267    0.004836
   -0.410927    0.005049
   -0.395587    0.005276
   -0.380248    0.005519
   -0.364908    0.005779
   -0.349568    0.006059
   -0.334228    0.006359
   -0.318888    0.006682
   -0.303549    0.007030
   -0.288209    0.007407
   -0.272869    0.007815
   -0.257529    0.008257
   -0.242189    0.008739
   -0.226850    0.009265
   -0.211510    0.009840
   -0.196170    0.010470
   -0.180830    0.011164
   -0.165490    0.011930
   -0.150151    0.012778
   -0.134811    0.013721
   -0.119471    0.014774
   -0.104131    0.015954
   -0.088791    0.017283
   -0.073452    0.018788
   -0.058112    0.020501
   -0.042772    0.022464
   -0.027432    0.024728
   -0.012092    0.027359
    0.003248    0.030441
    0.018587    0.034088
    0.033927    0.038448
    0.049267    0.043723
    0.064607    0.050197
    0.079947    0.058270
    0.095286    0.068531
    0.110626    0.081875
    0.125966    0.099718
    0.141306    0.124414
    0.156646    0.160146
    0.171985    0.214968
    0.187325    0.306227
    0.202665    0.477648
    0.218005    0.869855
    0.233345    2.173111
    0.248684    9.518406
    0.264024   10.159479
    0.279364    5.738128
    0.294704    4.829113
    0.310044    6.092836
    0.325383    4.219514
    0.340723    2.514103
    0.356063    2.137266
    0.371403    2.153226
    0.386743    2.101340
    0.402082    2.464646
    0.417422    4.158951
    0.432762    1.139159
    0.448102    0.413551
    0.463442    0.230264
    0.478781    0.153997
    0.494121    0.113302
    0.509461    0.088274
    0.524801    0.071433
    0.540141    0.059383
    0.555480    0.050373
    0.570820    0.043406
    0.586160    0.037879
    0.601500    0.033402
    0.616840    0.029713
    0.632180    0.026631
    0.647519    0.024023
    0.662859    0.021794
    0.678199    0.019872
    0.693539    0.018202
    0.708879    0.016739
    0.724218    0.015450
    0.739558    0.014308
    0.754898    0.013291
    0.770238    0.012380
    0.785578    0.011562
    0.800917    0.010824
    0.816257    0.010155
    0.831597    0.009548
    0.846937    0.008994
    0.862277    0.008487
    0.877616    0.008023
    0.892956    0.007596
    0.908296    0.007203
    0.923636    0.006840
    0.938976    0.006504
    0.954315    0.006192
    0.969655    0.005903
    0.984995    0.005633
    1.000335    0.005382
    1.015675    0.005147
    1.031014    0.004927
    1.046354    0.004721
    1.061694    0.004528
    1.077034    0.004347
    1.092374    0.004176
    1.107713    0.004016
    1.123053    0.003864
    1.138393    0.003721
    1.153733    0.003586
    1.169073    0.003458
    1.184413    0.003337
    1.199752    0.003222
    1.215092    0.003113
    1.230432    0.003009
    1.245772    0.002910
    1.261112    0.002817
    1.276451    0.002728
    1.291791    0.002643
    1.307131    0.002561
    1.322471    0.002484
    1.337811    0.002410
    1.353150    0.002339
    1.368490    0.002272
    1.383830    0.002207
    1.399170    0.002145
    1.414510    0.002086
    1.429849    0.002029
    1.445189    0.001974
    1.460529    0.001922
    1.475869    0.001871
    1.491209    0.001823
    1.506548    0.001776
    1.521888    0.001731
    1.537228    0.001688
    1.552568    0.001647
    1.567908    0.001607
    1.583247    0.001568
    1.598587    0.001531
    1.613927    0.001495
    1.629267    0.001460
    1.644607    0.001427
    1.659946    0.001395
    1.675286    0.001363
    1.690626    0.001333
    1.705966    0.001304
    1.721306    0.001276
    1.736646    0.001249
    1.751985    0.001222
    1.767325    0.001196
    1.782665    0.001172
    1.798005    0.001148
