################################################################################
# HEADER
# nspin         1
#%
# nik       384
#  st         1      26
# ust         1      26
# Iter             t            #  iter t Nex(t)  
################################################################################
       0  0.000000000000e+00 -2.772782004001e-14
      50  8.000000000000e-01  1.621188955303e-08
     100  1.600000000000e+00  3.241577509194e-08
     150  2.400000000000e+00  4.860780167260e-08
     200  3.200000000000e+00  6.480205214099e-08
     250  4.000000000000e+00  8.101059961740e-08
     300  4.800000000000e+00  9.726887670314e-08
     350  5.600000000000e+00  1.136521274592e-07
     400  6.400000000000e+00  1.302997607311e-07
     450  7.200000000000e+00  1.474311526750e-07
     500  8.000000000000e+00  1.653827871317e-07
     550  8.800000000000e+00  1.846339097444e-07
     600  9.600000000000e+00  2.058329367782e-07
     650  1.040000000000e+01  2.298322632766e-07
     700  1.120000000000e+01  2.577250617086e-07
     750  1.200000000000e+01  2.908881434616e-07
     800  1.280000000000e+01  3.310185137106e-07
     850  1.360000000000e+01  3.801850730345e-07
     900  1.440000000000e+01  4.408763412123e-07
     950  1.520000000000e+01  5.160592105313e-07
    1000  1.600000000000e+01  6.092428829485e-07
    1050  1.680000000000e+01  7.245367392994e-07
    1100  1.760000000000e+01  8.667186654765e-07
    1150  1.840000000000e+01  1.041296560894e-06
    1200  1.920000000000e+01  1.254571218773e-06
    1250  2.000000000000e+01  1.513694658839e-06
    1300  2.080000000000e+01  1.826723183801e-06
    1350  2.160000000000e+01  2.202678507646e-06
    1400  2.240000000000e+01  2.651606528625e-06
    1450  2.320000000000e+01  3.184646766852e-06
    1500  2.400000000000e+01  3.814109831468e-06
    1550  2.480000000000e+01  4.553573715482e-06
    1600  2.560000000000e+01  5.417962191334e-06
    1650  2.640000000000e+01  6.423614551471e-06
    1700  2.720000000000e+01  7.588360010552e-06
    1750  2.800000000000e+01  8.931586597510e-06
    1800  2.880000000000e+01  1.047432635598e-05
    1850  2.960000000000e+01  1.223934573438e-05
    1900  3.040000000000e+01  1.425123611323e-05
    1950  3.120000000000e+01  1.653647017111e-05
    2000  3.200000000000e+01  1.912343648394e-05
    2050  3.280000000000e+01  2.204249806848e-05
    2100  3.360000000000e+01  2.532609185368e-05
    2150  3.440000000000e+01  2.900877413123e-05
    2200  3.520000000000e+01  3.312729748098e-05
    2250  3.600000000000e+01  3.772067872274e-05
    2300  3.680000000000e+01  4.283023772908e-05
    2350  3.760000000000e+01  4.849965774728e-05
    2400  3.840000000000e+01  5.477505761881e-05
    2450  3.920000000000e+01  6.170502985287e-05
    2500  4.000000000000e+01  6.934068390910e-05
    2550  4.080000000000e+01  7.773563052035e-05
    2600  4.160000000000e+01  8.694603595022e-05
    2650  4.240000000000e+01  9.703062400090e-05
    2700  4.320000000000e+01  1.080507538028e-04
    2750  4.400000000000e+01  1.200705267040e-04
    2800  4.480000000000e+01  1.331568384589e-04
    2850  4.560000000000e+01  1.473793907512e-04
    2900  4.640000000000e+01  1.628107721897e-04
    2950  4.720000000000e+01  1.795265408256e-04
    3000  4.800000000000e+01  1.976052377196e-04
    3050  4.880000000000e+01  2.171284969049e-04
    3100  4.960000000000e+01  2.381810288604e-04
    3150  5.040000000000e+01  2.608504968611e-04
    3200  5.120000000000e+01  2.852275015721e-04
    3250  5.200000000000e+01  3.114055037585e-04
    3300  5.280000000000e+01  3.394805722075e-04
    3350  5.360000000000e+01  3.695514603280e-04
    3400  5.440000000000e+01  4.017196306800e-04
    3450  5.520000000000e+01  4.360891580314e-04
    3500  5.600000000000e+01  4.727666612508e-04
    3550  5.680000000000e+01  5.118611034043e-04
    3600  5.760000000000e+01  5.534840238434e-04
    3650  5.840000000000e+01  5.977495126228e-04
    3700  5.920000000000e+01  6.447741302528e-04
    3750  6.000000000000e+01  6.946767781229e-04
    3800  6.080000000000e+01  7.475786526555e-04
    3850  6.160000000000e+01  8.036036962883e-04
    3900  6.240000000000e+01  8.628780928392e-04
    3950  6.320000000000e+01  9.255304927741e-04
    4000  6.400000000000e+01  9.916919852991e-04
    4050  6.480000000000e+01  1.061495413962e-03
    4100  6.560000000000e+01  1.135075486015e-03
    4150  6.640000000000e+01  1.212568360336e-03
    4200  6.720000000000e+01  1.294111685713e-03
    4250  6.800000000000e+01  1.379844326726e-03
    4300  6.880000000000e+01  1.469906056942e-03
    4350  6.960000000000e+01  1.564437228686e-03
    4400  7.040000000000e+01  1.663578683508e-03
    4450  7.120000000000e+01  1.767471998046e-03
    4500  7.200000000000e+01  1.876259427727e-03
    4550  7.280000000000e+01  1.990083904743e-03
    4600  7.360000000000e+01  2.109088238763e-03
    4650  7.440000000000e+01  2.233416271592e-03
    4700  7.520000000000e+01  2.363211933688e-03
    4750  7.600000000000e+01  2.498619206181e-03
    4800  7.680000000000e+01  2.639781278871e-03
    4850  7.760000000000e+01  2.786840949124e-03
    4900  7.840000000000e+01  2.939939883707e-03
    4950  7.920000000000e+01  3.099218886352e-03
    5000  8.000000000000e+01  3.264816873494e-03
    5050  8.080000000000e+01  3.436871645807e-03
    5100  8.160000000000e+01  3.615517715480e-03
    5150  8.240000000000e+01  3.800887586068e-03
    5200  8.320000000000e+01  3.993112442585e-03
    5250  8.400000000000e+01  4.192319816610e-03
    5300  8.480000000000e+01  4.398635209357e-03
    5350  8.560000000000e+01  4.612179767919e-03
    5400  8.640000000000e+01  4.833072230806e-03
    5450  8.720000000000e+01  5.061429630228e-03
    5500  8.800000000000e+01  5.297365048614e-03
    5550  8.880000000000e+01  5.540987168602e-03
    5600  8.960000000000e+01  5.792401420527e-03
    5650  9.040000000000e+01  6.051710285393e-03
    5700  9.120000000000e+01  6.319009153310e-03
    5750  9.200000000000e+01  6.594387711927e-03
    5800  9.280000000000e+01  6.877930907388e-03
    5850  9.360000000000e+01  7.169717661840e-03
    5900  9.440000000000e+01  7.469819019651e-03
    5950  9.520000000000e+01  7.778300454383e-03
    6000  9.600000000000e+01  8.095219864837e-03
    6050  9.680000000000e+01  8.420627881870e-03
    6100  9.760000000000e+01  8.754570327837e-03
    6150  9.840000000000e+01  9.097086029537e-03
    6200  9.920000000000e+01  9.448207507829e-03
    6250  1.000000000000e+02  9.807957348446e-03
    6300  1.008000000000e+02  1.017635294103e-02
    6350  1.016000000000e+02  1.055340363372e-02
    6400  1.024000000000e+02  1.093911170474e-02
    6450  1.032000000000e+02  1.133347243857e-02
    6500  1.040000000000e+02  1.173647145774e-02
    6550  1.048000000000e+02  1.214808482775e-02
    6600  1.056000000000e+02  1.256828100287e-02
    6650  1.064000000000e+02  1.299702003434e-02
    6700  1.072000000000e+02  1.343425416989e-02
    6750  1.080000000000e+02  1.387992448967e-02
    6800  1.088000000000e+02  1.433396487269e-02
    6850  1.096000000000e+02  1.479629314519e-02
    6900  1.104000000000e+02  1.526682214040e-02
    6950  1.112000000000e+02  1.574545205192e-02
    7000  1.120000000000e+02  1.623207147445e-02
    7050  1.128000000000e+02  1.672655676836e-02
    7100  1.136000000000e+02  1.722877685913e-02
    7150  1.144000000000e+02  1.773858789603e-02
    7200  1.152000000000e+02  1.825583389155e-02
    7250  1.160000000000e+02  1.878034686069e-02
    7300  1.168000000000e+02  1.931194693099e-02
    7350  1.176000000000e+02  1.985044157503e-02
    7400  1.184000000000e+02  2.039562901640e-02
    7450  1.192000000000e+02  2.094729792103e-02
    7500  1.200000000000e+02  2.150522271474e-02
    7550  1.208000000000e+02  2.206916400804e-02
    7600  1.216000000000e+02  2.263888084683e-02
    7650  1.224000000000e+02  2.321411516532e-02
    7700  1.232000000000e+02  2.379459527961e-02
    7750  1.240000000000e+02  2.438004618212e-02
    7800  1.248000000000e+02  2.497017824497e-02
    7850  1.256000000000e+02  2.556469031028e-02
    7900  1.264000000000e+02  2.616327160604e-02
    7950  1.272000000000e+02  2.676560271222e-02
    8000  1.280000000000e+02  2.737134435459e-02
    8050  1.288000000000e+02  2.798015261353e-02
    8100  1.296000000000e+02  2.859167522163e-02
    8150  1.304000000000e+02  2.920553521338e-02
    8200  1.312000000000e+02  2.982134916794e-02
    8250  1.320000000000e+02  3.043872446327e-02
    8300  1.328000000000e+02  3.105726358660e-02
    8350  1.336000000000e+02  3.167655760309e-02
    8400  1.344000000000e+02  3.229618777971e-02
    8450  1.352000000000e+02  3.291572704494e-02
    8500  1.360000000000e+02  3.353473835453e-02
    8550  1.368000000000e+02  3.415276838788e-02
    8600  1.376000000000e+02  3.476936178593e-02
    8650  1.384000000000e+02  3.538405151353e-02
    8700  1.392000000000e+02  3.599636431075e-02
    8750  1.400000000000e+02  3.660581249231e-02
    8800  1.408000000000e+02  3.721190218410e-02
    8850  1.416000000000e+02  3.781413819483e-02
    8900  1.424000000000e+02  3.841202161460e-02
    8950  1.432000000000e+02  3.900504530874e-02
    9000  1.440000000000e+02  3.959270288584e-02
    9050  1.448000000000e+02  4.017447850185e-02
    9100  1.456000000000e+02  4.074985244249e-02
    9150  1.464000000000e+02  4.131830881828e-02
    9200  1.472000000000e+02  4.187932803171e-02
    9250  1.480000000000e+02  4.243237998289e-02
    9300  1.488000000000e+02  4.297693592459e-02
    9350  1.496000000000e+02  4.351246387729e-02
    9400  1.504000000000e+02  4.403842423160e-02
    9450  1.512000000000e+02  4.455427343501e-02
    9500  1.520000000000e+02  4.505946212924e-02
    9550  1.528000000000e+02  4.555344690381e-02
    9600  1.536000000000e+02  4.603567694163e-02
    9650  1.544000000000e+02  4.650560472201e-02
    9700  1.552000000000e+02  4.696268413361e-02
    9750  1.560000000000e+02  4.740636770789e-02
    9800  1.568000000000e+02  4.783610994064e-02
    9850  1.576000000000e+02  4.825137908270e-02
    9900  1.584000000000e+02  4.865164236232e-02
    9950  1.592000000000e+02  4.903635433814e-02
   10000  1.600000000000e+02  4.940498657928e-02
   10050  1.608000000000e+02  4.975702016291e-02
   10100  1.616000000000e+02  5.009193871208e-02
   10150  1.624000000000e+02  5.040923359860e-02
   10200  1.632000000000e+02  5.070841738226e-02
   10250  1.640000000000e+02  5.098899738688e-02
   10300  1.648000000000e+02  5.125049070372e-02
   10350  1.656000000000e+02  5.149243038211e-02
   10400  1.664000000000e+02  5.171436297986e-02
   10450  1.672000000000e+02  5.191583293497e-02
   10500  1.680000000000e+02  5.209640352412e-02
   10550  1.688000000000e+02  5.225565979513e-02
   10600  1.696000000000e+02  5.239320350654e-02
   10650  1.704000000000e+02  5.250863520927e-02
   10700  1.712000000000e+02  5.260157804264e-02
   10750  1.720000000000e+02  5.267167619526e-02
   10800  1.728000000000e+02  5.271858151843e-02
   10850  1.736000000000e+02  5.274197408784e-02
   10900  1.744000000000e+02  5.274154703253e-02
   10950  1.752000000000e+02  5.271701029379e-02
   11000  1.760000000000e+02  5.266809148554e-02
   11050  1.768000000000e+02  5.259453523808e-02
   11100  1.776000000000e+02  5.249611234522e-02
   11150  1.784000000000e+02  5.237262148460e-02
   11200  1.792000000000e+02  5.222387248620e-02
   11250  1.800000000000e+02  5.204969302290e-02
   11300  1.808000000000e+02  5.184994358688e-02
   11350  1.816000000000e+02  5.162451460881e-02
   11400  1.824000000000e+02  5.137332268848e-02
   11450  1.832000000000e+02  5.109631531276e-02
   11500  1.840000000000e+02  5.079346049301e-02
   11550  1.848000000000e+02  5.046474700197e-02
   11600  1.856000000000e+02  5.011019402738e-02
   11650  1.864000000000e+02  4.972985705195e-02
   11700  1.872000000000e+02  4.932382268910e-02
   11750  1.880000000000e+02  4.889219719403e-02
   11800  1.888000000000e+02  4.843511919436e-02
   11850  1.896000000000e+02  4.795276070395e-02
   11900  1.904000000000e+02  4.744532796380e-02
   11950  1.912000000000e+02  4.691305880811e-02
   12000  1.920000000000e+02  4.635622330203e-02
   12050  1.928000000000e+02  4.577512546317e-02
   12100  1.936000000000e+02  4.517010267729e-02
   12150  1.944000000000e+02  4.454153371658e-02
   12200  1.952000000000e+02  4.388982594684e-02
   12250  1.960000000000e+02  4.321542416868e-02
   12300  1.968000000000e+02  4.251881444591e-02
   12350  1.976000000000e+02  4.180052128897e-02
   12400  1.984000000000e+02  4.106109723769e-02
   12450  1.992000000000e+02  4.030113137707e-02
   12500  2.000000000000e+02  3.952125511971e-02
   12550  2.008000000000e+02  3.872213405022e-02
   12600  2.016000000000e+02  3.790447408575e-02
   12650  2.024000000000e+02  3.706901178108e-02
   12700  2.032000000000e+02  3.621652490433e-02
   12750  2.040000000000e+02  3.534783703376e-02
   12800  2.048000000000e+02  3.446381285869e-02
   12850  2.056000000000e+02  3.356535311781e-02
   12900  2.064000000000e+02  3.265339655956e-02
   12950  2.072000000000e+02  3.172892334907e-02
   13000  2.080000000000e+02  3.079295707087e-02
   13050  2.088000000000e+02  2.984655467460e-02
   13100  2.096000000000e+02  2.889081728310e-02
   13150  2.104000000000e+02  2.792688782473e-02
   13200  2.112000000000e+02  2.695594494444e-02
   13250  2.120000000000e+02  2.597921194012e-02
   13300  2.128000000000e+02  2.499794680356e-02
   13350  2.136000000000e+02  2.401344790651e-02
   13400  2.144000000000e+02  2.302705295222e-02
   13450  2.152000000000e+02  2.204013977595e-02
   13500  2.160000000000e+02  2.105412107924e-02
   13550  2.168000000000e+02  2.007045036881e-02
   13600  2.176000000000e+02  1.909062103843e-02
   13650  2.184000000000e+02  1.811615767113e-02
   13700  2.192000000000e+02  1.714862224915e-02
   13750  2.200000000000e+02  1.618961751590e-02
   13800  2.208000000000e+02  1.524078356207e-02
   13850  2.216000000000e+02  1.430379446088e-02
   13900  2.224000000000e+02  1.338035617139e-02
   13950  2.232000000000e+02  1.247220831045e-02
   14000  2.240000000000e+02  1.158112704082e-02
   14050  2.248000000000e+02  1.070892150590e-02
   14100  2.256000000000e+02  9.857433350300e-03
   14150  2.264000000000e+02  9.028533329436e-03
   14200  2.272000000000e+02  8.224121674954e-03
   14250  2.280000000000e+02  7.446129309968e-03
   14300  2.288000000000e+02  6.696519525416e-03
   14350  2.296000000000e+02  5.977282064336e-03
   14400  2.304000000000e+02  5.290431371477e-03
   14450  2.312000000000e+02  4.638005327114e-03
   14500  2.320000000000e+02  4.022068623832e-03
   14550  2.328000000000e+02  3.444707647339e-03
   14600  2.336000000000e+02  2.908030388080e-03
   14650  2.344000000000e+02  2.414168196774e-03
   14700  2.352000000000e+02  1.965267692079e-03
   14750  2.360000000000e+02  1.563495811368e-03
   14800  2.368000000000e+02  1.211036445128e-03
   14850  2.376000000000e+02  9.100887461313e-04
   14900  2.384000000000e+02  6.628657472493e-04
   14950  2.392000000000e+02  4.715934601192e-04
   15000  2.400000000000e+02  3.385096278197e-04
   15050  2.408000000000e+02  2.658614074058e-04
   15100  2.416000000000e+02  2.559033845194e-04
   15150  2.424000000000e+02  3.108964638227e-04
   15200  2.432000000000e+02  4.331060547447e-04
   15250  2.440000000000e+02  6.248001323064e-04
   15300  2.448000000000e+02  8.882475850722e-04
   15350  2.456000000000e+02  1.225716233494e-03
   15400  2.464000000000e+02  1.639471163121e-03
   15450  2.472000000000e+02  2.131773355232e-03
   15500  2.480000000000e+02  2.704877385460e-03
   15550  2.488000000000e+02  3.361029878535e-03
   15600  2.496000000000e+02  4.102465980810e-03
   15650  2.504000000000e+02  4.931410368951e-03
   15700  2.512000000000e+02  5.850073374116e-03
   15750  2.520000000000e+02  6.860647006049e-03
   15800  2.528000000000e+02  7.965306848093e-03
   15850  2.536000000000e+02  9.166208437035e-03
   15900  2.544000000000e+02  1.046548328741e-02
   15950  2.552000000000e+02  1.186523792036e-02
   16000  2.560000000000e+02  1.336755121197e-02
   16050  2.568000000000e+02  1.497447453378e-02
   16100  2.576000000000e+02  1.668802558287e-02
   16150  2.584000000000e+02  1.851018867790e-02
   16200  2.592000000000e+02  2.044291360847e-02
   16250  2.600000000000e+02  2.248811485318e-02
   16300  2.608000000000e+02  2.464766696933e-02
   16350  2.616000000000e+02  2.692340453916e-02
   16400  2.624000000000e+02  2.931711940404e-02
   16450  2.632000000000e+02  3.183055582315e-02
   16500  2.640000000000e+02  3.446541039134e-02
   16550  2.648000000000e+02  3.722333491648e-02
   16600  2.656000000000e+02  4.010592437341e-02
   16650  2.664000000000e+02  4.311472002860e-02
   16700  2.672000000000e+02  4.625120327444e-02
   16750  2.680000000000e+02  4.951679649910e-02
   16800  2.688000000000e+02  5.291286801137e-02
   16850  2.696000000000e+02  5.644072390586e-02
   16900  2.704000000000e+02  6.010160393545e-02
   16950  2.712000000000e+02  6.389669359020e-02
   17000  2.720000000000e+02  6.782710744313e-02
   17050  2.728000000000e+02  7.189388537561e-02
   17100  2.736000000000e+02  7.609800423515e-02
   17150  2.744000000000e+02  8.044037609952e-02
   17200  2.752000000000e+02  8.492183875750e-02
   17250  2.760000000000e+02  8.954315554059e-02
   17300  2.768000000000e+02  9.430501141443e-02
   17350  2.776000000000e+02  9.920801500000e-02
   17400  2.784000000000e+02  1.042526933985e-01
   17450  2.792000000000e+02  1.094394992285e-01
   17500  2.800000000000e+02  1.147688135576e-01
   17550  2.808000000000e+02  1.202409447851e-01
   17600  2.816000000000e+02  1.258560954595e-01
   17650  2.824000000000e+02  1.316143816940e-01
   17700  2.832000000000e+02  1.375158535802e-01
   17750  2.840000000000e+02  1.435604807003e-01
   17800  2.848000000000e+02  1.497481484716e-01
   17850  2.856000000000e+02  1.560786472138e-01
   17900  2.864000000000e+02  1.625516739758e-01
   17950  2.872000000000e+02  1.691668249450e-01
   18000  2.880000000000e+02  1.759236172864e-01
   18050  2.888000000000e+02  1.828214966289e-01
   18100  2.896000000000e+02  1.898597862133e-01
   18150  2.904000000000e+02  1.970377340058e-01
   18200  2.912000000000e+02  2.043545012469e-01
   18250  2.920000000000e+02  2.118091722258e-01
   18300  2.928000000000e+02  2.194007215245e-01
   18350  2.936000000000e+02  2.271280504461e-01
   18400  2.944000000000e+02  2.349899557923e-01
   18450  2.952000000000e+02  2.429851402944e-01
   18500  2.960000000000e+02  2.511121921957e-01
   18550  2.968000000000e+02  2.593696069459e-01
   18600  2.976000000000e+02  2.677557752376e-01
   18650  2.984000000000e+02  2.762689863426e-01
   18700  2.992000000000e+02  2.849074529805e-01
   18750  3.000000000000e+02  2.936692936849e-01
   18800  3.008000000000e+02  3.025524989513e-01
   18850  3.016000000000e+02  3.115549454283e-01
   18900  3.024000000000e+02  3.206743932902e-01
   18950  3.032000000000e+02  3.299085137143e-01
   19000  3.040000000000e+02  3.392548900016e-01
   19050  3.048000000000e+02  3.487109780156e-01
   19100  3.056000000000e+02  3.582741384417e-01
   19150  3.064000000000e+02  3.679416098804e-01
   19200  3.072000000000e+02  3.777105345803e-01
   19250  3.080000000000e+02  3.875779547161e-01
   19300  3.088000000000e+02  3.975408132667e-01
   19350  3.096000000000e+02  4.075959428721e-01
   19400  3.104000000000e+02  4.177400893082e-01
   19450  3.112000000000e+02  4.279698807768e-01
   19500  3.120000000000e+02  4.382818754595e-01
   19550  3.128000000000e+02  4.486725305312e-01
   19600  3.136000000000e+02  4.591382186703e-01
   19650  3.144000000000e+02  4.696752176187e-01
   19700  3.152000000000e+02  4.802797279302e-01
   19750  3.160000000000e+02  4.909478873135e-01
   19800  3.168000000000e+02  5.016757659773e-01
   19850  3.176000000000e+02  5.124593412772e-01
   19900  3.184000000000e+02  5.232945259997e-01
   19950  3.192000000000e+02  5.341771871571e-01
   20000  3.200000000000e+02  5.451031440086e-01
   20050  3.208000000000e+02  5.560681322711e-01
   20100  3.216000000000e+02  5.670678628215e-01
   20150  3.224000000000e+02  5.780980060190e-01
   20200  3.232000000000e+02  5.891542221553e-01
   20250  3.240000000000e+02  6.002321301017e-01
   20300  3.248000000000e+02  6.113272932553e-01
   20350  3.256000000000e+02  6.224352396728e-01
   20400  3.264000000000e+02  6.335515010861e-01
   20450  3.272000000000e+02  6.446715947293e-01
   20500  3.280000000000e+02  6.557910057714e-01
   20550  3.288000000000e+02  6.669052060049e-01
   20600  3.296000000000e+02  6.780096397168e-01
   20650  3.304000000000e+02  6.890997381798e-01
   20700  3.312000000000e+02  7.001709303410e-01
   20750  3.320000000000e+02  7.112186097860e-01
   20800  3.328000000000e+02  7.222381422350e-01
   20850  3.336000000000e+02  7.332248592204e-01
   20900  3.344000000000e+02  7.441740988488e-01
   20950  3.352000000000e+02  7.550811428035e-01
   21000  3.360000000000e+02  7.659412418873e-01
   21050  3.368000000000e+02  7.767496243195e-01
   21100  3.376000000000e+02  7.875015034762e-01
   21150  3.384000000000e+02  7.981920427252e-01
   21200  3.392000000000e+02  8.088163306998e-01
   21250  3.400000000000e+02  8.193694822669e-01
   21300  3.408000000000e+02  8.298465382755e-01
   21350  3.416000000000e+02  8.402425037438e-01
   21400  3.424000000000e+02  8.505523540662e-01
   21450  3.432000000000e+02  8.607710805134e-01
   21500  3.440000000000e+02  8.708936680008e-01
   21550  3.448000000000e+02  8.809150578361e-01
   21600  3.456000000000e+02  8.908301942681e-01
   21650  3.464000000000e+02  9.006340145946e-01
   21700  3.472000000000e+02  9.103214577412e-01
   21750  3.480000000000e+02  9.198874505460e-01
   21800  3.488000000000e+02  9.293269511541e-01
   21850  3.496000000000e+02  9.386348957319e-01
   21900  3.504000000000e+02  9.478062701782e-01
   21950  3.512000000000e+02  9.568361126901e-01
   22000  3.520000000000e+02  9.657195016370e-01
   22050  3.528000000000e+02  9.744515389383e-01
   22100  3.536000000000e+02  9.830273456768e-01
   22150  3.544000000000e+02  9.914421464933e-01
   22200  3.552000000000e+02  9.996912497222e-01
   22250  3.560000000000e+02  1.007770014756e+00
   22300  3.568000000000e+02  1.015673841387e+00
   22350  3.576000000000e+02  1.023398203305e+00
   22400  3.584000000000e+02  1.030938649758e+00
   22450  3.592000000000e+02  1.038290809619e+00
   22500  3.600000000000e+02  1.045450412385e+00
   22550  3.608000000000e+02  1.052413241840e+00
   22600  3.616000000000e+02  1.059175104598e+00
   22650  3.624000000000e+02  1.065731864936e+00
   22700  3.632000000000e+02  1.072079454547e+00
   22750  3.640000000000e+02  1.078213923427e+00
   22800  3.648000000000e+02  1.084131356099e+00
   22850  3.656000000000e+02  1.089827914169e+00
   22900  3.664000000000e+02  1.095299809125e+00
   22950  3.672000000000e+02  1.100543334089e+00
   23000  3.680000000000e+02  1.105554868815e+00
   23050  3.688000000000e+02  1.110330872535e+00
   23100  3.696000000000e+02  1.114867851057e+00
   23150  3.704000000000e+02  1.119162440097e+00
   23200  3.712000000000e+02  1.123211342895e+00
   23250  3.720000000000e+02  1.127011346649e+00
   23300  3.728000000000e+02  1.130559387203e+00
   23350  3.736000000000e+02  1.133852457597e+00
   23400  3.744000000000e+02  1.136887655949e+00
   23450  3.752000000000e+02  1.139662186240e+00
   23500  3.760000000000e+02  1.142173410090e+00
   23550  3.768000000000e+02  1.144418825252e+00
   23600  3.776000000000e+02  1.146396034107e+00
   23650  3.784000000000e+02  1.148102806731e+00
   23700  3.792000000000e+02  1.149537018590e+00
   23750  3.800000000000e+02  1.150696702778e+00
   23800  3.808000000000e+02  1.151580021960e+00
   23850  3.816000000000e+02  1.152185270743e+00
   23900  3.824000000000e+02  1.152510902305e+00
   23950  3.832000000000e+02  1.152555484126e+00
   24000  3.840000000000e+02  1.152317722119e+00
   24050  3.848000000000e+02  1.151796481344e+00
   24100  3.856000000000e+02  1.150990762694e+00
   24150  3.864000000000e+02  1.149899712909e+00
   24200  3.872000000000e+02  1.148522551924e+00
   24250  3.880000000000e+02  1.146858644957e+00
   24300  3.888000000000e+02  1.144907491007e+00
   24350  3.896000000000e+02  1.142668711556e+00
   24400  3.904000000000e+02  1.140142070786e+00
   24450  3.912000000000e+02  1.137327457132e+00
   24500  3.920000000000e+02  1.134224847998e+00
   24550  3.928000000000e+02  1.130834336751e+00
   24600  3.936000000000e+02  1.127156168919e+00
   24650  3.944000000000e+02  1.123190675088e+00
   24700  3.952000000000e+02  1.118938293628e+00
   24750  3.960000000000e+02  1.114399591949e+00
   24800  3.968000000000e+02  1.109575284343e+00
   24850  3.976000000000e+02  1.104466208623e+00
   24900  3.984000000000e+02  1.099073339858e+00
   24950  3.992000000000e+02  1.093397814166e+00
   25000  4.000000000000e+02  1.087440935907e+00
   25050  4.008000000000e+02  1.081204168544e+00
   25100  4.016000000000e+02  1.074689134873e+00
   25150  4.024000000000e+02  1.067897625948e+00
   25200  4.032000000000e+02  1.060831605267e+00
   25250  4.040000000000e+02  1.053493217905e+00
   25300  4.048000000000e+02  1.045884807837e+00
   25350  4.056000000000e+02  1.038008917534e+00
   25400  4.064000000000e+02  1.029868250037e+00
   25450  4.072000000000e+02  1.021465696922e+00
   25500  4.080000000000e+02  1.012804328094e+00
   25550  4.088000000000e+02  1.003887410426e+00
   25600  4.096000000000e+02  9.947183800561e-01
   25650  4.104000000000e+02  9.853008428660e-01
   25700  4.112000000000e+02  9.756386163469e-01
   25750  4.120000000000e+02  9.657356876125e-01
   25800  4.128000000000e+02  9.555962253679e-01
   25850  4.136000000000e+02  9.452245717057e-01
   25900  4.144000000000e+02  9.346252888653e-01
   25950  4.152000000000e+02  9.238030786896e-01
   26000  4.160000000000e+02  9.127628042075e-01
   26050  4.168000000000e+02  9.015094849723e-01
   26100  4.176000000000e+02  8.900483116212e-01
   26150  4.184000000000e+02  8.783846474305e-01
   26200  4.192000000000e+02  8.665239962646e-01
   26250  4.200000000000e+02  8.544720260233e-01
   26300  4.208000000000e+02  8.422345242005e-01
   26350  4.216000000000e+02  8.298174458944e-01
   26400  4.224000000000e+02  8.172268984473e-01
   26450  4.232000000000e+02  8.044691530746e-01
   26500  4.240000000000e+02  7.915506654915e-01
   26550  4.248000000000e+02  7.784780473461e-01
   26600  4.256000000000e+02  7.652580771657e-01
   26650  4.264000000000e+02  7.518976743587e-01
   26700  4.272000000000e+02  7.384039044552e-01
   26750  4.280000000000e+02  7.247840120414e-01
   26800  4.288000000000e+02  7.110453996938e-01
   26850  4.296000000000e+02  6.971956171438e-01
   26900  4.304000000000e+02  6.832423739913e-01
   26950  4.312000000000e+02  6.691935306337e-01
   27000  4.320000000000e+02  6.550570732409e-01
   27050  4.328000000000e+02  6.408411592028e-01
   27100  4.336000000000e+02  6.265540531608e-01
   27150  4.344000000000e+02  6.122041839308e-01
   27200  4.352000000000e+02  5.978000977499e-01
   27250  4.360000000000e+02  5.833505064600e-01
   27300  4.368000000000e+02  5.688642400492e-01
   27350  4.376000000000e+02  5.543502489554e-01
   27400  4.384000000000e+02  5.398175974614e-01
   27450  4.392000000000e+02  5.252754413852e-01
   27500  4.400000000000e+02  5.107330918312e-01
   27550  4.408000000000e+02  4.961999567486e-01
   27600  4.416000000000e+02  4.816855505951e-01
   27650  4.424000000000e+02  4.671994761968e-01
   27700  4.432000000000e+02  4.527514325924e-01
   27750  4.440000000000e+02  4.383512123565e-01
   27800  4.448000000000e+02  4.240086896121e-01
   27850  4.456000000000e+02  4.097338386569e-01
   27900  4.464000000000e+02  3.955366700470e-01
   27950  4.472000000000e+02  3.814272658401e-01
   28000  4.480000000000e+02  3.674157725979e-01
   28050  4.488000000000e+02  3.535123899162e-01
   28100  4.496000000000e+02  3.397273915065e-01
   28150  4.504000000000e+02  3.260710853507e-01
   28200  4.512000000000e+02  3.125538349898e-01
   28250  4.520000000000e+02  2.991860325905e-01
   28300  4.528000000000e+02  2.859781093571e-01
   28350  4.536000000000e+02  2.729405186248e-01
   28400  4.544000000000e+02  2.600837309400e-01
   28450  4.552000000000e+02  2.474182122278e-01
   28500  4.560000000000e+02  2.349544462703e-01
   28550  4.568000000000e+02  2.227029108118e-01
   28600  4.576000000000e+02  2.106740659784e-01
   28650  4.584000000000e+02  1.988783619582e-01
   28700  4.592000000000e+02  1.873262202546e-01
   28750  4.600000000000e+02  1.760280417272e-01
   28800  4.608000000000e+02  1.649941844627e-01
   28850  4.616000000000e+02  1.542349552805e-01
   28900  4.624000000000e+02  1.437606252619e-01
   28950  4.632000000000e+02  1.335813787588e-01
   29000  4.640000000000e+02  1.237073201860e-01
   29050  4.648000000000e+02  1.141484745780e-01
   29100  4.656000000000e+02  1.049147687112e-01
   29150  4.664000000000e+02  9.601602479176e-02
   29200  4.672000000000e+02  8.746194334462e-02
   29250  4.680000000000e+02  7.926208696036e-02
   29300  4.688000000000e+02  7.142586906728e-02
   29350  4.696000000000e+02  6.396256079154e-02
   29400  4.704000000000e+02  5.688126017049e-02
   29450  4.712000000000e+02  5.019089012554e-02
   29500  4.720000000000e+02  4.390018393335e-02
   29550  4.728000000000e+02  3.801767637752e-02
   29600  4.736000000000e+02  3.255168506440e-02
   29650  4.744000000000e+02  2.751031376433e-02
   29700  4.752000000000e+02  2.290144395029e-02
   29750  4.760000000000e+02  1.873271186131e-02
   29800  4.768000000000e+02  1.501150725321e-02
   29850  4.776000000000e+02  1.174496277080e-02
   29900  4.784000000000e+02  8.939951417960e-03
   29950  4.792000000000e+02  6.603081545816e-03
   30000  4.800000000000e+02  4.740688971276e-03
   30050  4.808000000000e+02  3.358832984537e-03
   30100  4.816000000000e+02  2.463292530801e-03
   30150  4.824000000000e+02  2.059562691141e-03
   30200  4.832000000000e+02  2.152851975144e-03
   30250  4.840000000000e+02  2.748077774814e-03
   30300  4.848000000000e+02  3.849863418875e-03
   30350  4.856000000000e+02  5.462533891646e-03
   30400  4.864000000000e+02  7.590112324396e-03
   30450  4.872000000000e+02  1.023631402286e-02
   30500  4.880000000000e+02  1.340454267596e-02
   30550  4.888000000000e+02  1.709788554744e-02
   30600  4.896000000000e+02  2.131910191413e-02
   30650  4.904000000000e+02  2.607061590312e-02
   30700  4.912000000000e+02  3.135451174107e-02
   30750  4.920000000000e+02  3.717252303436e-02
   30800  4.928000000000e+02  4.352601690812e-02
   30850  4.936000000000e+02  5.041598969135e-02
   30900  4.944000000000e+02  5.784304106279e-02
   30950  4.952000000000e+02  6.580737100649e-02
   31000  4.960000000000e+02  7.430875970352e-02
   31050  4.968000000000e+02  8.334657095541e-02
   31100  4.976000000000e+02  9.291974258746e-02
   31150  4.984000000000e+02  1.030267655468e-01
   31200  4.992000000000e+02  1.136656768612e-01
   31250  5.000000000000e+02  1.248340748074e-01
   31300  5.008000000000e+02  1.365291141499e-01
   31350  5.016000000000e+02  1.487475014194e-01
   31400  5.024000000000e+02  1.614855000905e-01
   31450  5.032000000000e+02  1.747389505278e-01
   31500  5.040000000000e+02  1.885033131006e-01
   31550  5.048000000000e+02  2.027736522372e-01
   31600  5.056000000000e+02  2.175446798486e-01
   31650  5.064000000000e+02  2.328107878545e-01
   31700  5.072000000000e+02  2.485660670915e-01
   31750  5.080000000000e+02  2.648043239840e-01
   31800  5.088000000000e+02  2.815191514633e-01
   31850  5.096000000000e+02  2.987039275513e-01
   31900  5.104000000000e+02  3.163518705407e-01
   31950  5.112000000000e+02  3.344560606147e-01
   32000  5.120000000000e+02  3.530094675939e-01
   32050  5.128000000000e+02  3.720049824416e-01
   32100  5.136000000000e+02  3.914354146743e-01
   32150  5.144000000000e+02  4.112935304659e-01
   32200  5.152000000000e+02  4.315720348412e-01
   32250  5.160000000000e+02  4.522635695679e-01
   32300  5.168000000000e+02  4.733607287872e-01
   32350  5.176000000000e+02  4.948560234311e-01
   32400  5.184000000000e+02  5.167418515693e-01
   32450  5.192000000000e+02  5.390104714383e-01
   32500  5.200000000000e+02  5.616539629861e-01
   32550  5.208000000000e+02  5.846641960071e-01
   32600  5.216000000000e+02  6.080327227133e-01
   32650  5.224000000000e+02  6.317507573254e-01
   32700  5.232000000000e+02  6.558091479769e-01
   32750  5.240000000000e+02  6.801982541702e-01
   32800  5.248000000000e+02  7.049079676838e-01
   32850  5.256000000000e+02  7.299276623754e-01
   32900  5.264000000000e+02  7.552461407844e-01
   32950  5.272000000000e+02  7.808516262105e-01
   33000  5.280000000000e+02  8.067317562341e-01
   33050  5.288000000000e+02  8.328736136946e-01
   33100  5.296000000000e+02  8.592637610144e-01
   33150  5.304000000000e+02  8.858883204000e-01
   33200  5.312000000000e+02  9.127330298358e-01
   33250  5.320000000000e+02  9.397833185936e-01
   33300  5.328000000000e+02  9.670244230898e-01
   33350  5.336000000000e+02  9.944414559225e-01
   33400  5.344000000000e+02  1.022019545348e+00
   33450  5.352000000000e+02  1.049743899829e+00
   33500  5.360000000000e+02  1.077599983228e+00
   33550  5.368000000000e+02  1.105573519590e+00
   33600  5.376000000000e+02  1.133650582177e+00
   33650  5.384000000000e+02  1.161817668928e+00
   33700  5.392000000000e+02  1.190061755361e+00
   33750  5.400000000000e+02  1.218370373715e+00
   33800  5.408000000000e+02  1.246731532703e+00
   33850  5.416000000000e+02  1.275133789191e+00
   33900  5.424000000000e+02  1.303566210994e+00
   33950  5.432000000000e+02  1.332018373936e+00
   34000  5.440000000000e+02  1.360480379041e+00
   34050  5.448000000000e+02  1.388942822318e+00
   34100  5.456000000000e+02  1.417396718616e+00
   34150  5.464000000000e+02  1.445833512726e+00
   34200  5.472000000000e+02  1.474244994095e+00
   34250  5.480000000000e+02  1.502623185733e+00
   34300  5.488000000000e+02  1.530960328429e+00
   34350  5.496000000000e+02  1.559248740550e+00
   34400  5.504000000000e+02  1.587480604451e+00
   34450  5.512000000000e+02  1.615647742439e+00
   34500  5.520000000000e+02  1.643741443090e+00
   34550  5.528000000000e+02  1.671752328224e+00
   34600  5.536000000000e+02  1.699670043742e+00
   34650  5.544000000000e+02  1.727483120822e+00
   34700  5.552000000000e+02  1.755178838242e+00
   34750  5.560000000000e+02  1.782743136971e+00
   34800  5.568000000000e+02  1.810160600462e+00
   34850  5.576000000000e+02  1.837414531052e+00
   34900  5.584000000000e+02  1.864487132533e+00
   34950  5.592000000000e+02  1.891359778327e+00
   35000  5.600000000000e+02  1.918013372091e+00
   35050  5.608000000000e+02  1.944428724121e+00
   35100  5.616000000000e+02  1.970586867045e+00
   35150  5.624000000000e+02  1.996469630589e+00
   35200  5.632000000000e+02  2.022060033304e+00
   35250  5.640000000000e+02  2.047342657639e+00
   35300  5.648000000000e+02  2.072303934019e+00
   35350  5.656000000000e+02  2.096932304835e+00
   35400  5.664000000000e+02  2.121218310421e+00
   35450  5.672000000000e+02  2.145154573564e+00
   35500  5.680000000000e+02  2.168735605243e+00
   35550  5.688000000000e+02  2.191957609689e+00
   35600  5.696000000000e+02  2.214818111855e+00
   35650  5.704000000000e+02  2.237315593580e+00
   35700  5.712000000000e+02  2.259449063571e+00
   35750  5.720000000000e+02  2.281217637576e+00
   35800  5.728000000000e+02  2.302620162057e+00
   35850  5.736000000000e+02  2.323654781050e+00
   35900  5.744000000000e+02  2.344318626317e+00
   35950  5.752000000000e+02  2.364607541267e+00
   36000  5.760000000000e+02  2.384516002586e+00
   36050  5.768000000000e+02  2.404036994565e+00
   36100  5.776000000000e+02  2.423162021925e+00
   36150  5.784000000000e+02  2.441881249837e+00
   36200  5.792000000000e+02  2.460183695964e+00
   36250  5.800000000000e+02  2.478057474732e+00
   36300  5.808000000000e+02  2.495490210969e+00
   36350  5.816000000000e+02  2.512469576381e+00
   36400  5.824000000000e+02  2.528983568196e+00
   36450  5.832000000000e+02  2.545020979748e+00
   36500  5.840000000000e+02  2.560571786006e+00
   36550  5.848000000000e+02  2.575627499986e+00
   36600  5.856000000000e+02  2.590181232816e+00
   36650  5.864000000000e+02  2.604227838294e+00
   36700  5.872000000000e+02  2.617763809556e+00
   36750  5.880000000000e+02  2.630786993543e+00
   36800  5.888000000000e+02  2.643296099350e+00
   36850  5.896000000000e+02  2.655290252438e+00
   36900  5.904000000000e+02  2.666768494497e+00
   36950  5.912000000000e+02  2.677729179936e+00
   37000  5.920000000000e+02  2.688169441416e+00
   37050  5.928000000000e+02  2.698084893776e+00
   37100  5.936000000000e+02  2.707469465072e+00
   37150  5.944000000000e+02  2.716315480527e+00
   37200  5.952000000000e+02  2.724613933750e+00
   37250  5.960000000000e+02  2.732354997164e+00
   37300  5.968000000000e+02  2.739528498641e+00
   37350  5.976000000000e+02  2.746124750379e+00
   37400  5.984000000000e+02  2.752135302528e+00
   37450  5.992000000000e+02  2.757553576109e+00
   37500  6.000000000000e+02  2.762375294339e+00
   37550  6.008000000000e+02  2.766598828261e+00
   37600  6.016000000000e+02  2.770225286306e+00
   37650  6.024000000000e+02  2.773258168723e+00
   37700  6.032000000000e+02  2.775702895114e+00
   37750  6.040000000000e+02  2.777566236977e+00
   37800  6.048000000000e+02  2.778855550507e+00
   37850  6.056000000000e+02  2.779577974474e+00
   37900  6.064000000000e+02  2.779739517975e+00
   37950  6.072000000000e+02  2.779344656177e+00
   38000  6.080000000000e+02  2.778395821891e+00
   38050  6.088000000000e+02  2.776893195496e+00
   38100  6.096000000000e+02  2.774834757993e+00
   38150  6.104000000000e+02  2.772216596490e+00
   38200  6.112000000000e+02  2.769033375086e+00
   38250  6.120000000000e+02  2.765278907253e+00
   38300  6.128000000000e+02  2.760946838099e+00
   38350  6.136000000000e+02  2.756031347814e+00
   38400  6.144000000000e+02  2.750527653041e+00
   38450  6.152000000000e+02  2.744432469078e+00
   38500  6.160000000000e+02  2.737744291179e+00
   38550  6.168000000000e+02  2.730463587968e+00
   38600  6.176000000000e+02  2.722592728134e+00
   38650  6.184000000000e+02  2.714135920293e+00
   38700  6.192000000000e+02  2.705098967121e+00
   38750  6.200000000000e+02  2.695489041632e+00
   38800  6.208000000000e+02  2.685314352652e+00
   38850  6.216000000000e+02  2.674583892939e+00
   38900  6.224000000000e+02  2.663307158579e+00
   38950  6.232000000000e+02  2.651493997962e+00
   39000  6.240000000000e+02  2.639154271177e+00
   39050  6.248000000000e+02  2.626297673209e+00
   39100  6.256000000000e+02  2.612933611426e+00
   39150  6.264000000000e+02  2.599070973812e+00
   39200  6.272000000000e+02  2.584717888964e+00
   39250  6.280000000000e+02  2.569881530361e+00
   39300  6.288000000000e+02  2.554567849909e+00
   39350  6.296000000000e+02  2.538781408629e+00
   39400  6.304000000000e+02  2.522525307359e+00
   39450  6.312000000000e+02  2.505801144738e+00
   39500  6.320000000000e+02  2.488609121784e+00
   39550  6.328000000000e+02  2.470948229152e+00
   39600  6.336000000000e+02  2.452816632836e+00
   39650  6.344000000000e+02  2.434212248569e+00
   39700  6.352000000000e+02  2.415133166522e+00
   39750  6.360000000000e+02  2.395578291409e+00
   39800  6.368000000000e+02  2.375547926805e+00
   39850  6.376000000000e+02  2.355044172541e+00
   39900  6.384000000000e+02  2.334071304655e+00
   39950  6.392000000000e+02  2.312635992396e+00
   40000  6.400000000000e+02  2.290747245088e+00
   40050  6.408000000000e+02  2.268416298504e+00
   40100  6.416000000000e+02  2.245656292204e+00
   40150  6.424000000000e+02  2.222481785277e+00
   40200  6.432000000000e+02  2.198908204240e+00
   40250  6.440000000000e+02  2.174951288999e+00
   40300  6.448000000000e+02  2.150626625815e+00
   40350  6.456000000000e+02  2.125949144510e+00
   40400  6.464000000000e+02  2.100932898293e+00
   40450  6.472000000000e+02  2.075590906253e+00
   40500  6.480000000000e+02  2.049935072413e+00
   40550  6.488000000000e+02  2.023976406640e+00
   40600  6.496000000000e+02  1.997725115905e+00
   40650  6.504000000000e+02  1.971190939325e+00
   40700  6.512000000000e+02  1.944383454664e+00
   40750  6.520000000000e+02  1.917312318012e+00
   40800  6.528000000000e+02  1.889987488048e+00
   40850  6.536000000000e+02  1.862419393852e+00
   40900  6.544000000000e+02  1.834618991421e+00
   40950  6.552000000000e+02  1.806597792576e+00
   41000  6.560000000000e+02  1.778367728574e+00
   41050  6.568000000000e+02  1.749941139082e+00
   41100  6.576000000000e+02  1.721330699964e+00
   41150  6.584000000000e+02  1.692549272306e+00
   41200  6.592000000000e+02  1.663609886257e+00
   41250  6.600000000000e+02  1.634525654433e+00
   41300  6.608000000000e+02  1.605309815754e+00
   41350  6.616000000000e+02  1.575975725810e+00
   41400  6.624000000000e+02  1.546536862923e+00
   41450  6.632000000000e+02  1.517006861792e+00
   41500  6.640000000000e+02  1.487399460143e+00
   41550  6.648000000000e+02  1.457728505306e+00
   41600  6.656000000000e+02  1.428007869944e+00
   41650  6.664000000000e+02  1.398251271321e+00
   41700  6.672000000000e+02  1.368472236653e+00
   41750  6.680000000000e+02  1.338683946431e+00
   41800  6.688000000000e+02  1.308899175598e+00
   41850  6.696000000000e+02  1.279130300463e+00
   41900  6.704000000000e+02  1.249389347541e+00
   41950  6.712000000000e+02  1.219688017648e+00
   42000  6.720000000000e+02  1.190037847325e+00
   42050  6.728000000000e+02  1.160450410505e+00
   42100  6.736000000000e+02  1.130937504271e+00
   42150  6.744000000000e+02  1.101511317364e+00
   42200  6.752000000000e+02  1.072184607000e+00
   42250  6.760000000000e+02  1.042970725365e+00
   42300  6.768000000000e+02  1.013883693393e+00
   42350  6.776000000000e+02  9.849381757070e-01
   42400  6.784000000000e+02  9.561494044758e-01
   42450  6.792000000000e+02  9.275329748836e-01
   42500  6.800000000000e+02  8.991047268660e-01
   42550  6.808000000000e+02  8.708805780543e-01
   42600  6.816000000000e+02  8.428763573673e-01
   42650  6.824000000000e+02  8.151077373928e-01
   42700  6.832000000000e+02  7.875901250139e-01
   42750  6.840000000000e+02  7.603386774722e-01
   42800  6.848000000000e+02  7.333682989792e-01
   42850  6.856000000000e+02  7.066936768443e-01
   42900  6.864000000000e+02  6.803294219747e-01
   42950  6.872000000000e+02  6.542900735005e-01
   43000  6.880000000000e+02  6.285901426140e-01
   43050  6.888000000000e+02  6.032441051695e-01
   43100  6.896000000000e+02  5.782664231786e-01
   43150  6.904000000000e+02  5.536714977367e-01
   43200  6.912000000000e+02  5.294735453550e-01
   43250  6.920000000000e+02  5.056865420719e-01
   43300  6.928000000000e+02  4.823241421303e-01
   43350  6.936000000000e+02  4.593996078960e-01
   43400  6.944000000000e+02  4.369257543952e-01
   43450  6.952000000000e+02  4.149149003572e-01
   43500  6.960000000000e+02  3.933788539777e-01
   43550  6.968000000000e+02  3.723289442796e-01
   43600  6.976000000000e+02  3.517760422925e-01
   43650  6.984000000000e+02  3.317305792637e-01
   43700  6.992000000000e+02  3.122026080064e-01
   43750  7.000000000000e+02  2.932018371369e-01
   43800  7.008000000000e+02  2.747376467030e-01
   43850  7.016000000000e+02  2.568190913346e-01
   43900  7.024000000000e+02  2.394549029782e-01
   43950  7.032000000000e+02  2.226534963432e-01
   44000  7.040000000000e+02  2.064229759751e-01
   44050  7.048000000000e+02  1.907711299917e-01
   44100  7.056000000000e+02  1.757054196601e-01
   44150  7.064000000000e+02  1.612330167905e-01
   44200  7.072000000000e+02  1.473607785319e-01
   44250  7.080000000000e+02  1.340952614012e-01
   44300  7.088000000000e+02  1.214427385901e-01
   44350  7.096000000000e+02  1.094091801082e-01
   44400  7.104000000000e+02  9.800024507172e-02
   44450  7.112000000000e+02  8.722127414406e-02
   44500  7.120000000000e+02  7.707726811354e-02
   44550  7.128000000000e+02  6.757285900144e-02
   44600  7.136000000000e+02  5.871228307311e-02
   44650  7.144000000000e+02  5.049936105256e-02
   44700  7.152000000000e+02  4.293746494432e-02
   44750  7.160000000000e+02  3.602951927113e-02
   44800  7.168000000000e+02  2.977799415175e-02
   44850  7.176000000000e+02  2.418489555995e-02
   44900  7.184000000000e+02  1.925176954973e-02
   44950  7.192000000000e+02  1.497970382528e-02
   45000  7.200000000000e+02  1.136934111185e-02
   45050  7.208000000000e+02  8.420868160562e-03
   45100  7.216000000000e+02  6.134006759149e-03
   45150  7.224000000000e+02  4.508007192806e-03
   45200  7.232000000000e+02  3.541633885268e-03
   45250  7.240000000000e+02  3.233154401293e-03
   45300  7.248000000000e+02  3.580325650556e-03
   45350  7.256000000000e+02  4.580389102776e-03
   45400  7.264000000000e+02  6.230070322095e-03
   45450  7.272000000000e+02  8.525585117996e-03
   45500  7.280000000000e+02  1.146265916058e-02
   45550  7.288000000000e+02  1.503654140964e-02
   45600  7.296000000000e+02  1.924202672025e-02
   45650  7.304000000000e+02  2.407348404548e-02
   45700  7.312000000000e+02  2.952486729237e-02
   45750  7.320000000000e+02  3.558973535710e-02
   45800  7.328000000000e+02  4.226125908575e-02
   45850  7.336000000000e+02  4.953222859554e-02
   45900  7.344000000000e+02  5.739506052863e-02
   45950  7.352000000000e+02  6.584178915578e-02
   46000  7.360000000000e+02  7.486407139451e-02
   46050  7.368000000000e+02  8.445319656619e-02
   46100  7.376000000000e+02  9.460008434173e-02
   46150  7.384000000000e+02  1.052952976044e-01
   46200  7.392000000000e+02  1.165290504642e-01
   46250  7.400000000000e+02  1.282911895546e-01
   46300  7.408000000000e+02  1.405712067377e-01
   46350  7.416000000000e+02  1.533582018706e-01
   46400  7.424000000000e+02  1.666408869852e-01
   46450  7.432000000000e+02  1.804075480921e-01
   46500  7.440000000000e+02  1.946460354177e-01
   46550  7.448000000000e+02  2.093437135881e-01
   46600  7.456000000000e+02  2.244875001861e-01
   46650  7.464000000000e+02  2.400638807203e-01
   46700  7.472000000000e+02  2.560589443175e-01
   46750  7.480000000000e+02  2.724584545764e-01
   46800  7.488000000000e+02  2.892479592349e-01
   46850  7.496000000000e+02  3.064129231281e-01
   46900  7.504000000000e+02  3.239388361741e-01
   46950  7.512000000000e+02  3.418113834792e-01
   47000  7.520000000000e+02  3.600165998542e-01
   47050  7.528000000000e+02  3.785409739771e-01
   47100  7.536000000000e+02  3.973715501916e-01
   47150  7.544000000000e+02  4.164959465787e-01
   47200  7.552000000000e+02  4.359023221016e-01
   47250  7.560000000000e+02  4.555793406569e-01
   47300  7.568000000000e+02  4.755160518716e-01
   47350  7.576000000000e+02  4.957017922057e-01
   47400  7.584000000000e+02  5.161260530714e-01
   47450  7.592000000000e+02  5.367783960277e-01
   47500  7.600000000000e+02  5.576483571292e-01
   47550  7.608000000000e+02  5.787253995603e-01
   47600  7.616000000000e+02  5.999989335768e-01
   47650  7.624000000000e+02  6.214582175408e-01
   47700  7.632000000000e+02  6.430923553089e-01
   47750  7.640000000000e+02  6.648902178373e-01
   47800  7.648000000000e+02  6.868403201089e-01
   47850  7.656000000000e+02  7.089306338939e-01
   47900  7.664000000000e+02  7.311484706512e-01
   47950  7.672000000000e+02  7.534802919426e-01
   48000  7.680000000000e+02  7.759116008675e-01
   48050  7.688000000000e+02  7.984268480268e-01
   48100  7.696000000000e+02  8.210095208292e-01
   48150  7.704000000000e+02  8.436422676934e-01
   48200  7.712000000000e+02  8.663071508837e-01
   48250  7.720000000000e+02  8.889859353053e-01
   48300  7.728000000000e+02  9.116604674861e-01
   48350  7.736000000000e+02  9.343131286921e-01
   48400  7.744000000000e+02  9.569271809330e-01
   48450  7.752000000000e+02  9.794870798228e-01
   48500  7.760000000000e+02  1.001978650407e+00
   48550  7.768000000000e+02  1.024389188314e+00
   48600  7.776000000000e+02  1.046707348039e+00
   48650  7.784000000000e+02  1.068923021434e+00
   48700  7.792000000000e+02  1.091027036030e+00
   48750  7.800000000000e+02  1.113010872823e+00
   48800  7.808000000000e+02  1.134866343107e+00
   48850  7.816000000000e+02  1.156585294297e+00
   48900  7.824000000000e+02  1.178159385649e+00
   48950  7.832000000000e+02  1.199579951781e+00
   49000  7.840000000000e+02  1.220837973290e+00
   49050  7.848000000000e+02  1.241924079603e+00
   49100  7.856000000000e+02  1.262828703104e+00
   49150  7.864000000000e+02  1.283542159191e+00
   49200  7.872000000000e+02  1.304054798545e+00
   49250  7.880000000000e+02  1.324357295053e+00
   49300  7.888000000000e+02  1.344440754875e+00
   49350  7.896000000000e+02  1.364296851590e+00
   49400  7.904000000000e+02  1.383917945324e+00
   49450  7.912000000000e+02  1.403297135452e+00
   49500  7.920000000000e+02  1.422428252004e+00
   49550  7.928000000000e+02  1.441305688944e+00
   49600  7.936000000000e+02  1.459924281907e+00
   49650  7.944000000000e+02  1.478279100640e+00
   49700  7.952000000000e+02  1.496365153578e+00
   49750  7.960000000000e+02  1.514177109225e+00
   49800  7.968000000000e+02  1.531709131871e+00
   49850  7.976000000000e+02  1.548954579542e+00
   49900  7.984000000000e+02  1.565905918306e+00
   49950  7.992000000000e+02  1.582554669900e+00
   50000  8.000000000000e+02  1.598891415128e+00
   50050  8.008000000000e+02  1.614905841256e+00
   50100  8.016000000000e+02  1.630586932831e+00
   50150  8.024000000000e+02  1.645923119592e+00
   50200  8.032000000000e+02  1.660902603536e+00
   50250  8.040000000000e+02  1.675513576356e+00
   50300  8.048000000000e+02  1.689744555016e+00
   50350  8.056000000000e+02  1.703584639818e+00
   50400  8.064000000000e+02  1.717023787321e+00
   50450  8.072000000000e+02  1.730053022280e+00
   50500  8.080000000000e+02  1.742664683252e+00
   50550  8.088000000000e+02  1.754852581892e+00
   50600  8.096000000000e+02  1.766611989825e+00
   50650  8.104000000000e+02  1.777939746426e+00
   50700  8.112000000000e+02  1.788834194718e+00
   50750  8.120000000000e+02  1.799295082420e+00
   50800  8.128000000000e+02  1.809323405323e+00
   50850  8.136000000000e+02  1.818921178225e+00
   50900  8.144000000000e+02  1.828091192435e+00
   50950  8.152000000000e+02  1.836836891188e+00
   51000  8.160000000000e+02  1.845162033533e+00
   51050  8.168000000000e+02  1.853070484118e+00
   51100  8.176000000000e+02  1.860566043578e+00
   51150  8.184000000000e+02  1.867652241020e+00
   51200  8.192000000000e+02  1.874332179844e+00
   51250  8.200000000000e+02  1.880608332771e+00
   51300  8.208000000000e+02  1.886482476710e+00
   51350  8.216000000000e+02  1.891955426220e+00
   51400  8.224000000000e+02  1.897026865750e+00
   51450  8.232000000000e+02  1.901695230916e+00
   51500  8.240000000000e+02  1.905957592256e+00
   51550  8.248000000000e+02  1.909809705658e+00
   51600  8.256000000000e+02  1.913246107699e+00
   51650  8.264000000000e+02  1.916260319556e+00
   51700  8.272000000000e+02  1.918845321468e+00
   51750  8.280000000000e+02  1.920994066078e+00
   51800  8.288000000000e+02  1.922700124703e+00
   51850  8.296000000000e+02  1.923958375126e+00
   51900  8.304000000000e+02  1.924765516157e+00
   51950  8.312000000000e+02  1.925120563631e+00
   52000  8.320000000000e+02  1.925025035085e+00
   52050  8.328000000000e+02  1.924482978719e+00
   52100  8.336000000000e+02  1.923500600125e+00
   52150  8.344000000000e+02  1.922085591269e+00
   52200  8.352000000000e+02  1.920246516021e+00
   52250  8.360000000000e+02  1.917991960395e+00
   52300  8.368000000000e+02  1.915329725615e+00
   52350  8.376000000000e+02  1.912266163444e+00
   52400  8.384000000000e+02  1.908805799481e+00
   52450  8.392000000000e+02  1.904951129165e+00
   52500  8.400000000000e+02  1.900702747974e+00
   52550  8.408000000000e+02  1.896059702983e+00
   52600  8.416000000000e+02  1.891020027699e+00
   52650  8.424000000000e+02  1.885581267042e+00
   52700  8.432000000000e+02  1.879741143332e+00
   52750  8.440000000000e+02  1.873498126646e+00
   52800  8.448000000000e+02  1.866851970551e+00
   52850  8.456000000000e+02  1.859804077917e+00
   52900  8.464000000000e+02  1.852357586243e+00
   52950  8.472000000000e+02  1.844517321239e+00
   53000  8.480000000000e+02  1.836289774662e+00
   53050  8.488000000000e+02  1.827682857763e+00
   53100  8.496000000000e+02  1.818705532183e+00
   53150  8.504000000000e+02  1.809367384272e+00
   53200  8.512000000000e+02  1.799678193119e+00
   53250  8.520000000000e+02  1.789647673927e+00
   53300  8.528000000000e+02  1.779285045227e+00
   53350  8.536000000000e+02  1.768598741183e+00
   53400  8.544000000000e+02  1.757596281402e+00
   53450  8.552000000000e+02  1.746284157446e+00
   53500  8.560000000000e+02  1.734667829911e+00
   53550  8.568000000000e+02  1.722751812461e+00
   53600  8.576000000000e+02  1.710539855507e+00
   53650  8.584000000000e+02  1.698035232881e+00
   53700  8.592000000000e+02  1.685241076124e+00
   53750  8.600000000000e+02  1.672160783527e+00
   53800  8.608000000000e+02  1.658798260885e+00
   53850  8.616000000000e+02  1.645158124673e+00
   53900  8.624000000000e+02  1.631245731671e+00
   53950  8.632000000000e+02  1.617067215211e+00
   54000  8.640000000000e+02  1.602629147088e+00
   54050  8.648000000000e+02  1.587938227198e+00
   54100  8.656000000000e+02  1.573000944507e+00
   54150  8.664000000000e+02  1.557823195207e+00
   54200  8.672000000000e+02  1.542410076104e+00
   54250  8.680000000000e+02  1.526765786093e+00
   54300  8.688000000000e+02  1.510893721071e+00
   54350  8.696000000000e+02  1.494796906906e+00
   54400  8.704000000000e+02  1.478478414029e+00
   54450  8.712000000000e+02  1.461941940925e+00
   54500  8.720000000000e+02  1.445192511161e+00
   54550  8.728000000000e+02  1.428237017359e+00
   54600  8.736000000000e+02  1.411084598526e+00
   54650  8.744000000000e+02  1.393746756896e+00
   54700  8.752000000000e+02  1.376237156311e+00
   54750  8.760000000000e+02  1.358571253429e+00
   54800  8.768000000000e+02  1.340765628205e+00
   54850  8.776000000000e+02  1.322837186869e+00
   54900  8.784000000000e+02  1.304802193383e+00
   54950  8.792000000000e+02  1.286675452512e+00
   55000  8.800000000000e+02  1.268469684414e+00
   55050  8.808000000000e+02  1.250195126272e+00
   55100  8.816000000000e+02  1.231859434501e+00
   55150  8.824000000000e+02  1.213467971017e+00
   55200  8.832000000000e+02  1.195024261342e+00
   55250  8.840000000000e+02  1.176530637108e+00
   55300  8.848000000000e+02  1.157989085303e+00
   55350  8.856000000000e+02  1.139402007557e+00
   55400  8.864000000000e+02  1.120772803186e+00
   55450  8.872000000000e+02  1.102106177513e+00
   55500  8.880000000000e+02  1.083408297169e+00
   55550  8.888000000000e+02  1.064686623311e+00
   55600  8.896000000000e+02  1.045949561389e+00
   55650  8.904000000000e+02  1.027205973262e+00
   55700  8.912000000000e+02  1.008464703958e+00
   55750  8.920000000000e+02  9.897341250871e-01
   55800  8.928000000000e+02  9.710218847829e-01
   55850  8.936000000000e+02  9.523347811329e-01
   55900  8.944000000000e+02  9.336787412295e-01
   55950  8.952000000000e+02  9.150589884288e-01
   56000  8.960000000000e+02  8.964803090191e-01
   56050  8.968000000000e+02  8.779473765863e-01
   56100  8.976000000000e+02  8.594649457196e-01
   56150  8.984000000000e+02  8.410380455656e-01
   56200  8.992000000000e+02  8.226721083917e-01
   56250  9.000000000000e+02  8.043730293457e-01
   56300  9.008000000000e+02  7.861471210747e-01
   56350  9.016000000000e+02  7.680010832575e-01
   56400  9.024000000000e+02  7.499419097481e-01
   56450  9.032000000000e+02  7.319768393578e-01
   56500  9.040000000000e+02  7.141132992572e-01
   56550  9.048000000000e+02  6.963589294838e-01
   56600  9.056000000000e+02  6.787216478180e-01
   56650  9.064000000000e+02  6.612096643809e-01
   56700  9.072000000000e+02  6.438315103592e-01
   56750  9.080000000000e+02  6.265960340132e-01
   56800  9.088000000000e+02  6.095123300578e-01
   56850  9.096000000000e+02  5.925896629622e-01
   56900  9.104000000000e+02  5.758372884851e-01
   56950  9.112000000000e+02  5.592641810882e-01
   57000  9.120000000000e+02  5.428788224674e-01
   57050  9.128000000000e+02  5.266890256552e-01
   57100  9.136000000000e+02  5.107017255132e-01
   57150  9.144000000000e+02  4.949229143616e-01
   57200  9.152000000000e+02  4.793576453862e-01
   57250  9.160000000000e+02  4.640101267072e-01
   57300  9.168000000000e+02  4.488838795139e-01
   57350  9.176000000000e+02  4.339819373616e-01
   57400  9.184000000000e+02  4.193070422156e-01
   57450  9.192000000000e+02  4.048618018964e-01
   57500  9.200000000000e+02  3.906488033806e-01
   57550  9.208000000000e+02  3.766706414703e-01
   57600  9.216000000000e+02  3.629298664993e-01
   57650  9.224000000000e+02  3.494288850536e-01
   57700  9.232000000000e+02  3.361698509818e-01
   57750  9.240000000000e+02  3.231545555142e-01
   57800  9.248000000000e+02  3.103843249348e-01
   57850  9.256000000000e+02  2.978600696434e-01
   57900  9.264000000000e+02  2.855823149536e-01
   57950  9.272000000000e+02  2.735513195432e-01
   58000  9.280000000000e+02  2.617672798223e-01
   58050  9.288000000000e+02  2.502305495214e-01
   58100  9.296000000000e+02  2.389418360580e-01
   58150  9.304000000000e+02  2.279023466476e-01
   58200  9.312000000000e+02  2.171138696307e-01
   58250  9.320000000000e+02  2.065787537149e-01
   58300  9.328000000000e+02  1.962998299823e-01
   58350  9.336000000000e+02  1.862802526956e-01
   58400  9.344000000000e+02  1.765232986328e-01
   58450  9.352000000000e+02  1.670321490254e-01
   58500  9.360000000000e+02  1.578097149556e-01
   58550  9.368000000000e+02  1.488584846269e-01
   58600  9.376000000000e+02  1.401804271198e-01
   58650  9.384000000000e+02  1.317769458072e-01
   58700  9.392000000000e+02  1.236489017230e-01
   58750  9.400000000000e+02  1.157966712848e-01
   58800  9.408000000000e+02  1.082202567569e-01
   58850  9.416000000000e+02  1.009193676502e-01
   58900  9.424000000000e+02  9.389350945129e-02
   58950  9.432000000000e+02  8.714206217936e-02
   59000  9.440000000000e+02  8.066429264222e-02
   59050  9.448000000000e+02  7.445936998261e-02
   59100  9.456000000000e+02  6.852632264810e-02
   59150  9.464000000000e+02  6.286399203565e-02
   59200  9.472000000000e+02  5.747099997527e-02
   59250  9.480000000000e+02  5.234569864822e-02
   59300  9.488000000000e+02  4.748615185100e-02
   59350  9.496000000000e+02  4.289014009468e-02
   59400  9.504000000000e+02  3.855517264114e-02
   59450  9.512000000000e+02  3.447850745741e-02
   59500  9.520000000000e+02  3.065719075261e-02
   59550  9.528000000000e+02  2.708809617571e-02
   59600  9.536000000000e+02  2.376794064597e-02
   59650  9.544000000000e+02  2.069332164680e-02
   59700  9.552000000000e+02  1.786074403481e-02
   59750  9.560000000000e+02  1.526663028192e-02
   59800  9.568000000000e+02  1.290733646303e-02
   59850  9.576000000000e+02  1.077917475615e-02
   59900  9.584000000000e+02  8.878421554868e-03
   59950  9.592000000000e+02  7.201326250568e-03
   60000  9.600000000000e+02  5.744121218749e-03
   60050  9.608000000000e+02  4.503031741158e-03
   60100  9.616000000000e+02  3.474279446417e-03
   60150  9.624000000000e+02  2.654083461529e-03
   60200  9.632000000000e+02  2.038653187473e-03
   60250  9.640000000000e+02  1.624172741399e-03
   60300  9.648000000000e+02  1.406781027597e-03
   60350  9.656000000000e+02  1.382549907246e-03
   60400  9.664000000000e+02  1.547461097105e-03
   60450  9.672000000000e+02  1.897388111248e-03
   60500  9.680000000000e+02  2.428088424619e-03
   60550  9.688000000000e+02  3.135209484120e-03
   60600  9.696000000000e+02  4.014303376235e-03
   60650  9.704000000000e+02  5.060853727384e-03
   60700  9.712000000000e+02  6.270305177528e-03
   60750  9.720000000000e+02  7.638095520031e-03
   60800  9.728000000000e+02  9.159673429998e-03
   60850  9.736000000000e+02  1.083050534261e-02
   60900  9.744000000000e+02  1.264606430612e-02
   60950  9.752000000000e+02  1.460180128004e-02
   61000  9.760000000000e+02  1.669311500769e-02
   61050  9.768000000000e+02  1.891532207742e-02
   61100  9.776000000000e+02  2.126362034032e-02
   61150  9.784000000000e+02  2.373308209411e-02
   61200  9.792000000000e+02  2.631866583719e-02
   61250  9.800000000000e+02  2.901525236400e-02
   61300  9.808000000000e+02  3.181769347743e-02
   61350  9.816000000000e+02  3.472087233057e-02
   61400  9.824000000000e+02  3.771975999537e-02
   61450  9.832000000000e+02  4.080947503233e-02
   61500  9.840000000000e+02  4.398530954384e-02
   61550  9.848000000000e+02  4.724271610213e-02
   61600  9.856000000000e+02  5.057731214216e-02
   61650  9.864000000000e+02  5.398485538922e-02
   61700  9.872000000000e+02  5.746121519562e-02
   61750  9.880000000000e+02  6.100234192619e-02
   61800  9.888000000000e+02  6.460422997292e-02
   61850  9.896000000000e+02  6.826290143474e-02
   61900  9.904000000000e+02  7.197440668365e-02
   61950  9.912000000000e+02  7.573479717020e-02
   62000  9.920000000000e+02  7.954012336246e-02
   62050  9.928000000000e+02  8.338641562543e-02
   62100  9.936000000000e+02  8.726966932427e-02
   62150  9.944000000000e+02  9.118583796261e-02
   62200  9.952000000000e+02  9.513080982316e-02
   62250  9.960000000000e+02  9.910039223243e-02
   62300  9.968000000000e+02  1.030903206367e-01
   62350  9.976000000000e+02  1.070962973123e-01
   62400  9.984000000000e+02  1.111140253986e-01
   62450  9.992000000000e+02  1.151392446037e-01
   62500  1.000000000000e+03  1.191677924554e-01
   62550  1.000800000000e+03  1.231956456574e-01
   62600  1.001600000000e+03  1.272189472487e-01
   62650  1.002400000000e+03  1.312339985817e-01
   62700  1.003200000000e+03  1.352372395851e-01
   62750  1.004000000000e+03  1.392252038146e-01
   62800  1.004800000000e+03  1.431944391353e-01
   62850  1.005600000000e+03  1.471414680510e-01
   62900  1.006400000000e+03  1.510627302839e-01
   62950  1.007200000000e+03  1.549545368972e-01
   63000  1.008000000000e+03  1.588130841951e-01
   63050  1.008800000000e+03  1.626344763384e-01
   63100  1.009600000000e+03  1.664148119542e-01
   63150  1.010400000000e+03  1.701502525108e-01
   63200  1.011200000000e+03  1.738371076999e-01
   63250  1.012000000000e+03  1.774719336670e-01
   63300  1.012800000000e+03  1.810515854668e-01
   63350  1.013600000000e+03  1.845732577053e-01
   63400  1.014400000000e+03  1.880344957836e-01
   63450  1.015200000000e+03  1.914332227544e-01
   63500  1.016000000000e+03  1.947676694005e-01
   63550  1.016800000000e+03  1.980363245753e-01
   63600  1.017600000000e+03  2.012378994213e-01
   63650  1.018400000000e+03  2.043712175960e-01
   63700  1.019200000000e+03  2.074351806251e-01
   63750  1.020000000000e+03  2.104286901601e-01
   63800  1.020800000000e+03  2.133505853090e-01
   63850  1.021600000000e+03  2.161996480232e-01
   63900  1.022400000000e+03  2.189745855485e-01
   63950  1.023200000000e+03  2.216740550549e-01
   64000  1.024000000000e+03  2.242966605657e-01
   64050  1.024800000000e+03  2.268410551288e-01
   64100  1.025600000000e+03  2.293059675926e-01
   64150  1.026400000000e+03  2.316902447552e-01
   64200  1.027200000000e+03  2.339929110323e-01
   64250  1.028000000000e+03  2.362131962500e-01
   64300  1.028800000000e+03  2.383505215939e-01
   64350  1.029600000000e+03  2.404044723661e-01
   64400  1.030400000000e+03  2.423747752865e-01
   64450  1.031200000000e+03  2.442612874090e-01
   64500  1.032000000000e+03  2.460639433158e-01
   64550  1.032800000000e+03  2.477827439750e-01
   64600  1.033600000000e+03  2.494177423689e-01
   64650  1.034400000000e+03  2.509690900995e-01
   64700  1.035200000000e+03  2.524369730420e-01
   64750  1.036000000000e+03  2.538216122061e-01
   64800  1.036800000000e+03  2.551232512756e-01
   64850  1.037600000000e+03  2.563421468206e-01
   64900  1.038400000000e+03  2.574785109500e-01
   64950  1.039200000000e+03  2.585324796016e-01
   65000  1.040000000000e+03  2.595041064408e-01
   65050  1.040800000000e+03  2.603933539129e-01
   65100  1.041600000000e+03  2.612000903710e-01
   65150  1.042400000000e+03  2.619240657987e-01
   65200  1.043200000000e+03  2.625649549171e-01
   65250  1.044000000000e+03  2.631223883612e-01
   65300  1.044800000000e+03  2.635959382647e-01
   65350  1.045600000000e+03  2.639851595527e-01
   65400  1.046400000000e+03  2.642895932994e-01
   65450  1.047200000000e+03  2.645087771499e-01
   65500  1.048000000000e+03  2.646422818889e-01
   65550  1.048800000000e+03  2.646897378651e-01
   65600  1.049600000000e+03  2.646509015611e-01
   65650  1.050400000000e+03  2.645256767724e-01
   65700  1.051200000000e+03  2.643141550944e-01
   65750  1.052000000000e+03  2.640166314650e-01
   65800  1.052800000000e+03  2.636336010311e-01
   65850  1.053600000000e+03  2.631656947058e-01
   65900  1.054400000000e+03  2.626136367234e-01
   65950  1.055200000000e+03  2.619781852710e-01
   66000  1.056000000000e+03  2.612600499976e-01
   66050  1.056800000000e+03  2.604598434116e-01
   66100  1.057600000000e+03  2.595780986507e-01
   66150  1.058400000000e+03  2.586152992691e-01
   66200  1.059200000000e+03  2.575719823761e-01
   66250  1.060000000000e+03  2.564488127968e-01
   66300  1.060800000000e+03  2.552466895840e-01
   66350  1.061600000000e+03  2.539668255906e-01
   66400  1.062400000000e+03  2.526108034133e-01
   66450  1.063200000000e+03  2.511806145900e-01
   66500  1.064000000000e+03  2.496786252567e-01
   66550  1.064800000000e+03  2.481075358007e-01
   66600  1.065600000000e+03  2.464703403113e-01
   66650  1.066400000000e+03  2.447702919930e-01
   66700  1.067200000000e+03  2.430108402181e-01
   66750  1.068000000000e+03  2.411955482402e-01
   66800  1.068800000000e+03  2.393280782239e-01
   66850  1.069600000000e+03  2.374120575497e-01
   66900  1.070400000000e+03  2.354509663278e-01
   66950  1.071200000000e+03  2.334480546439e-01
   67000  1.072000000000e+03  2.314063009197e-01
   67050  1.072800000000e+03  2.293283483393e-01
   67100  1.073600000000e+03  2.272165253879e-01
   67150  1.074400000000e+03  2.250729185106e-01
   67200  1.075200000000e+03  2.228994137514e-01
   67250  1.076000000000e+03  2.206977550343e-01
   67300  1.076800000000e+03  2.184696209994e-01
   67350  1.077600000000e+03  2.162166339302e-01
   67400  1.078400000000e+03  2.139403281152e-01
   67450  1.079200000000e+03  2.116421164856e-01
   67500  1.080000000000e+03  2.093232011837e-01
   67550  1.080800000000e+03  2.069844828425e-01
   67600  1.081600000000e+03  2.046265014614e-01
   67650  1.082400000000e+03  2.022494492601e-01
   67700  1.083200000000e+03  1.998531835243e-01
   67750  1.084000000000e+03  1.974373173796e-01
   67800  1.084800000000e+03  1.950013590649e-01
   67850  1.085600000000e+03  1.925448658935e-01
   67900  1.086400000000e+03  1.900675263500e-01
   67950  1.087200000000e+03  1.875692302200e-01
   68000  1.088000000000e+03  1.850500982754e-01
   68050  1.088800000000e+03  1.825104756133e-01
   68100  1.089600000000e+03  1.799508903911e-01
   68150  1.090400000000e+03  1.773719925889e-01
   68200  1.091200000000e+03  1.747744841507e-01
   68250  1.092000000000e+03  1.721591450649e-01
   68300  1.092800000000e+03  1.695268395066e-01
   68350  1.093600000000e+03  1.668785493923e-01
   68400  1.094400000000e+03  1.642154300591e-01
   68450  1.095200000000e+03  1.615388551375e-01
   68500  1.096000000000e+03  1.588504814046e-01
   68550  1.096800000000e+03  1.561522567597e-01
   68600  1.097600000000e+03  1.534464074931e-01
   68650  1.098400000000e+03  1.507354171416e-01
   68700  1.099200000000e+03  1.480219302767e-01
   68750  1.100000000000e+03  1.453086682217e-01
   68800  1.100800000000e+03  1.425983284057e-01
   68850  1.101600000000e+03  1.398934891995e-01
   68900  1.102400000000e+03  1.371965488486e-01
   68950  1.103200000000e+03  1.345096513320e-01
   69000  1.104000000000e+03  1.318346701131e-01
   69050  1.104800000000e+03  1.291732155150e-01
   69100  1.105600000000e+03  1.265266733126e-01
   69150  1.106400000000e+03  1.238962788651e-01
   69200  1.107200000000e+03  1.212831836513e-01
   69250  1.108000000000e+03  1.186885551444e-01
   69300  1.108800000000e+03  1.161136409322e-01
   69350  1.109600000000e+03  1.135598268662e-01
   69400  1.110400000000e+03  1.110286384943e-01
   69450  1.111200000000e+03  1.085217047007e-01
   69500  1.112000000000e+03  1.060406870853e-01
   69550  1.112800000000e+03  1.035871681036e-01
   69600  1.113600000000e+03  1.011625660625e-01
   69650  1.114400000000e+03  9.876801714109e-02
   69700  1.115200000000e+03  9.640431621660e-02
   69750  1.116000000000e+03  9.407187470036e-02
   69800  1.116800000000e+03  9.177076297294e-02
   69850  1.117600000000e+03  8.950078829700e-02
   69900  1.118400000000e+03  8.726160650762e-02
   69950  1.119200000000e+03  8.505282408759e-02
   70000  1.120000000000e+03  8.287409480017e-02
   70050  1.120800000000e+03  8.072520972091e-02
   70100  1.121600000000e+03  7.860614794737e-02
   70150  1.122400000000e+03  7.651706125669e-02
   70200  1.123200000000e+03  7.445825151474e-02
   70250  1.124000000000e+03  7.243010403677e-02
   70300  1.124800000000e+03  7.043301727496e-02
   70350  1.125600000000e+03  6.846734503676e-02
   70400  1.126400000000e+03  6.653334087241e-02
   70450  1.127200000000e+03  6.463113130048e-02
   70500  1.128000000000e+03  6.276073219484e-02
   70550  1.128800000000e+03  6.092207113124e-02
   70600  1.129600000000e+03  5.911503288145e-02
   70650  1.130400000000e+03  5.733949940791e-02
   70700  1.131200000000e+03  5.559539042264e-02
   70750  1.132000000000e+03  5.388269225446e-02
   70800  1.132800000000e+03  5.220146211284e-02
   70850  1.133600000000e+03  5.055180544601e-02
   70900  1.134400000000e+03  4.893386873647e-02
   70950  1.135200000000e+03  4.734781851917e-02
   71000  1.136000000000e+03  4.579380970811e-02
   71050  1.136800000000e+03  4.427198718129e-02
   71100  1.137600000000e+03  4.278248644853e-02
   71150  1.138400000000e+03  4.132542761893e-02
   71200  1.139200000000e+03  3.990092837554e-02
   71250  1.140000000000e+03  3.850909901655e-02
   71300  1.140800000000e+03  3.715003513453e-02
   71350  1.141600000000e+03  3.582379130128e-02
   71400  1.142400000000e+03  3.453035491096e-02
   71450  1.143200000000e+03  3.326962488980e-02
   71500  1.144000000000e+03  3.204137068990e-02
   71550  1.144800000000e+03  3.084522897720e-02
   71600  1.145600000000e+03  2.968071740444e-02
   71650  1.146400000000e+03  2.854726180701e-02
   71700  1.147200000000e+03  2.744423482123e-02
   71750  1.148000000000e+03  2.637099869427e-02
   71800  1.148800000000e+03  2.532694986667e-02
   71850  1.149600000000e+03  2.431156380432e-02
   71900  1.150400000000e+03  2.332440838045e-02
   71950  1.151200000000e+03  2.236514667232e-02
   72000  1.152000000000e+03  2.143352606036e-02
   72050  1.152800000000e+03  2.052935433022e-02
   72100  1.153600000000e+03  1.965246414845e-02
   72150  1.154400000000e+03  1.880268487051e-02
   72200  1.155200000000e+03  1.797980535590e-02
   72250  1.156000000000e+03  1.718354644601e-02
   72300  1.156800000000e+03  1.641353772162e-02
   72350  1.157600000000e+03  1.566932596770e-02
   72400  1.158400000000e+03  1.495036932565e-02
   72450  1.159200000000e+03  1.425605694661e-02
   72500  1.160000000000e+03  1.358572826016e-02
   72550  1.160800000000e+03  1.293870960490e-02
   72600  1.161600000000e+03  1.231434234209e-02
   72650  1.162400000000e+03  1.171200699944e-02
   72700  1.163200000000e+03  1.113114159476e-02
   72750  1.164000000000e+03  1.057125697748e-02
   72800  1.164800000000e+03  1.003193112911e-02
   72850  1.165600000000e+03  9.512798781868e-03
   72900  1.166400000000e+03  9.013537674969e-03
   72950  1.167200000000e+03  8.533848189009e-03
   73000  1.168000000000e+03  8.073421841729e-03
   73050  1.168800000000e+03  7.631932402954e-03
   73100  1.169600000000e+03  7.209018291707e-03
   73150  1.170400000000e+03  6.804277770340e-03
   73200  1.171200000000e+03  6.417272846530e-03
   73250  1.172000000000e+03  6.047538743516e-03
   73300  1.172800000000e+03  5.694595632077e-03
   73350  1.173600000000e+03  5.357957701497e-03
   73400  1.174400000000e+03  5.037149300535e-03
   73450  1.175200000000e+03  4.731712066768e-03
   73500  1.176000000000e+03  4.441211272927e-03
   73550  1.176800000000e+03  4.165236326758e-03
   73600  1.177600000000e+03  3.903397015280e-03
   73650  1.178400000000e+03  3.655322341164e-03
   73700  1.179200000000e+03  3.420658491379e-03
   73750  1.180000000000e+03  3.199062881416e-03
   73800  1.180800000000e+03  2.990203629478e-03
   73850  1.181600000000e+03  2.793757935831e-03
   73900  1.182400000000e+03  2.609409944655e-03
   73950  1.183200000000e+03  2.436843379013e-03
   74000  1.184000000000e+03  2.275734537405e-03
   74050  1.184800000000e+03  2.125743950538e-03
   74100  1.185600000000e+03  1.986507856575e-03
   74150  1.186400000000e+03  1.857631185131e-03
   74200  1.187200000000e+03  1.738686364609e-03
   74250  1.188000000000e+03  1.629211273533e-03
   74300  1.188800000000e+03  1.528715507462e-03
   74350  1.189600000000e+03  1.436691987427e-03
   74400  1.190400000000e+03  1.352628440281e-03
   74450  1.191200000000e+03  1.276018315460e-03
   74500  1.192000000000e+03  1.206374993856e-03
   74550  1.192800000000e+03  1.143238943637e-03
   74600  1.193600000000e+03  1.086181545814e-03
   74650  1.194400000000e+03  1.034806458100e-03
   74700  1.195200000000e+03  9.887459747654e-04
   74750  1.196000000000e+03  9.476570003989e-04
   74800  1.196800000000e+03  9.112156298153e-04
   74850  1.197600000000e+03  8.791125178235e-04
   74900  1.198400000000e+03  8.510499483137e-04
   74950  1.199200000000e+03  8.267409212085e-04
   75000  1.200000000000e+03  8.059097358283e-04
   75050  1.200800000000e+03  7.882928519792e-04
   75100  1.201600000000e+03  7.736408719211e-04
   75150  1.202400000000e+03  7.617192246187e-04
   75200  1.203200000000e+03  7.523091015953e-04
   75250  1.204000000000e+03  7.452073341616e-04
   75300  1.204800000000e+03  7.402257588542e-04
   75350  1.205600000000e+03  7.371904965512e-04
   75400  1.206400000000e+03  7.359411583279e-04
   75450  1.207200000000e+03  7.363299296364e-04
   75500  1.208000000000e+03  7.382206043119e-04
   75550  1.208800000000e+03  7.414873385158e-04
   75600  1.209600000000e+03  7.460132735393e-04
   75650  1.210400000000e+03  7.516885527711e-04
   75700  1.211200000000e+03  7.584083386442e-04
   75750  1.212000000000e+03  7.660709809031e-04
   75800  1.212800000000e+03  7.745766386184e-04
   75850  1.213600000000e+03  7.838265974984e-04
   75900  1.214400000000e+03  7.937229119338e-04
   75950  1.215200000000e+03  8.041693641441e-04
   76000  1.216000000000e+03  8.150731581621e-04
   76050  1.216800000000e+03  8.263463272092e-04
   76100  1.217600000000e+03  8.379076318099e-04
   76150  1.218400000000e+03  8.496837385508e-04
   76200  1.219200000000e+03  8.616095295133e-04
   76250  1.220000000000e+03  8.736267143634e-04
   76300  1.220800000000e+03  8.856815016262e-04
   76350  1.221600000000e+03  8.977223323703e-04
   76400  1.222400000000e+03  9.096958846528e-04
   76450  1.223200000000e+03  9.215449246495e-04
   76500  1.224000000000e+03  9.332060079924e-04
   76550  1.224800000000e+03  9.446097988609e-04
   76600  1.225600000000e+03  9.556824507471e-04
   76650  1.226400000000e+03  9.663485283758e-04
   76700  1.227200000000e+03  9.765356856714e-04
   76750  1.228000000000e+03  9.861784710084e-04
   76800  1.228800000000e+03  9.952221943086e-04
   76850  1.229600000000e+03  1.003625854438e-03
   76900  1.230400000000e+03  1.011362636354e-03
   76950  1.231200000000e+03  1.018418483002e-03
   77000  1.232000000000e+03  1.024789261749e-03
   77050  1.232800000000e+03  1.030476333469e-03
   77100  1.233600000000e+03  1.035480733306e-03
   77150  1.234400000000e+03  1.039799115342e-03
   77200  1.235200000000e+03  1.043419557360e-03
   77250  1.236000000000e+03  1.046319340351e-03
   77300  1.236800000000e+03  1.048464701471e-03
   77350  1.237600000000e+03  1.049814343559e-03
   77400  1.238400000000e+03  1.050324973081e-03
   77450  1.239200000000e+03  1.049957489138e-03
   77500  1.240000000000e+03  1.048683738732e-03
   77550  1.240800000000e+03  1.046493062987e-03
   77600  1.241600000000e+03  1.043397036546e-03
   77650  1.242400000000e+03  1.039431565296e-03
   77700  1.243200000000e+03  1.034655369546e-03
   77750  1.244000000000e+03  1.029146146658e-03
   77800  1.244800000000e+03  1.022994215788e-03
   77850  1.245600000000e+03  1.016293859381e-03
   77900  1.246400000000e+03  1.009136125883e-03
   77950  1.247200000000e+03  1.001601563915e-03
   78000  1.248000000000e+03  9.937569924483e-04
   78050  1.248800000000e+03  9.856549262990e-04
   78100  1.249600000000e+03  9.773344374441e-04
   78150  1.250400000000e+03  9.688260715279e-04
   78200  1.251200000000e+03  9.601572070756e-04
   78250  1.252000000000e+03  9.513574853364e-04
   78300  1.252800000000e+03  9.424618203493e-04
   78350  1.253600000000e+03  9.335136817601e-04
   78400  1.254400000000e+03  9.245643950836e-04
   78450  1.255200000000e+03  9.156700929824e-04
   78500  1.256000000000e+03  9.068883939148e-04
   78550  1.256800000000e+03  8.982729829711e-04
   78600  1.257600000000e+03  8.898695767365e-04
   78650  1.258400000000e+03  8.817127264087e-04
   78700  1.259200000000e+03  8.738251222844e-04
   78750  1.260000000000e+03  8.662179542899e-04
   78800  1.260800000000e+03  8.588932183678e-04
   78850  1.261600000000e+03  8.518468969634e-04
   78900  1.262400000000e+03  8.450721231608e-04
   78950  1.263200000000e+03  8.385623901854e-04
   79000  1.264000000000e+03  8.323129707334e-04
   79050  1.264800000000e+03  8.263221497653e-04
   79100  1.265600000000e+03  8.205919954404e-04
   79150  1.266400000000e+03  8.151266062255e-04
   79200  1.267200000000e+03  8.099311648391e-04
   79250  1.268000000000e+03  8.050100471105e-04
   79300  1.268800000000e+03  8.003657014262e-04
   79350  1.269600000000e+03  7.959974841671e-04
   79400  1.270400000000e+03  7.919011129276e-04
   79450  1.271200000000e+03  7.880690823534e-04
   79500  1.272000000000e+03  7.844913030266e-04
   79550  1.272800000000e+03  7.811560068668e-04
   79600  1.273600000000e+03  7.780505515210e-04
   79650  1.274400000000e+03  7.751624202666e-04
   79700  1.275200000000e+03  7.724799073476e-04
   79750  1.276000000000e+03  7.699924098825e-04
   79800  1.276800000000e+03  7.676909462056e-04
   79850  1.277600000000e+03  7.655681314106e-04
   79900  1.278400000000e+03  7.636178373648e-04
   79950  1.279200000000e+03  7.618351549963e-04
   80000  1.280000000000e+03  7.602160541331e-04
   80050  1.280800000000e+03  7.587570354394e-04
   80100  1.281600000000e+03  7.574546149478e-04
   80150  1.282400000000e+03  7.563047113430e-04
   80200  1.283200000000e+03  7.553022604195e-04
   80250  1.284000000000e+03  7.544408246397e-04
   80300  1.284800000000e+03  7.537121926252e-04
   80350  1.285600000000e+03  7.531063439295e-04
   80400  1.286400000000e+03  7.526118362957e-04
   80450  1.287200000000e+03  7.522161130805e-04
   80500  1.288000000000e+03  7.519060979853e-04
   80550  1.288800000000e+03  7.516687857655e-04
   80600  1.289600000000e+03  7.514918922233e-04
   80650  1.290400000000e+03  7.513642982996e-04
   80700  1.291200000000e+03  7.512763250702e-04
   80750  1.292000000000e+03  7.512198404199e-04
   80800  1.292800000000e+03  7.511881699372e-04
   80850  1.293600000000e+03  7.511759570157e-04
   80900  1.294400000000e+03  7.511788716494e-04
   80950  1.295200000000e+03  7.511933352741e-04
   81000  1.296000000000e+03  7.512162541789e-04
   81050  1.296800000000e+03  7.512448820519e-04
   81100  1.297600000000e+03  7.512768372379e-04
   81150  1.298400000000e+03  7.513102185480e-04
   81200  1.299200000000e+03  7.513437900980e-04
   81250  1.300000000000e+03  7.513771309328e-04
   81300  1.300800000000e+03  7.514103803228e-04
   81350  1.301600000000e+03  7.514431951741e-04
   81400  1.302400000000e+03  7.514752170254e-04
   81450  1.303200000000e+03  7.515060862053e-04
   81500  1.304000000000e+03  7.515353986654e-04
   81550  1.304800000000e+03  7.515627101434e-04
   81600  1.305600000000e+03  7.515875277223e-04
   81650  1.306400000000e+03  7.516092829508e-04
   81700  1.307200000000e+03  7.516273491529e-04
   81750  1.308000000000e+03  7.516409519090e-04
   81800  1.308800000000e+03  7.516491434091e-04
   81850  1.309600000000e+03  7.516509385234e-04
   81900  1.310400000000e+03  7.516456220059e-04
   81950  1.311200000000e+03  7.516330104703e-04
   82000  1.312000000000e+03  7.516135994841e-04
   82050  1.312800000000e+03  7.515886425684e-04
   82100  1.313600000000e+03  7.515601056228e-04
   82150  1.314400000000e+03  7.515305938849e-04
   82200  1.315200000000e+03  7.515031640099e-04
   82250  1.316000000000e+03  7.514810759484e-04
   82300  1.316800000000e+03  7.514674467735e-04
   82350  1.317600000000e+03  7.514649274788e-04
   82400  1.318400000000e+03  7.514754370820e-04
   82450  1.319200000000e+03  7.515000107773e-04
   82500  1.320000000000e+03  7.515387451376e-04
   82550  1.320800000000e+03  7.515908247193e-04
   82600  1.321600000000e+03  7.516545917416e-04
   82650  1.322400000000e+03  7.517275718617e-04
   82700  1.323200000000e+03  7.518065558865e-04
   82750  1.324000000000e+03  7.518877466054e-04
   82800  1.324800000000e+03  7.519669535922e-04
   82850  1.325600000000e+03  7.520398857268e-04
   82900  1.326400000000e+03  7.521025139098e-04
   82950  1.327200000000e+03  7.521514516394e-04
   83000  1.328000000000e+03  7.521843601018e-04
   83050  1.328800000000e+03  7.522002839135e-04
   83100  1.329600000000e+03  7.521997911890e-04
   83150  1.330400000000e+03  7.521848696139e-04
   83200  1.331200000000e+03  7.521586418741e-04
   83250  1.332000000000e+03  7.521249890743e-04
   83300  1.332800000000e+03  7.520881134875e-04
   83350  1.333600000000e+03  7.520521185211e-04
   83400  1.334400000000e+03  7.520206644966e-04
   83450  1.335200000000e+03  7.519966872497e-04
   83500  1.336000000000e+03  7.519821837653e-04
   83550  1.336800000000e+03  7.519781091399e-04
   83600  1.337600000000e+03  7.519844146589e-04
   83650  1.338400000000e+03  7.520002077865e-04
   83700  1.339200000000e+03  7.520239915792e-04
   83750  1.340000000000e+03  7.520539074220e-04
   83800  1.340800000000e+03  7.520879479591e-04
   83850  1.341600000000e+03  7.521241249375e-04
   83900  1.342400000000e+03  7.521606019983e-04
   83950  1.343200000000e+03  7.521957738124e-04
   84000  1.344000000000e+03  7.522283266047e-04
   84050  1.344800000000e+03  7.522572982190e-04
   84100  1.345600000000e+03  7.522821488169e-04
   84150  1.346400000000e+03  7.523028144788e-04
   84200  1.347200000000e+03  7.523196991305e-04
   84250  1.348000000000e+03  7.523335694524e-04
   84300  1.348800000000e+03  7.523453924856e-04
   84350  1.349600000000e+03  7.523561408965e-04
   84400  1.350400000000e+03  7.523666325568e-04
   84450  1.351200000000e+03  7.523774439103e-04
   84500  1.352000000000e+03  7.523889014449e-04
   84550  1.352800000000e+03  7.524011588899e-04
   84600  1.353600000000e+03  7.524142818944e-04
   84650  1.354400000000e+03  7.524283206860e-04
   84700  1.355200000000e+03  7.524433371849e-04
   84750  1.356000000000e+03  7.524594153522e-04
   84800  1.356800000000e+03  7.524766448199e-04
   84850  1.357600000000e+03  7.524950843307e-04
   84900  1.358400000000e+03  7.525147388125e-04
   84950  1.359200000000e+03  7.525355445713e-04
   85000  1.360000000000e+03  7.525573657166e-04
   85050  1.360800000000e+03  7.525799893128e-04
   85100  1.361600000000e+03  7.526031161168e-04
   85150  1.362400000000e+03  7.526263770181e-04
   85200  1.363200000000e+03  7.526493579992e-04
   85250  1.364000000000e+03  7.526716548049e-04
   85300  1.364800000000e+03  7.526929175223e-04
   85350  1.365600000000e+03  7.527128610217e-04
   85400  1.366400000000e+03  7.527312630200e-04
   85450  1.367200000000e+03  7.527479357830e-04
   85500  1.368000000000e+03  7.527627056692e-04
   85550  1.368800000000e+03  7.527753874884e-04
   85600  1.369600000000e+03  7.527857988764e-04
   85650  1.370400000000e+03  7.527938303368e-04
   85700  1.371200000000e+03  7.527995269685e-04
   85750  1.372000000000e+03  7.528031577239e-04
   85800  1.372800000000e+03  7.528052664066e-04
   85850  1.373600000000e+03  7.528066773224e-04
   85900  1.374400000000e+03  7.528084552044e-04
   85950  1.375200000000e+03  7.528118129076e-04
   86000  1.376000000000e+03  7.528179871092e-04
   86050  1.376800000000e+03  7.528280991043e-04
   86100  1.377600000000e+03  7.528430139824e-04
   86150  1.378400000000e+03  7.528632040638e-04
   86200  1.379200000000e+03  7.528886535060e-04
   86250  1.380000000000e+03  7.529188406392e-04
   86300  1.380800000000e+03  7.529527792227e-04
   86350  1.381600000000e+03  7.529891290915e-04
   86400  1.382400000000e+03  7.530263580691e-04
   86450  1.383200000000e+03  7.530629177586e-04
   86500  1.384000000000e+03  7.530973777422e-04
   86550  1.384800000000e+03  7.531285249781e-04
   86600  1.385600000000e+03  7.531554001506e-04
   86650  1.386400000000e+03  7.531773068502e-04
   86700  1.387200000000e+03  7.531938353559e-04
   86750  1.388000000000e+03  7.532049138560e-04
   86800  1.388800000000e+03  7.532108733596e-04
   86850  1.389600000000e+03  7.532124818765e-04
   86900  1.390400000000e+03  7.532109092106e-04
   86950  1.391200000000e+03  7.532076180246e-04
   87000  1.392000000000e+03  7.532042008596e-04
   87050  1.392800000000e+03  7.532021912024e-04
   87100  1.393600000000e+03  7.532028973131e-04
   87150  1.394400000000e+03  7.532072901947e-04
   87200  1.395200000000e+03  7.532159516483e-04
   87250  1.396000000000e+03  7.532290916268e-04
   87300  1.396800000000e+03  7.532465936129e-04
   87350  1.397600000000e+03  7.532680684349e-04
   87400  1.398400000000e+03  7.532928950827e-04
   87450  1.399200000000e+03  7.533202768032e-04
   87500  1.400000000000e+03  7.533492864000e-04
   87550  1.400800000000e+03  7.533789245681e-04
   87600  1.401600000000e+03  7.534081582642e-04
   87650  1.402400000000e+03  7.534359532012e-04
   87700  1.403200000000e+03  7.534613257221e-04
   87750  1.404000000000e+03  7.534834019900e-04
   87800  1.404800000000e+03  7.535015000668e-04
   87850  1.405600000000e+03  7.535152162591e-04
   87900  1.406400000000e+03  7.535245039633e-04
   87950  1.407200000000e+03  7.535297140641e-04
