################################################################################
# HEADER
# nspin         1
#%
# nik       217
#  st         1      26
# ust         1      26
# Iter             t            #  iter t Nex(t)  
################################################################################
       0  0.000000000000e+00 -2.560451850542e-15
      50  1.000000000000e+00  1.160876880735e-10
     100  2.000000000000e+00  1.857050416221e-10
     150  3.000000000000e+00  2.164071491451e-10
     200  4.000000000000e+00  1.933327872794e-10
     250  5.000000000000e+00  1.926884554693e-10
     300  6.000000000000e+00  4.117477053756e-10
     350  7.000000000000e+00  9.702729453220e-10
     400  8.000000000000e+00  2.162404956485e-09
     450  9.000000000000e+00  4.375647448540e-09
     500  1.000000000000e+01  8.345751478789e-09
     550  1.100000000000e+01  1.507331905820e-08
     600  1.200000000000e+01  2.594667829897e-08
     650  1.300000000000e+01  4.267775906286e-08
     700  1.400000000000e+01  6.743334745457e-08
     750  1.500000000000e+01  1.029482783535e-07
     800  1.600000000000e+01  1.526991186135e-07
     850  1.700000000000e+01  2.208720873698e-07
     900  1.800000000000e+01  3.125657651523e-07
     950  1.900000000000e+01  4.339032026110e-07
    1000  2.000000000000e+01  5.918260917101e-07
    1050  2.100000000000e+01  7.943969016558e-07
    1100  2.200000000000e+01  1.051213696542e-06
    1150  2.300000000000e+01  1.373094025578e-06
    1200  2.400000000000e+01  1.772255882361e-06
    1250  2.500000000000e+01  2.262774260735e-06
    1300  2.600000000000e+01  2.859943544563e-06
    1350  2.700000000000e+01  3.581062741793e-06
    1400  2.800000000000e+01  4.445695287750e-06
    1450  2.900000000000e+01  5.475566656345e-06
    1500  3.000000000000e+01  6.694744521196e-06
    1550  3.100000000000e+01  8.129339004431e-06
    1600  3.200000000000e+01  9.807983954883e-06
    1650  3.300000000000e+01  1.176187413761e-05
    1700  3.400000000000e+01  1.402426777639e-05
    1750  3.500000000000e+01  1.663183241727e-05
    1800  3.600000000000e+01  1.962404952693e-05
    1850  3.700000000000e+01  2.304270142766e-05
    1900  3.800000000000e+01  2.693246975364e-05
    1950  3.900000000000e+01  3.134161493915e-05
    2000  4.000000000000e+01  3.632155761549e-05
    2050  4.100000000000e+01  4.192705541923e-05
    2100  4.200000000000e+01  4.821572338212e-05
    2150  4.300000000000e+01  5.525073201070e-05
    2200  4.400000000000e+01  6.309748201115e-05
    2250  4.500000000000e+01  7.182446203451e-05
    2300  4.600000000000e+01  8.150397658550e-05
    2350  4.700000000000e+01  9.221175858393e-05
    2400  4.800000000000e+01  1.040281559025e-04
    2450  4.900000000000e+01  1.170374704257e-04
    2500  5.000000000000e+01  1.313264556795e-04
    2550  5.100000000000e+01  1.469853467756e-04
    2600  5.200000000000e+01  1.641092238879e-04
    2650  5.300000000000e+01  1.827950944350e-04
    2700  5.400000000000e+01  2.031467919019e-04
    2750  5.500000000000e+01  2.252688165455e-04
    2800  5.600000000000e+01  2.492688735315e-04
    2850  5.700000000000e+01  2.752601166183e-04
    2900  5.800000000000e+01  3.033549602365e-04
    2950  5.900000000000e+01  3.336738441064e-04
    3000  6.000000000000e+01  3.663385925385e-04
    3050  6.100000000000e+01  4.014737095009e-04
    3100  6.200000000000e+01  4.392074687170e-04
    3150  6.300000000000e+01  4.796701020577e-04
    3200  6.400000000000e+01  5.229934422429e-04
    3250  6.500000000000e+01  5.693135027943e-04
    3300  6.600000000000e+01  6.187701997207e-04
    3350  6.700000000000e+01  6.715032159895e-04
    3400  6.800000000000e+01  7.276521757413e-04
    3450  6.900000000000e+01  7.873584593774e-04
    3500  7.000000000000e+01  8.507665458001e-04
    3550  7.100000000000e+01  9.180253476313e-04
    3600  7.200000000000e+01  9.892787483541e-04
    3650  7.300000000000e+01  1.064674729053e-03
    3700  7.400000000000e+01  1.144355932662e-03
    3750  7.500000000000e+01  1.228467886997e-03
    3800  7.600000000000e+01  1.317161507447e-03
    3850  7.700000000000e+01  1.410584327768e-03
    3900  7.800000000000e+01  1.508877852007e-03
    3950  7.900000000000e+01  1.612181549942e-03
    4000  8.000000000000e+01  1.720631740914e-03
    4050  8.100000000000e+01  1.834372095531e-03
    4100  8.200000000000e+01  1.953543153313e-03
    4150  8.300000000000e+01  2.078273914994e-03
    4200  8.400000000000e+01  2.208695625183e-03
    4250  8.500000000000e+01  2.344930827011e-03
    4300  8.600000000000e+01  2.487110405325e-03
    4350  8.700000000000e+01  2.635359705823e-03
    4400  8.800000000000e+01  2.789789740880e-03
    4450  8.900000000000e+01  2.950510468076e-03
    4500  9.000000000000e+01  3.117616738938e-03
    4550  9.100000000000e+01  3.291211600085e-03
    4600  9.200000000000e+01  3.471389655259e-03
    4650  9.300000000000e+01  3.658230378903e-03
    4700  9.400000000000e+01  3.851805325367e-03
    4750  9.500000000000e+01  4.052180552338e-03
    4800  9.600000000000e+01  4.259426735908e-03
    4850  9.700000000000e+01  4.473598907964e-03
    4900  9.800000000000e+01  4.694742733821e-03
    4950  9.900000000000e+01  4.922887895124e-03
    5000  1.000000000000e+02  5.158057332898e-03
    5050  1.010000000000e+02  5.400281445166e-03
    5100  1.020000000000e+02  5.649569935475e-03
    5150  1.030000000000e+02  5.905912481933e-03
    5200  1.040000000000e+02  6.169280619212e-03
    5250  1.050000000000e+02  6.439648803357e-03
    5300  1.060000000000e+02  6.716983123188e-03
    5350  1.070000000000e+02  7.001243967815e-03
    5400  1.080000000000e+02  7.292362871578e-03
    5450  1.090000000000e+02  7.590257027499e-03
    5500  1.100000000000e+02  7.894832972587e-03
    5550  1.110000000000e+02  8.206000858193e-03
    5600  1.120000000000e+02  8.523648795990e-03
    5650  1.130000000000e+02  8.847653664449e-03
    5700  1.140000000000e+02  9.177866921380e-03
    5750  1.150000000000e+02  9.514122516381e-03
    5800  1.160000000000e+02  9.856258121029e-03
    5850  1.170000000000e+02  1.020409783120e-02
    5900  1.180000000000e+02  1.055744471043e-02
    5950  1.190000000000e+02  1.091607349839e-02
    6000  1.200000000000e+02  1.127975020023e-02
    6050  1.210000000000e+02  1.164824399509e-02
    6100  1.220000000000e+02  1.202130404216e-02
    6150  1.230000000000e+02  1.239866144668e-02
    6200  1.240000000000e+02  1.278001435990e-02
    6250  1.250000000000e+02  1.316506602635e-02
    6300  1.260000000000e+02  1.355351442334e-02
    6350  1.270000000000e+02  1.394502693847e-02
    6400  1.280000000000e+02  1.433926851972e-02
    6450  1.290000000000e+02  1.473586180525e-02
    6500  1.300000000000e+02  1.513444091721e-02
    6550  1.310000000000e+02  1.553462632428e-02
    6600  1.320000000000e+02  1.593602545779e-02
    6650  1.330000000000e+02  1.633823148922e-02
    6700  1.340000000000e+02  1.674081242421e-02
    6750  1.350000000000e+02  1.714334459160e-02
    6800  1.360000000000e+02  1.754537848481e-02
    6850  1.370000000000e+02  1.794646424101e-02
    6900  1.380000000000e+02  1.834613468604e-02
    6950  1.390000000000e+02  1.874391675307e-02
    7000  1.400000000000e+02  1.913932443988e-02
    7050  1.410000000000e+02  1.953185716534e-02
    7100  1.420000000000e+02  1.992101980123e-02
    7150  1.430000000000e+02  2.030629801854e-02
    7200  1.440000000000e+02  2.068715951424e-02
    7250  1.450000000000e+02  2.106308436640e-02
    7300  1.460000000000e+02  2.143352437453e-02
    7350  1.470000000000e+02  2.179793377248e-02
    7400  1.480000000000e+02  2.215576531837e-02
    7450  1.490000000000e+02  2.250645623240e-02
    7500  1.500000000000e+02  2.284945448274e-02
    7550  1.510000000000e+02  2.318419377913e-02
    7600  1.520000000000e+02  2.351011598251e-02
    7650  1.530000000000e+02  2.382667683787e-02
    7700  1.540000000000e+02  2.413331766325e-02
    7750  1.550000000000e+02  2.442950304971e-02
    7800  1.560000000000e+02  2.471467502181e-02
    7850  1.570000000000e+02  2.498829727072e-02
    7900  1.580000000000e+02  2.524985167531e-02
    7950  1.590000000000e+02  2.549879920307e-02
    8000  1.600000000000e+02  2.573460990297e-02
    8050  1.610000000000e+02  2.595675092313e-02
    8100  1.620000000000e+02  2.616472310891e-02
    8150  1.630000000000e+02  2.635804103260e-02
    8200  1.640000000000e+02  2.653620554715e-02
    8250  1.650000000000e+02  2.669873219736e-02
    8300  1.660000000000e+02  2.684514921589e-02
    8350  1.670000000000e+02  2.697500851539e-02
    8400  1.680000000000e+02  2.708786828699e-02
    8450  1.690000000000e+02  2.718331488462e-02
    8500  1.700000000000e+02  2.726094134290e-02
    8550  1.710000000000e+02  2.732034982445e-02
    8600  1.720000000000e+02  2.736118256938e-02
    8650  1.730000000000e+02  2.738309865914e-02
    8700  1.740000000000e+02  2.738578104579e-02
    8750  1.750000000000e+02  2.736895258745e-02
    8800  1.760000000000e+02  2.733233369425e-02
    8850  1.770000000000e+02  2.727567850147e-02
    8900  1.780000000000e+02  2.719877591199e-02
    8950  1.790000000000e+02  2.710145703442e-02
    9000  1.800000000000e+02  2.698357055818e-02
    9050  1.810000000000e+02  2.684497136004e-02
    9100  1.820000000000e+02  2.668554745008e-02
    9150  1.830000000000e+02  2.650523464522e-02
    9200  1.840000000000e+02  2.630401897929e-02
    9250  1.850000000000e+02  2.608190436878e-02
    9300  1.860000000000e+02  2.583893227760e-02
    9350  1.870000000000e+02  2.557516808398e-02
    9400  1.880000000000e+02  2.529073961218e-02
    9450  1.890000000000e+02  2.498580758238e-02
    9500  1.900000000000e+02  2.466057231931e-02
    9550  1.910000000000e+02  2.431527415201e-02
    9600  1.920000000000e+02  2.395018850494e-02
    9650  1.930000000000e+02  2.356563964253e-02
    9700  1.940000000000e+02  2.316202597349e-02
    9750  1.950000000000e+02  2.273975450217e-02
    9800  1.960000000000e+02  2.229927093074e-02
    9850  1.970000000000e+02  2.184106548239e-02
    9900  1.980000000000e+02  2.136569846951e-02
    9950  1.990000000000e+02  2.087378253729e-02
   10000  2.000000000000e+02  2.036595668323e-02
   10050  2.010000000000e+02  1.984289655294e-02
   10100  2.020000000000e+02  1.930531334286e-02
   10150  2.030000000000e+02  1.875401182798e-02
   10200  2.040000000000e+02  1.818982436174e-02
   10250  2.050000000000e+02  1.761362888702e-02
   10300  2.060000000000e+02  1.702634306055e-02
   10350  2.070000000000e+02  1.642893720512e-02
   10400  2.080000000000e+02  1.582243347052e-02
   10450  2.090000000000e+02  1.520791841854e-02
   10500  2.100000000000e+02  1.458651444187e-02
   10550  2.110000000000e+02  1.395938759447e-02
   10600  2.120000000000e+02  1.332775630719e-02
   10650  2.130000000000e+02  1.269287838357e-02
   10700  2.140000000000e+02  1.205607653303e-02
   10750  2.150000000000e+02  1.141871798763e-02
   10800  2.160000000000e+02  1.078221101594e-02
   10850  2.170000000000e+02  1.014800022629e-02
   10900  2.180000000000e+02  9.517587769815e-03
   10950  2.190000000000e+02  8.892526793176e-03
   11000  2.200000000000e+02  8.274394302349e-03
   11050  2.210000000000e+02  7.664827216520e-03
   11100  2.220000000000e+02  7.065495880920e-03
   11150  2.230000000000e+02  6.478110139294e-03
   11200  2.240000000000e+02  5.904426853492e-03
   11250  2.250000000000e+02  5.346236433986e-03
   11300  2.260000000000e+02  4.805362114258e-03
   11350  2.270000000000e+02  4.283663519175e-03
   11400  2.280000000000e+02  3.783041998013e-03
   11450  2.290000000000e+02  3.305426522537e-03
   11500  2.300000000000e+02  2.852783822335e-03
   11550  2.310000000000e+02  2.427105453549e-03
   11600  2.320000000000e+02  2.030411430607e-03
   11650  2.330000000000e+02  1.664749119397e-03
   11700  2.340000000000e+02  1.332189031664e-03
   11750  2.350000000000e+02  1.034823295410e-03
   11800  2.360000000000e+02  7.747678877949e-04
   11850  2.370000000000e+02  5.541535604485e-04
   11900  2.380000000000e+02  3.751227755568e-04
   11950  2.390000000000e+02  2.398390989874e-04
   12000  2.400000000000e+02  1.504727169405e-04
   12050  2.410000000000e+02  1.092048907609e-04
   12100  2.420000000000e+02  1.182228785566e-04
   12150  2.430000000000e+02  1.797180463082e-04
   12200  2.440000000000e+02  2.958823700456e-04
   12250  2.450000000000e+02  4.689077404892e-04
   12300  2.460000000000e+02  7.009821245887e-04
   12350  2.470000000000e+02  9.942874756965e-04
   12400  2.480000000000e+02  1.350997594140e-03
   12450  2.490000000000e+02  1.773274380868e-03
   12500  2.500000000000e+02  2.263264697580e-03
   12550  2.510000000000e+02  2.823098650098e-03
   12600  2.520000000000e+02  3.454887268832e-03
   12650  2.530000000000e+02  4.160718348201e-03
   12700  2.540000000000e+02  4.942646752825e-03
   12750  2.550000000000e+02  5.802701822634e-03
   12800  2.560000000000e+02  6.742877613914e-03
   12850  2.570000000000e+02  7.765141035156e-03
   12900  2.580000000000e+02  8.871418881032e-03
   12950  2.590000000000e+02  1.006358636474e-02
   13000  2.600000000000e+02  1.134348548705e-02
   13050  2.610000000000e+02  1.271290412221e-02
   13100  2.620000000000e+02  1.417358419027e-02
   13150  2.630000000000e+02  1.572721679267e-02
   13200  2.640000000000e+02  1.737543477001e-02
   13250  2.650000000000e+02  1.911981460845e-02
   13300  2.660000000000e+02  2.096184740233e-02
   13350  2.670000000000e+02  2.290297044754e-02
   13400  2.680000000000e+02  2.494456169236e-02
   13450  2.690000000000e+02  2.708793856883e-02
   13500  2.700000000000e+02  2.933433193105e-02
   13550  2.710000000000e+02  3.168489559330e-02
   13600  2.720000000000e+02  3.414069980277e-02
   13650  2.730000000000e+02  3.670273548189e-02
   13700  2.740000000000e+02  3.937193282818e-02
   13750  2.750000000000e+02  4.214912205758e-02
   13800  2.760000000000e+02  4.503503639943e-02
   13850  2.770000000000e+02  4.803031422351e-02
   13900  2.780000000000e+02  5.113549732688e-02
   13950  2.790000000000e+02  5.435106423035e-02
   14000  2.800000000000e+02  5.767737353038e-02
   14050  2.810000000000e+02  6.111465926745e-02
   14100  2.820000000000e+02  6.466306370123e-02
   14150  2.830000000000e+02  6.832264669202e-02
   14200  2.840000000000e+02  7.209334842260e-02
   14250  2.850000000000e+02  7.597498780112e-02
   14300  2.860000000000e+02  7.996727573917e-02
   14350  2.870000000000e+02  8.406980970454e-02
   14400  2.880000000000e+02  8.828208230041e-02
   14450  2.890000000000e+02  9.260349445665e-02
   14500  2.900000000000e+02  9.703329318816e-02
   14550  2.910000000000e+02  1.015706032536e-01
   14600  2.920000000000e+02  1.062144830772e-01
   14650  2.930000000000e+02  1.109638750058e-01
   14700  2.940000000000e+02  1.158175859927e-01
   14750  2.950000000000e+02  1.207743128680e-01
   14800  2.960000000000e+02  1.258325998322e-01
   14850  2.970000000000e+02  1.309909123873e-01
   14900  2.980000000000e+02  1.362476032425e-01
   14950  2.990000000000e+02  1.416009124984e-01
   15000  3.000000000000e+02  1.470489443837e-01
   15050  3.010000000000e+02  1.525896316932e-01
   15100  3.020000000000e+02  1.582208633030e-01
   15150  3.030000000000e+02  1.639403762386e-01
   15200  3.040000000000e+02  1.697457683581e-01
   15250  3.050000000000e+02  1.756345766061e-01
   15300  3.060000000000e+02  1.816041949543e-01
   15350  3.070000000000e+02  1.876518771213e-01
   15400  3.080000000000e+02  1.937747622544e-01
   15450  3.090000000000e+02  1.999699053326e-01
   15500  3.100000000000e+02  2.062342349812e-01
   15550  3.110000000000e+02  2.125645965386e-01
   15600  3.120000000000e+02  2.189577205453e-01
   15650  3.130000000000e+02  2.254102251142e-01
   15700  3.140000000000e+02  2.319186476117e-01
   15750  3.150000000000e+02  2.384794180920e-01
   15800  3.160000000000e+02  2.450888685113e-01
   15850  3.170000000000e+02  2.517432495818e-01
   15900  3.180000000000e+02  2.584386839984e-01
   15950  3.190000000000e+02  2.651712797780e-01
   16000  3.200000000000e+02  2.719370122934e-01
   16050  3.210000000000e+02  2.787317492488e-01
   16100  3.220000000000e+02  2.855512777886e-01
   16150  3.230000000000e+02  2.923913182766e-01
   16200  3.240000000000e+02  2.992475358516e-01
   16250  3.250000000000e+02  3.061155296146e-01
   16300  3.260000000000e+02  3.129908782287e-01
   16350  3.270000000000e+02  3.198690112989e-01
   16400  3.280000000000e+02  3.267453162732e-01
   16450  3.290000000000e+02  3.336151335244e-01
   16500  3.300000000000e+02  3.404738349914e-01
   16550  3.310000000000e+02  3.473166699534e-01
   16600  3.320000000000e+02  3.541388798262e-01
   16650  3.330000000000e+02  3.609356334066e-01
   16700  3.340000000000e+02  3.677020502134e-01
   16750  3.350000000000e+02  3.744332525974e-01
   16800  3.360000000000e+02  3.811242579390e-01
   16850  3.370000000000e+02  3.877701715554e-01
   16900  3.380000000000e+02  3.943659966771e-01
   16950  3.390000000000e+02  4.009067604688e-01
   17000  3.400000000000e+02  4.073875179764e-01
   17050  3.410000000000e+02  4.138032351907e-01
   17100  3.420000000000e+02  4.201489451275e-01
   17150  3.430000000000e+02  4.264196438992e-01
   17200  3.440000000000e+02  4.326104018177e-01
   17250  3.450000000000e+02  4.387162490724e-01
   17300  3.460000000000e+02  4.447322085086e-01
   17350  3.470000000000e+02  4.506534187980e-01
   17400  3.480000000000e+02  4.564749270346e-01
   17450  3.490000000000e+02  4.621918366102e-01
   17500  3.500000000000e+02  4.677993434805e-01
   17550  3.510000000000e+02  4.732926233488e-01
   17600  3.520000000000e+02  4.786669661755e-01
   17650  3.530000000000e+02  4.839176037072e-01
   17700  3.540000000000e+02  4.890398451849e-01
   17750  3.550000000000e+02  4.940290578802e-01
   17800  3.560000000000e+02  4.988807319487e-01
   17850  3.570000000000e+02  5.035903856160e-01
   17900  3.580000000000e+02  5.081535881657e-01
   17950  3.590000000000e+02  5.125659926904e-01
   18000  3.600000000000e+02  5.168233142101e-01
   18050  3.610000000000e+02  5.209214115067e-01
   18100  3.620000000000e+02  5.248562303469e-01
   18150  3.630000000000e+02  5.286237648469e-01
   18200  3.640000000000e+02  5.322201673061e-01
   18250  3.650000000000e+02  5.356416276224e-01
   18300  3.660000000000e+02  5.388845271358e-01
   18350  3.670000000000e+02  5.419453519346e-01
   18400  3.680000000000e+02  5.448206679447e-01
   18450  3.690000000000e+02  5.475072359101e-01
   18500  3.700000000000e+02  5.500018243015e-01
   18550  3.710000000000e+02  5.523014235527e-01
   18600  3.720000000000e+02  5.544031214457e-01
   18650  3.730000000000e+02  5.563041423620e-01
   18700  3.740000000000e+02  5.580018659683e-01
   18750  3.750000000000e+02  5.594937936135e-01
   18800  3.760000000000e+02  5.607775073708e-01
   18850  3.770000000000e+02  5.618507858909e-01
   18900  3.780000000000e+02  5.627116377878e-01
   18950  3.790000000000e+02  5.633581107644e-01
   19000  3.800000000000e+02  5.637885196496e-01
   19050  3.810000000000e+02  5.640012616210e-01
   19100  3.820000000000e+02  5.639949326181e-01
   19150  3.830000000000e+02  5.637682072717e-01
   19200  3.840000000000e+02  5.633200316810e-01
   19250  3.850000000000e+02  5.626494954764e-01
   19300  3.860000000000e+02  5.617558564334e-01
   19350  3.870000000000e+02  5.606385933257e-01
   19400  3.880000000000e+02  5.592972630861e-01
   19450  3.890000000000e+02  5.577316288913e-01
   19500  3.900000000000e+02  5.559416782768e-01
   19550  3.910000000000e+02  5.539276036413e-01
   19600  3.920000000000e+02  5.516897918981e-01
   19650  3.930000000000e+02  5.492287427972e-01
   19700  3.940000000000e+02  5.465452249421e-01
   19750  3.950000000000e+02  5.436401945260e-01
   19800  3.960000000000e+02  5.405147945554e-01
   19850  3.970000000000e+02  5.371703594875e-01
   19900  3.980000000000e+02  5.336084419262e-01
   19950  3.990000000000e+02  5.298307936689e-01
   20000  4.000000000000e+02  5.258393377892e-01
   20050  4.010000000000e+02  5.216362056464e-01
   20100  4.020000000000e+02  5.172237026589e-01
   20150  4.030000000000e+02  5.126043691258e-01
   20200  4.040000000000e+02  5.077809598458e-01
   20250  4.050000000000e+02  5.027563782073e-01
   20300  4.060000000000e+02  4.975337890709e-01
   20350  4.070000000000e+02  4.921165403714e-01
   20400  4.080000000000e+02  4.865081738971e-01
   20450  4.090000000000e+02  4.807124438896e-01
   20500  4.100000000000e+02  4.747333038580e-01
   20550  4.110000000000e+02  4.685748584970e-01
   20600  4.120000000000e+02  4.622415109753e-01
   20650  4.130000000000e+02  4.557377675019e-01
   20700  4.140000000000e+02  4.490683853518e-01
   20750  4.150000000000e+02  4.422382813768e-01
   20800  4.160000000000e+02  4.352525977033e-01
   20850  4.170000000000e+02  4.281166741621e-01
   20900  4.180000000000e+02  4.208360151979e-01
   20950  4.190000000000e+02  4.134163108652e-01
   21000  4.200000000000e+02  4.058634004589e-01
   21050  4.210000000000e+02  3.981833758812e-01
   21100  4.220000000000e+02  3.903824628065e-01
   21150  4.230000000000e+02  3.824670582410e-01
   21200  4.240000000000e+02  3.744436731786e-01
   21250  4.250000000000e+02  3.663190441318e-01
   21300  4.260000000000e+02  3.581000565077e-01
   21350  4.270000000000e+02  3.497937324480e-01
   21400  4.280000000000e+02  3.414072532690e-01
   21450  4.290000000000e+02  3.329480178397e-01
   21500  4.300000000000e+02  3.244234968649e-01
   21550  4.310000000000e+02  3.158413017247e-01
   21600  4.320000000000e+02  3.072092795583e-01
   21650  4.330000000000e+02  2.985353145003e-01
   21700  4.340000000000e+02  2.898274228571e-01
   21750  4.350000000000e+02  2.810937466096e-01
   21800  4.360000000000e+02  2.723425865934e-01
   21850  4.370000000000e+02  2.635822881938e-01
   21900  4.380000000000e+02  2.548213435576e-01
   21950  4.390000000000e+02  2.460683163914e-01
   22000  4.400000000000e+02  2.373318078446e-01
   22050  4.410000000000e+02  2.286205836453e-01
   22100  4.420000000000e+02  2.199434319217e-01
   22150  4.430000000000e+02  2.113095058452e-01
   22200  4.440000000000e+02  2.027273472802e-01
   22250  4.450000000000e+02  1.942057962554e-01
   22300  4.460000000000e+02  1.857538208910e-01
   22350  4.470000000000e+02  1.773804929090e-01
   22400  4.480000000000e+02  1.690950192660e-01
   22450  4.490000000000e+02  1.609061782178e-01
   22500  4.500000000000e+02  1.528231813428e-01
   22550  4.510000000000e+02  1.448551851383e-01
   22600  4.520000000000e+02  1.370110468838e-01
   22650  4.530000000000e+02  1.292998857995e-01
   22700  4.540000000000e+02  1.217306482840e-01
   22750  4.550000000000e+02  1.143120693850e-01
   22800  4.560000000000e+02  1.070530746962e-01
   22850  4.570000000000e+02  9.996248819909e-02
   22900  4.580000000000e+02  9.304903369960e-02
   22950  4.590000000000e+02  8.632150728776e-02
   23000  4.600000000000e+02  7.978849015891e-02
   23050  4.610000000000e+02  7.345832456636e-02
   23100  4.620000000000e+02  6.733944799063e-02
   23150  4.630000000000e+02  6.144008196769e-02
   23200  4.640000000000e+02  5.576835082455e-02
   23250  4.650000000000e+02  5.033230566964e-02
   23300  4.660000000000e+02  4.513969016863e-02
   23350  4.670000000000e+02  4.019808613315e-02
   23400  4.680000000000e+02  3.551508023942e-02
   23450  4.690000000000e+02  3.109804912695e-02
   23500  4.700000000000e+02  2.695410116736e-02
   23550  4.710000000000e+02  2.309013687648e-02
   23600  4.720000000000e+02  1.951279653921e-02
   23650  4.730000000000e+02  1.622853031760e-02
   23700  4.740000000000e+02  1.324363283102e-02
   23750  4.750000000000e+02  1.056411775476e-02
   23800  4.760000000000e+02  8.195741715512e-03
   23850  4.770000000000e+02  6.144026686316e-03
   23900  4.780000000000e+02  4.414170596786e-03
   23950  4.790000000000e+02  3.011127522010e-03
   24000  4.800000000000e+02  1.939606876526e-03
   24050  4.810000000000e+02  1.204001193039e-03
   24100  4.820000000000e+02  8.084030423689e-04
   24150  4.830000000000e+02  7.566155699604e-04
   24200  4.840000000000e+02  1.052133670289e-03
   24250  4.850000000000e+02  1.698140368046e-03
   24300  4.860000000000e+02  2.697495087445e-03
   24350  4.870000000000e+02  4.052763111057e-03
   24400  4.880000000000e+02  5.766171576745e-03
   24450  4.890000000000e+02  7.839611022474e-03
   24500  4.900000000000e+02  1.027466622278e-02
   24550  4.910000000000e+02  1.307256402392e-02
   24600  4.920000000000e+02  1.623418351592e-02
   24650  4.930000000000e+02  1.976010110930e-02
   24700  4.940000000000e+02  2.365049182574e-02
   24750  4.950000000000e+02  2.790516945007e-02
   24800  4.960000000000e+02  3.252367148668e-02
   24850  4.970000000000e+02  3.750513489324e-02
   24900  4.980000000000e+02  4.284836069925e-02
   24950  4.990000000000e+02  4.855181853878e-02
   25000  5.000000000000e+02  5.461358418196e-02
   25050  5.010000000000e+02  6.103133969995e-02
   25100  5.020000000000e+02  6.780246644054e-02
   25150  5.030000000000e+02  7.492394104477e-02
   25200  5.040000000000e+02  8.239243734113e-02
   25250  5.050000000000e+02  9.020432233428e-02
   25300  5.060000000000e+02  9.835543118496e-02
   25350  5.070000000000e+02  1.068413817890e-01
   25400  5.080000000000e+02  1.156575288218e-01
   25450  5.090000000000e+02  1.247988443204e-01
   25500  5.100000000000e+02  1.342599527669e-01
   25550  5.110000000000e+02  1.440353551544e-01
   25600  5.120000000000e+02  1.541190497871e-01
   25650  5.130000000000e+02  1.645048588602e-01
   25700  5.140000000000e+02  1.751863520583e-01
   25750  5.150000000000e+02  1.861566748869e-01
   25800  5.160000000000e+02  1.974088474647e-01
   25850  5.170000000000e+02  2.089357040527e-01
   25900  5.180000000000e+02  2.207297286662e-01
   25950  5.190000000000e+02  2.327834084495e-01
   26000  5.200000000000e+02  2.450888781139e-01
   26050  5.210000000000e+02  2.576379718360e-01
   26100  5.220000000000e+02  2.704224738012e-01
   26150  5.230000000000e+02  2.834339156903e-01
   26200  5.240000000000e+02  2.966633893292e-01
   26250  5.250000000000e+02  3.101019203405e-01
   26300  5.260000000000e+02  3.237402923701e-01
   26350  5.270000000000e+02  3.375689577103e-01
   26400  5.280000000000e+02  3.515783788994e-01
   26450  5.290000000000e+02  3.657587063408e-01
   26500  5.300000000000e+02  3.800997430592e-01
   26550  5.310000000000e+02  3.945913114415e-01
   26600  5.320000000000e+02  4.092230075826e-01
   26650  5.330000000000e+02  4.239841257471e-01
   26700  5.340000000000e+02  4.388638541102e-01
   26750  5.350000000000e+02  4.538510658656e-01
   26800  5.360000000000e+02  4.689345158302e-01
   26850  5.370000000000e+02  4.841031609679e-01
   26900  5.380000000000e+02  4.993457284699e-01
   26950  5.390000000000e+02  5.146508373526e-01
   27000  5.400000000000e+02  5.300074252741e-01
   27050  5.410000000000e+02  5.454043435428e-01
   27100  5.420000000000e+02  5.608304531855e-01
   27150  5.430000000000e+02  5.762749108386e-01
   27200  5.440000000000e+02  5.917266629810e-01
   27250  5.450000000000e+02  6.071748902433e-01
   27300  5.460000000000e+02  6.226090028702e-01
   27350  5.470000000000e+02  6.380182271324e-01
   27400  5.480000000000e+02  6.533920739750e-01
   27450  5.490000000000e+02  6.687202676629e-01
   27500  5.500000000000e+02  6.839924108811e-01
   27550  5.510000000000e+02  6.991981076413e-01
   27600  5.520000000000e+02  7.143273424834e-01
   27650  5.530000000000e+02  7.293696261573e-01
   27700  5.540000000000e+02  7.443145331925e-01
   27750  5.550000000000e+02  7.591516658139e-01
   27800  5.560000000000e+02  7.738703002142e-01
   27850  5.570000000000e+02  7.884598119003e-01
   27900  5.580000000000e+02  8.029095293498e-01
   27950  5.590000000000e+02  8.172087662296e-01
   28000  5.600000000000e+02  8.313470193288e-01
   28050  5.610000000000e+02  8.453139054748e-01
   28100  5.620000000000e+02  8.590988848568e-01
   28150  5.630000000000e+02  8.726917154749e-01
   28200  5.640000000000e+02  8.860824377537e-01
   28250  5.650000000000e+02  8.992608591936e-01
   28300  5.660000000000e+02  9.122173954878e-01
   28350  5.670000000000e+02  9.249427027405e-01
   28400  5.680000000000e+02  9.374273286817e-01
   28450  5.690000000000e+02  9.496624354559e-01
   28500  5.700000000000e+02  9.616394583632e-01
   28550  5.710000000000e+02  9.733498824034e-01
   28600  5.720000000000e+02  9.847858665714e-01
   28650  5.730000000000e+02  9.959398071532e-01
   28700  5.740000000000e+02  1.006804240006e+00
   28750  5.750000000000e+02  1.017372250449e+00
   28800  5.760000000000e+02  1.027637002852e+00
   28850  5.770000000000e+02  1.037591636107e+00
   28900  5.780000000000e+02  1.047230017273e+00
   28950  5.790000000000e+02  1.056545885705e+00
   29000  5.800000000000e+02  1.065533051597e+00
   29050  5.810000000000e+02  1.074186016501e+00
   29100  5.820000000000e+02  1.082499229051e+00
   29150  5.830000000000e+02  1.090467266711e+00
   29200  5.840000000000e+02  1.098085300079e+00
   29250  5.850000000000e+02  1.105348397359e+00
   29300  5.860000000000e+02  1.112251662410e+00
   29350  5.870000000000e+02  1.118790676181e+00
   29400  5.880000000000e+02  1.124960564160e+00
   29450  5.890000000000e+02  1.130756762502e+00
   29500  5.900000000000e+02  1.136175205191e+00
   29550  5.910000000000e+02  1.141211609672e+00
   29600  5.920000000000e+02  1.145861983660e+00
   29650  5.930000000000e+02  1.150122611318e+00
   29700  5.940000000000e+02  1.153989824562e+00
   29750  5.950000000000e+02  1.157460608437e+00
   29800  5.960000000000e+02  1.160532350931e+00
   29850  5.970000000000e+02  1.163202403972e+00
   29900  5.980000000000e+02  1.165468847833e+00
   29950  5.990000000000e+02  1.167330414986e+00
   30000  6.000000000000e+02  1.168785538471e+00
   30050  6.010000000000e+02  1.169833458006e+00
   30100  6.020000000000e+02  1.170473847287e+00
   30150  6.030000000000e+02  1.170706459840e+00
   30200  6.040000000000e+02  1.170531418070e+00
   30250  6.050000000000e+02  1.169949524074e+00
   30300  6.060000000000e+02  1.168961301649e+00
   30350  6.070000000000e+02  1.167567788008e+00
   30400  6.080000000000e+02  1.165770209784e+00
   30450  6.090000000000e+02  1.163569669058e+00
   30500  6.100000000000e+02  1.160967710669e+00
   30550  6.110000000000e+02  1.157965960747e+00
   30600  6.120000000000e+02  1.154566095127e+00
   30650  6.130000000000e+02  1.150770418259e+00
   30700  6.140000000000e+02  1.146581222547e+00
   30750  6.150000000000e+02  1.142000925514e+00
   30800  6.160000000000e+02  1.137032826740e+00
   30850  6.170000000000e+02  1.131680352463e+00
   30900  6.180000000000e+02  1.125947240978e+00
   30950  6.190000000000e+02  1.119837800801e+00
   31000  6.200000000000e+02  1.113356428442e+00
   31050  6.210000000000e+02  1.106508001409e+00
   31100  6.220000000000e+02  1.099297903431e+00
   31150  6.230000000000e+02  1.091731485902e+00
   31200  6.240000000000e+02  1.083814163834e+00
   31250  6.250000000000e+02  1.075551955768e+00
   31300  6.260000000000e+02  1.066950846178e+00
   31350  6.270000000000e+02  1.058016848577e+00
   31400  6.280000000000e+02  1.048756324406e+00
   31450  6.290000000000e+02  1.039175325568e+00
   31500  6.300000000000e+02  1.029279977556e+00
   31550  6.310000000000e+02  1.019076944332e+00
   31600  6.320000000000e+02  1.008572815001e+00
   31650  6.330000000000e+02  9.977743236423e-01
   31700  6.340000000000e+02  9.866884795267e-01
   31750  6.350000000000e+02  9.753221452230e-01
   31800  6.360000000000e+02  9.636827114929e-01
   31850  6.370000000000e+02  9.517779913872e-01
   31900  6.380000000000e+02  9.396158611632e-01
   31950  6.390000000000e+02  9.272046800257e-01
   32000  6.400000000000e+02  9.145530325419e-01
   32050  6.410000000000e+02  9.016697206944e-01
   32100  6.420000000000e+02  8.885640667721e-01
   32150  6.430000000000e+02  8.752455906402e-01
   32200  6.440000000000e+02  8.617238261142e-01
   32250  6.450000000000e+02  8.480087019721e-01
   32300  6.460000000000e+02  8.341102724774e-01
   32350  6.470000000000e+02  8.200386107978e-01
   32400  6.480000000000e+02  8.058041138312e-01
   32450  6.490000000000e+02  7.914171130473e-01
   32500  6.500000000000e+02  7.768878083286e-01
   32550  6.510000000000e+02  7.622268360590e-01
   32600  6.520000000000e+02  7.474445860562e-01
   32650  6.530000000000e+02  7.325515413715e-01
   32700  6.540000000000e+02  7.175585195959e-01
   32750  6.550000000000e+02  7.024760233797e-01
   32800  6.560000000000e+02  6.873145829818e-01
   32850  6.570000000000e+02  6.720851074632e-01
   32900  6.580000000000e+02  6.567982960990e-01
   32950  6.590000000000e+02  6.414646908957e-01
   33000  6.600000000000e+02  6.260952407013e-01
   33050  6.610000000000e+02  6.107007767186e-01
   33100  6.620000000000e+02  5.952920687053e-01
   33150  6.630000000000e+02  5.798802740683e-01
   33200  6.640000000000e+02  5.644763035145e-01
   33250  6.650000000000e+02  5.490909500426e-01
   33300  6.660000000000e+02  5.337353054969e-01
   33350  6.670000000000e+02  5.184202731926e-01
   33400  6.680000000000e+02  5.031568538784e-01
   33450  6.690000000000e+02  4.879559715488e-01
   33500  6.700000000000e+02  4.728283220817e-01
   33550  6.710000000000e+02  4.577846614823e-01
   33600  6.720000000000e+02  4.428358009818e-01
   33650  6.730000000000e+02  4.279922642640e-01
   33700  6.740000000000e+02  4.132645642081e-01
   33750  6.750000000000e+02  3.986631838338e-01
   33800  6.760000000000e+02  3.841982355712e-01
   33850  6.770000000000e+02  3.698798605367e-01
   33900  6.780000000000e+02  3.557182207949e-01
   33950  6.790000000000e+02  3.417230499300e-01
   34000  6.800000000000e+02  3.279041417515e-01
   34050  6.810000000000e+02  3.142709850373e-01
   34100  6.820000000000e+02  3.008328707824e-01
   34150  6.830000000000e+02  2.875990664119e-01
   34200  6.840000000000e+02  2.745786700644e-01
   34250  6.850000000000e+02  2.617804440382e-01
   34300  6.860000000000e+02  2.492131062501e-01
   34350  6.870000000000e+02  2.368851538359e-01
   34400  6.880000000000e+02  2.248046832122e-01
   34450  6.890000000000e+02  2.129797749165e-01
   34500  6.900000000000e+02  2.014181648302e-01
   34550  6.910000000000e+02  1.901273250920e-01
   34600  6.920000000000e+02  1.791145779565e-01
   34650  6.930000000000e+02  1.683868836483e-01
   34700  6.940000000000e+02  1.579509121394e-01
   34750  6.950000000000e+02  1.478130924368e-01
   34800  6.960000000000e+02  1.379794767765e-01
   34850  6.970000000000e+02  1.284557428523e-01
   34900  6.980000000000e+02  1.192475018701e-01
   34950  6.990000000000e+02  1.103598616875e-01
   35000  7.000000000000e+02  1.017976145510e-01
   35050  7.010000000000e+02  9.356528854942e-02
   35100  7.020000000000e+02  8.566705238406e-02
   35150  7.030000000000e+02  7.810676213155e-02
   35200  7.040000000000e+02  7.088799388694e-02
   35250  7.050000000000e+02  6.401393533264e-02
   35300  7.060000000000e+02  5.748744190116e-02
   35350  7.070000000000e+02  5.131111514902e-02
   35400  7.080000000000e+02  4.548714353916e-02
   35450  7.090000000000e+02  4.001741731141e-02
   35500  7.100000000000e+02  3.490353464504e-02
   35550  7.110000000000e+02  3.014663891952e-02
   35600  7.120000000000e+02  2.574758209727e-02
   35650  7.130000000000e+02  2.170692778677e-02
   35700  7.140000000000e+02  1.802484499665e-02
   35750  7.150000000000e+02  1.470117743564e-02
   35800  7.160000000000e+02  1.173542973085e-02
   35850  7.170000000000e+02  9.126719502378e-03
   35900  7.180000000000e+02  6.873868656786e-03
   35950  7.190000000000e+02  4.975358398341e-03
   36000  7.200000000000e+02  3.429314409750e-03
   36050  7.210000000000e+02  2.233558154101e-03
   36100  7.220000000000e+02  1.385570542315e-03
   36150  7.230000000000e+02  8.825166304262e-04
   36200  7.240000000000e+02  7.212609860823e-04
   36250  7.250000000000e+02  8.983558019695e-04
   36300  7.260000000000e+02  1.410060993767e-03
   36350  7.270000000000e+02  2.252344250152e-03
   36400  7.280000000000e+02  3.420890254511e-03
   36450  7.290000000000e+02  4.911118882134e-03
   36500  7.300000000000e+02  6.718161890105e-03
   36550  7.310000000000e+02  8.836895291075e-03
   36600  7.320000000000e+02  1.126198236143e-02
   36650  7.330000000000e+02  1.398779841453e-02
   36700  7.340000000000e+02  1.700849248838e-02
   36750  7.350000000000e+02  2.031799800576e-02
   36800  7.360000000000e+02  2.390996570633e-02
   36850  7.370000000000e+02  2.777791430380e-02
   36900  7.380000000000e+02  3.191514875145e-02
   36950  7.390000000000e+02  3.631464221277e-02
   37000  7.400000000000e+02  4.096922932322e-02
   37050  7.410000000000e+02  4.587154914784e-02
   37100  7.420000000000e+02  5.101397949780e-02
   37150  7.430000000000e+02  5.638880597544e-02
   37200  7.440000000000e+02  6.198814203507e-02
   37250  7.450000000000e+02  6.780384913396e-02
   37300  7.460000000000e+02  7.382771854296e-02
   37350  7.470000000000e+02  8.005141369279e-02
   37400  7.480000000000e+02  8.646640900481e-02
   37450  7.490000000000e+02  9.306419575371e-02
   37500  7.500000000000e+02  9.983612635058e-02
   37550  7.510000000000e+02  1.067734295324e-01
   37600  7.520000000000e+02  1.138674720369e-01
   37650  7.530000000000e+02  1.211095145855e-01
   37700  7.540000000000e+02  1.284907142567e-01
   37750  7.550000000000e+02  1.360024374051e-01
   37800  7.560000000000e+02  1.436359877280e-01
   37850  7.570000000000e+02  1.513826470208e-01
   37900  7.580000000000e+02  1.592338471255e-01
   37950  7.590000000000e+02  1.671809717377e-01
   38000  7.600000000000e+02  1.752154449651e-01
   38050  7.610000000000e+02  1.833288000784e-01
   38100  7.620000000000e+02  1.915125418145e-01
   38150  7.630000000000e+02  1.997581902162e-01
   38200  7.640000000000e+02  2.080573849103e-01
   38250  7.650000000000e+02  2.164015337555e-01
   38300  7.660000000000e+02  2.247820971299e-01
   38350  7.670000000000e+02  2.331907541057e-01
   38400  7.680000000000e+02  2.416189635879e-01
   38450  7.690000000000e+02  2.500582147085e-01
   38500  7.700000000000e+02  2.585000913186e-01
   38550  7.710000000000e+02  2.669359934049e-01
   38600  7.720000000000e+02  2.753573860286e-01
   38650  7.730000000000e+02  2.837559955906e-01
   38700  7.740000000000e+02  2.921234260921e-01
   38750  7.750000000000e+02  3.004515061981e-01
   38800  7.760000000000e+02  3.087322517841e-01
   38850  7.770000000000e+02  3.169576276727e-01
   38900  7.780000000000e+02  3.251199176499e-01
   38950  7.790000000000e+02  3.332116957268e-01
   39000  7.800000000000e+02  3.412254105239e-01
   39050  7.810000000000e+02  3.491540660906e-01
   39100  7.820000000000e+02  3.569908254563e-01
   39150  7.830000000000e+02  3.647288098625e-01
   39200  7.840000000000e+02  3.723615229942e-01
   39250  7.850000000000e+02  3.798827716350e-01
   39300  7.860000000000e+02  3.872862955395e-01
   39350  7.870000000000e+02  3.945662899477e-01
   39400  7.880000000000e+02  4.017171488626e-01
   39450  7.890000000000e+02  4.087331057108e-01
   39500  7.900000000000e+02  4.156088263359e-01
   39550  7.910000000000e+02  4.223390849517e-01
   39600  7.920000000000e+02  4.289187640779e-01
   39650  7.930000000000e+02  4.353432582906e-01
   39700  7.940000000000e+02  4.416079368875e-01
   39750  7.950000000000e+02  4.477081530488e-01
   39800  7.960000000000e+02  4.536397281822e-01
   39850  7.970000000000e+02  4.593985838222e-01
   39900  7.980000000000e+02  4.649806130259e-01
   39950  7.990000000000e+02  4.703823587590e-01
   40000  8.000000000000e+02  4.756003405005e-01
   40050  8.010000000000e+02  4.806310340525e-01
   40100  8.020000000000e+02  4.854713415462e-01
   40150  8.030000000000e+02  4.901182485000e-01
   40200  8.040000000000e+02  4.945689026228e-01
   40250  8.050000000000e+02  4.988208067104e-01
   40300  8.060000000000e+02  5.028714324203e-01
   40350  8.070000000000e+02  5.067184612275e-01
   40400  8.080000000000e+02  5.103600547499e-01
   40450  8.090000000000e+02  5.137942303831e-01
   40500  8.100000000000e+02  5.170191580237e-01
   40550  8.110000000000e+02  5.200334478660e-01
   40600  8.120000000000e+02  5.228356731998e-01
   40650  8.130000000000e+02  5.254245143572e-01
   40700  8.140000000000e+02  5.277990636891e-01
   40750  8.150000000000e+02  5.299583133602e-01
   40800  8.160000000000e+02  5.319014184045e-01
   40850  8.170000000000e+02  5.336278622000e-01
   40900  8.180000000000e+02  5.351370074685e-01
   40950  8.190000000000e+02  5.364286002322e-01
   41000  8.200000000000e+02  5.375027255882e-01
   41050  8.210000000000e+02  5.383592980153e-01
   41100  8.220000000000e+02  5.389985971572e-01
   41150  8.230000000000e+02  5.394212660911e-01
   41200  8.240000000000e+02  5.396280009426e-01
   41250  8.250000000000e+02  5.396199614555e-01
   41300  8.260000000000e+02  5.393986551337e-01
   41350  8.270000000000e+02  5.389655307001e-01
   41400  8.280000000000e+02  5.383225796525e-01
   41450  8.290000000000e+02  5.374721556497e-01
   41500  8.300000000000e+02  5.364166368741e-01
   41550  8.310000000000e+02  5.351588668861e-01
   41600  8.320000000000e+02  5.337017025532e-01
   41650  8.330000000000e+02  5.320480916118e-01
   41700  8.340000000000e+02  5.302012813231e-01
   41750  8.350000000000e+02  5.281644617102e-01
   41800  8.360000000000e+02  5.259406772925e-01
   41850  8.370000000000e+02  5.235332825273e-01
   41900  8.380000000000e+02  5.209453702677e-01
   41950  8.390000000000e+02  5.181796962687e-01
   42000  8.400000000000e+02  5.152393628326e-01
   42050  8.410000000000e+02  5.121273000043e-01
   42100  8.420000000000e+02  5.088462694659e-01
   42150  8.430000000000e+02  5.053991736707e-01
   42200  8.440000000000e+02  5.017886852894e-01
   42250  8.450000000000e+02  4.980176704235e-01
   42300  8.460000000000e+02  4.940893426609e-01
   42350  8.470000000000e+02  4.900067914078e-01
   42400  8.480000000000e+02  4.857734301029e-01
   42450  8.490000000000e+02  4.813930815236e-01
   42500  8.500000000000e+02  4.768694980337e-01
   42550  8.510000000000e+02  4.722067719465e-01
   42600  8.520000000000e+02  4.674094864676e-01
   42650  8.530000000000e+02  4.624822770038e-01
   42700  8.540000000000e+02  4.574299721892e-01
   42750  8.550000000000e+02  4.522576847878e-01
   42800  8.560000000000e+02  4.469705859684e-01
   42850  8.570000000000e+02  4.415739900992e-01
   42900  8.580000000000e+02  4.360732496677e-01
   42950  8.590000000000e+02  4.304734855163e-01
   43000  8.600000000000e+02  4.247800115997e-01
   43050  8.610000000000e+02  4.189980523145e-01
   43100  8.620000000000e+02  4.131325474276e-01
   43150  8.630000000000e+02  4.071885281923e-01
   43200  8.640000000000e+02  4.011708496145e-01
   43250  8.650000000000e+02  3.950841022284e-01
   43300  8.660000000000e+02  3.889330367656e-01
   43350  8.670000000000e+02  3.827223711190e-01
   43400  8.680000000000e+02  3.764565729498e-01
   43450  8.690000000000e+02  3.701401693198e-01
   43500  8.700000000000e+02  3.637777209749e-01
   43550  8.710000000000e+02  3.573737083062e-01
   43600  8.720000000000e+02  3.509327810648e-01
   43650  8.730000000000e+02  3.444594702148e-01
   43700  8.740000000000e+02  3.379583029187e-01
   43750  8.750000000000e+02  3.314339420464e-01
   43800  8.760000000000e+02  3.248909856278e-01
   43850  8.770000000000e+02  3.183338723849e-01
   43900  8.780000000000e+02  3.117672288047e-01
   43950  8.790000000000e+02  3.051955314334e-01
   44000  8.800000000000e+02  2.986231355141e-01
   44050  8.810000000000e+02  2.920544323283e-01
   44100  8.820000000000e+02  2.854936835651e-01
   44150  8.830000000000e+02  2.789450619184e-01
   44200  8.840000000000e+02  2.724127559692e-01
   44250  8.850000000000e+02  2.659007674357e-01
   44300  8.860000000000e+02  2.594130941190e-01
   44350  8.870000000000e+02  2.529538018999e-01
   44400  8.880000000000e+02  2.465267066946e-01
   44450  8.890000000000e+02  2.401356275035e-01
   44500  8.900000000000e+02  2.337844318861e-01
   44550  8.910000000000e+02  2.274767070082e-01
   44600  8.920000000000e+02  2.212160914115e-01
   44650  8.930000000000e+02  2.150061781799e-01
   44700  8.940000000000e+02  2.088503564447e-01
   44750  8.950000000000e+02  2.027519230432e-01
   44800  8.960000000000e+02  1.967141756742e-01
   44850  8.970000000000e+02  1.907402507902e-01
   44900  8.980000000000e+02  1.848332315022e-01
   44950  8.990000000000e+02  1.789960915796e-01
   45000  9.000000000000e+02  1.732315923416e-01
   45050  9.010000000000e+02  1.675424544012e-01
   45100  9.020000000000e+02  1.619312959922e-01
   45150  9.030000000000e+02  1.564004402558e-01
   45200  9.040000000000e+02  1.509523191034e-01
   45250  9.050000000000e+02  1.455891778373e-01
   45300  9.060000000000e+02  1.403130211734e-01
   45350  9.070000000000e+02  1.351258437734e-01
   45400  9.080000000000e+02  1.300295625970e-01
   45450  9.090000000000e+02  1.250259305240e-01
   45500  9.100000000000e+02  1.201166095353e-01
   45550  9.110000000000e+02  1.153031626662e-01
   45600  9.120000000000e+02  1.105870163546e-01
   45650  9.130000000000e+02  1.059695530685e-01
   45700  9.140000000000e+02  1.014519634306e-01
   45750  9.150000000000e+02  9.703531204384e-02
   45800  9.160000000000e+02  9.272067116310e-02
   45850  9.170000000000e+02  8.850888213574e-02
   45900  9.180000000000e+02  8.440068779923e-02
   45950  9.190000000000e+02  8.039680289684e-02
   46000  9.200000000000e+02  7.649772213271e-02
   46050  9.210000000000e+02  7.270386895265e-02
   46100  9.220000000000e+02  6.901559926776e-02
   46150  9.230000000000e+02  6.543307258085e-02
   46200  9.240000000000e+02  6.195637249331e-02
   46250  9.250000000000e+02  5.858546644098e-02
   46300  9.260000000000e+02  5.532016452090e-02
   46350  9.270000000000e+02  5.216025382716e-02
   46400  9.280000000000e+02  4.910542085329e-02
   46450  9.290000000000e+02  4.615515379250e-02
   46500  9.300000000000e+02  4.330892031766e-02
   46550  9.310000000000e+02  4.056611533705e-02
   46600  9.320000000000e+02  3.792597146457e-02
   46650  9.330000000000e+02  3.538770882237e-02
   46700  9.340000000000e+02  3.295050294749e-02
   46750  9.350000000000e+02  3.061338926820e-02
   46800  9.360000000000e+02  2.837539225147e-02
   46850  9.370000000000e+02  2.623545358198e-02
   46900  9.380000000000e+02  2.419243166092e-02
   46950  9.390000000000e+02  2.224517536702e-02
   47000  9.400000000000e+02  2.039243871213e-02
   47050  9.410000000000e+02  1.863289977745e-02
   47100  9.420000000000e+02  1.696524336167e-02
   47150  9.430000000000e+02  1.538805301424e-02
   47200  9.440000000000e+02  1.389984688925e-02
   47250  9.450000000000e+02  1.249914251152e-02
   47300  9.460000000000e+02  1.118435196910e-02
   47350  9.470000000000e+02  9.953811291090e-03
   47400  9.480000000000e+02  8.805845265566e-03
   47450  9.490000000000e+02  7.738719731926e-03
   47500  9.500000000000e+02  6.750656544194e-03
   47550  9.510000000000e+02  5.839838717071e-03
   47600  9.520000000000e+02  5.004387806746e-03
   47650  9.530000000000e+02  4.242397485425e-03
   47700  9.540000000000e+02  3.551947024853e-03
   47750  9.550000000000e+02  2.931055011640e-03
   47800  9.560000000000e+02  2.377728111188e-03
   47850  9.570000000000e+02  1.889966680973e-03
   47900  9.580000000000e+02  1.465720847044e-03
   47950  9.590000000000e+02  1.102933592761e-03
   48000  9.600000000000e+02  7.995456950650e-04
   48050  9.610000000000e+02  5.534705210295e-04
   48100  9.620000000000e+02  3.626187250022e-04
   48150  9.630000000000e+02  2.249043795882e-04
   48200  9.640000000000e+02  1.382339678795e-04
   48250  9.650000000000e+02  1.005183597146e-04
   48300  9.660000000000e+02  1.096721839028e-04
   48350  9.670000000000e+02  1.636183422702e-04
   48400  9.680000000000e+02  2.602907834932e-04
   48450  9.690000000000e+02  3.976345326101e-04
   48500  9.700000000000e+02  5.736182914995e-04
   48550  9.710000000000e+02  7.862213243264e-04
   48600  9.720000000000e+02  1.033439197602e-03
   48650  9.730000000000e+02  1.313305793285e-03
   48700  9.740000000000e+02  1.623867410008e-03
   48750  9.750000000000e+02  1.963195355367e-03
   48800  9.760000000000e+02  2.329404084047e-03
   48850  9.770000000000e+02  2.720620985078e-03
   48900  9.780000000000e+02  3.135000476423e-03
   48950  9.790000000000e+02  3.570745372712e-03
   49000  9.800000000000e+02  4.026065564164e-03
   49050  9.810000000000e+02  4.499228403561e-03
   49100  9.820000000000e+02  4.988544877438e-03
   49150  9.830000000000e+02  5.492320248446e-03
   49200  9.840000000000e+02  6.008924561739e-03
   49250  9.850000000000e+02  6.536778497540e-03
   49300  9.860000000000e+02  7.074292948350e-03
   49350  9.870000000000e+02  7.619944246237e-03
   49400  9.880000000000e+02  8.172263242518e-03
   49450  9.890000000000e+02  8.729778950380e-03
   49500  9.900000000000e+02  9.291080566866e-03
   49550  9.910000000000e+02  9.854792826420e-03
   49600  9.920000000000e+02  1.041954984602e-02
   49650  9.930000000000e+02  1.098405965998e-02
   49700  9.940000000000e+02  1.154705331640e-02
   49750  9.950000000000e+02  1.210725512138e-02
   49800  9.960000000000e+02  1.266349111615e-02
   49850  9.970000000000e+02  1.321459568323e-02
   49900  9.980000000000e+02  1.375939126259e-02
   49950  9.990000000000e+02  1.429681973617e-02
   50000  1.000000000000e+03  1.482584446097e-02
   50050  1.001000000000e+03  1.534541930136e-02
   50100  1.002000000000e+03  1.585461887155e-02
   50150  1.003000000000e+03  1.635255927379e-02
   50200  1.004000000000e+03  1.683835064484e-02
   50250  1.005000000000e+03  1.731122040726e-02
   50300  1.006000000000e+03  1.777041127304e-02
   50350  1.007000000000e+03  1.821521869747e-02
   50400  1.008000000000e+03  1.864505947611e-02
   50450  1.009000000000e+03  1.905932684949e-02
   50500  1.010000000000e+03  1.945747384805e-02
   50550  1.011000000000e+03  1.983908682952e-02
   50600  1.012000000000e+03  2.020372618064e-02
   50650  1.013000000000e+03  2.055098919810e-02
   50700  1.014000000000e+03  2.088060244279e-02
   50750  1.015000000000e+03  2.119226445390e-02
   50800  1.016000000000e+03  2.148572473528e-02
   50850  1.017000000000e+03  2.176084437938e-02
   50900  1.018000000000e+03  2.201747819423e-02
   50950  1.019000000000e+03  2.225553392549e-02
   51000  1.020000000000e+03  2.247496484389e-02
   51050  1.021000000000e+03  2.267570553444e-02
   51100  1.022000000000e+03  2.285780347269e-02
   51150  1.023000000000e+03  2.302135312236e-02
   51200  1.024000000000e+03  2.316639979031e-02
   51250  1.025000000000e+03  2.329306925613e-02
   51300  1.026000000000e+03  2.340155233222e-02
   51350  1.027000000000e+03  2.349195198950e-02
   51400  1.028000000000e+03  2.356446740382e-02
   51450  1.029000000000e+03  2.361933845976e-02
   51500  1.030000000000e+03  2.365673559302e-02
   51550  1.031000000000e+03  2.367690462567e-02
   51600  1.032000000000e+03  2.368008890457e-02
   51650  1.033000000000e+03  2.366651328280e-02
   51700  1.034000000000e+03  2.363648464906e-02
   51750  1.035000000000e+03  2.359025442919e-02
   51800  1.036000000000e+03  2.352805073643e-02
   51850  1.037000000000e+03  2.345022978862e-02
   51900  1.038000000000e+03  2.335709103170e-02
   51950  1.039000000000e+03  2.324888923075e-02
   52000  1.040000000000e+03  2.312601264089e-02
   52050  1.041000000000e+03  2.298879357777e-02
   52100  1.042000000000e+03  2.283751296140e-02
   52150  1.043000000000e+03  2.267258045584e-02
   52200  1.044000000000e+03  2.249439884936e-02
   52250  1.045000000000e+03  2.230332861793e-02
   52300  1.046000000000e+03  2.209979203630e-02
   52350  1.047000000000e+03  2.188420360275e-02
   52400  1.048000000000e+03  2.165700041992e-02
   52450  1.049000000000e+03  2.141866386000e-02
   52500  1.050000000000e+03  2.116958548277e-02
   52550  1.051000000000e+03  2.091021517799e-02
   52600  1.052000000000e+03  2.064108768470e-02
   52650  1.053000000000e+03  2.036263799004e-02
   52700  1.054000000000e+03  2.007533466453e-02
   52750  1.055000000000e+03  1.977973425365e-02
   52800  1.056000000000e+03  1.947629900080e-02
   52850  1.057000000000e+03  1.916551785645e-02
   52900  1.058000000000e+03  1.884795899344e-02
   52950  1.059000000000e+03  1.852412246933e-02
   53000  1.060000000000e+03  1.819454580560e-02
   53050  1.061000000000e+03  1.785978989803e-02
   53100  1.062000000000e+03  1.752035126085e-02
   53150  1.063000000000e+03  1.717680021331e-02
   53200  1.064000000000e+03  1.682969589986e-02
   53250  1.065000000000e+03  1.647950768571e-02
   53300  1.066000000000e+03  1.612680531026e-02
   53350  1.067000000000e+03  1.577213867372e-02
   53400  1.068000000000e+03  1.541596642046e-02
   53450  1.069000000000e+03  1.505881007529e-02
   53500  1.070000000000e+03  1.470120944703e-02
   53550  1.071000000000e+03  1.434360473569e-02
   53600  1.072000000000e+03  1.398645431560e-02
   53650  1.073000000000e+03  1.363020086589e-02
   53700  1.074000000000e+03  1.327523852223e-02
   53750  1.075000000000e+03  1.292200314103e-02
   53800  1.076000000000e+03  1.257086069788e-02
   53850  1.077000000000e+03  1.222214388001e-02
   53900  1.078000000000e+03  1.187623541309e-02
   53950  1.079000000000e+03  1.153342387339e-02
   54000  1.080000000000e+03  1.119394994456e-02
   54050  1.081000000000e+03  1.085814760542e-02
   54100  1.082000000000e+03  1.052624915264e-02
   54150  1.083000000000e+03  1.019842845806e-02
   54200  1.084000000000e+03  9.874935769982e-03
   54250  1.085000000000e+03  9.555956521135e-03
   54300  1.086000000000e+03  9.241628535763e-03
   54350  1.087000000000e+03  8.932128267081e-03
   54400  1.088000000000e+03  8.627568408932e-03
   54450  1.089000000000e+03  8.328066279443e-03
   54500  1.090000000000e+03  8.033753941694e-03
   54550  1.091000000000e+03  7.744687054395e-03
   54600  1.092000000000e+03  7.460944082987e-03
   54650  1.093000000000e+03  7.182653391889e-03
   54700  1.094000000000e+03  6.909848370377e-03
   54750  1.095000000000e+03  6.642593439686e-03
   54800  1.096000000000e+03  6.380993740733e-03
   54850  1.097000000000e+03  6.125074817610e-03
   54900  1.098000000000e+03  5.874886019001e-03
   54950  1.099000000000e+03  5.630514187590e-03
   55000  1.100000000000e+03  5.391991842921e-03
   55050  1.101000000000e+03  5.159362696529e-03
   55100  1.102000000000e+03  4.932669094500e-03
   55150  1.103000000000e+03  4.711924399905e-03
   55200  1.104000000000e+03  4.497188068857e-03
   55250  1.105000000000e+03  4.288500338795e-03
   55300  1.106000000000e+03  4.085840613692e-03
   55350  1.107000000000e+03  3.889259767183e-03
   55400  1.108000000000e+03  3.698783539524e-03
   55450  1.109000000000e+03  3.514377577156e-03
   55500  1.110000000000e+03  3.336057750396e-03
   55550  1.111000000000e+03  3.163832277408e-03
   55600  1.112000000000e+03  2.997656222652e-03
   55650  1.113000000000e+03  2.837508508966e-03
   55700  1.114000000000e+03  2.683357069930e-03
   55750  1.115000000000e+03  2.535142681495e-03
   55800  1.116000000000e+03  2.392826955295e-03
   55850  1.117000000000e+03  2.256327117795e-03
   55900  1.118000000000e+03  2.125549005967e-03
   55950  1.119000000000e+03  2.000436301070e-03
   56000  1.120000000000e+03  1.880869246634e-03
   56050  1.121000000000e+03  1.766711216670e-03
   56100  1.122000000000e+03  1.657869010029e-03
   56150  1.123000000000e+03  1.554206709575e-03
   56200  1.124000000000e+03  1.455568242142e-03
   56250  1.125000000000e+03  1.361827741410e-03
   56300  1.126000000000e+03  1.272833330961e-03
   56350  1.127000000000e+03  1.188418808908e-03
   56400  1.128000000000e+03  1.108437511110e-03
   56450  1.129000000000e+03  1.032719054711e-03
   56500  1.130000000000e+03  9.611128353261e-04
   56550  1.131000000000e+03  8.934731102456e-04
   56600  1.132000000000e+03  8.296164334704e-04
   56650  1.133000000000e+03  7.693963014096e-04
   56700  1.134000000000e+03  7.126759676909e-04
   56750  1.135000000000e+03  6.592897480050e-04
   56800  1.136000000000e+03  6.090917135100e-04
   56850  1.137000000000e+03  5.619545143449e-04
   56900  1.138000000000e+03  5.177250526862e-04
   56950  1.139000000000e+03  4.762666700632e-04
   57000  1.140000000000e+03  4.374603216568e-04
   57050  1.141000000000e+03  4.011734153547e-04
   57100  1.142000000000e+03  3.672851096368e-04
   57150  1.143000000000e+03  3.356783712923e-04
   57200  1.144000000000e+03  3.062331598024e-04
   57250  1.145000000000e+03  2.788508882967e-04
   57300  1.146000000000e+03  2.534268302890e-04
   57350  1.147000000000e+03  2.298481038339e-04
   57400  1.148000000000e+03  2.080284961440e-04
   57450  1.149000000000e+03  1.878771355451e-04
   57500  1.150000000000e+03  1.692934241824e-04
   57550  1.151000000000e+03  1.521996437737e-04
   57600  1.152000000000e+03  1.365177573184e-04
   57650  1.153000000000e+03  1.221604395010e-04
   57700  1.154000000000e+03  1.090539452657e-04
   57750  1.155000000000e+03  9.712285740275e-05
   57800  1.156000000000e+03  8.629298060295e-05
   57850  1.157000000000e+03  7.649715333881e-05
   57900  1.158000000000e+03  6.766114317781e-05
   57950  1.159000000000e+03  5.971573782084e-05
   58000  1.160000000000e+03  5.260196351996e-05
   58050  1.161000000000e+03  4.625210431023e-05
   58100  1.162000000000e+03  4.060236964363e-05
   58150  1.163000000000e+03  3.559965436467e-05
   58200  1.164000000000e+03  3.118563174140e-05
   58250  1.165000000000e+03  2.730492669523e-05
   58300  1.166000000000e+03  2.391094667024e-05
   58350  1.167000000000e+03  2.095490224675e-05
   58400  1.168000000000e+03  1.839078894474e-05
   58450  1.169000000000e+03  1.617848697825e-05
   58500  1.170000000000e+03  1.427783953153e-05
   58550  1.171000000000e+03  1.265391714086e-05
   58600  1.172000000000e+03  1.127506486619e-05
   58650  1.173000000000e+03  1.010844196134e-05
   58700  1.174000000000e+03  9.127754638433e-06
   58750  1.175000000000e+03  8.309902697998e-06
   58800  1.176000000000e+03  7.630589422276e-06
   58850  1.177000000000e+03  7.070468303429e-06
   58900  1.178000000000e+03  6.613003023938e-06
   58950  1.179000000000e+03  6.241254352016e-06
   59000  1.180000000000e+03  5.941550890905e-06
   59050  1.181000000000e+03  5.702578785766e-06
   59100  1.182000000000e+03  5.513493036638e-06
   59150  1.183000000000e+03  5.365533243165e-06
   59200  1.184000000000e+03  5.251065483269e-06
   59250  1.185000000000e+03  5.163348158456e-06
   59300  1.186000000000e+03  5.097441032581e-06
   59350  1.187000000000e+03  5.048758145255e-06
   59400  1.188000000000e+03  5.013227609464e-06
   59450  1.189000000000e+03  4.988057139922e-06
   59500  1.190000000000e+03  4.970748171108e-06
   59550  1.191000000000e+03  4.959080873737e-06
   59600  1.192000000000e+03  4.951588301570e-06
   59650  1.193000000000e+03  4.947037059305e-06
   59700  1.194000000000e+03  4.944413306333e-06
   59750  1.195000000000e+03  4.943043392588e-06
   59800  1.196000000000e+03  4.942427141344e-06
   59850  1.197000000000e+03  4.942221629022e-06
   59900  1.198000000000e+03  4.942218069716e-06
   59950  1.199000000000e+03  4.942291336886e-06
   60000  1.200000000000e+03  4.942383709190e-06
   60050  1.201000000000e+03  4.942473551289e-06
   60100  1.202000000000e+03  4.942558416446e-06
   60150  1.203000000000e+03  4.942635858034e-06
   60200  1.204000000000e+03  4.942703986724e-06
   60250  1.205000000000e+03  4.942763573129e-06
   60300  1.206000000000e+03  4.942810565296e-06
   60350  1.207000000000e+03  4.942841501203e-06
   60400  1.208000000000e+03  4.942854757911e-06
   60450  1.209000000000e+03  4.942848549364e-06
   60500  1.210000000000e+03  4.942821211773e-06
   60550  1.211000000000e+03  4.942770759880e-06
   60600  1.212000000000e+03  4.942695788400e-06
   60650  1.213000000000e+03  4.942599600884e-06
   60700  1.214000000000e+03  4.942490231537e-06
   60750  1.215000000000e+03  4.942369993689e-06
   60800  1.216000000000e+03  4.942241055614e-06
   60850  1.217000000000e+03  4.942107923366e-06
   60900  1.218000000000e+03  4.941973390987e-06
   60950  1.219000000000e+03  4.941843814318e-06
   61000  1.220000000000e+03  4.941724368920e-06
   61050  1.221000000000e+03  4.941616169353e-06
   61100  1.222000000000e+03  4.941521197697e-06
   61150  1.223000000000e+03  4.941442659667e-06
   61200  1.224000000000e+03  4.941379703652e-06
   61250  1.225000000000e+03  4.941333493116e-06
   61300  1.226000000000e+03  4.941304537355e-06
   61350  1.227000000000e+03  4.941290798623e-06
   61400  1.228000000000e+03  4.941292912265e-06
   61450  1.229000000000e+03  4.941309050599e-06
   61500  1.230000000000e+03  4.941336206668e-06
   61550  1.231000000000e+03  4.941374176497e-06
   61600  1.232000000000e+03  4.941420558610e-06
   61650  1.233000000000e+03  4.941473594769e-06
   61700  1.234000000000e+03  4.941534221717e-06
   61750  1.235000000000e+03  4.941601429422e-06
   61800  1.236000000000e+03  4.941671384852e-06
   61850  1.237000000000e+03  4.941741637184e-06
   61900  1.238000000000e+03  4.941811168759e-06
   61950  1.239000000000e+03  4.941877963870e-06
   62000  1.240000000000e+03  4.941939708646e-06
   62050  1.241000000000e+03  4.941989926399e-06
   62100  1.242000000000e+03  4.942025266269e-06
   62150  1.243000000000e+03  4.942043131791e-06
   62200  1.244000000000e+03  4.942042719724e-06
   62250  1.245000000000e+03  4.942027261486e-06
   62300  1.246000000000e+03  4.941997471926e-06
   62350  1.247000000000e+03  4.941954327382e-06
   62400  1.248000000000e+03  4.941901388722e-06
   62450  1.249000000000e+03  4.941844444814e-06
   62500  1.250000000000e+03  4.941785584314e-06
   62550  1.251000000000e+03  4.941727759965e-06
   62600  1.252000000000e+03  4.941674239797e-06
   62650  1.253000000000e+03  4.941623092294e-06
   62700  1.254000000000e+03  4.941572590025e-06
   62750  1.255000000000e+03  4.941522683204e-06
   62800  1.256000000000e+03  4.941468556015e-06
   62850  1.257000000000e+03  4.941412368197e-06
   62900  1.258000000000e+03  4.941359322219e-06
   62950  1.259000000000e+03  4.941306420175e-06
   63000  1.260000000000e+03  4.941256107886e-06
   63050  1.261000000000e+03  4.941213853124e-06
   63100  1.262000000000e+03  4.941179416719e-06
   63150  1.263000000000e+03  4.941157443233e-06
   63200  1.264000000000e+03  4.941152830777e-06
   63250  1.265000000000e+03  4.941163364781e-06
   63300  1.266000000000e+03  4.941184119374e-06
   63350  1.267000000000e+03  4.941208620761e-06
   63400  1.268000000000e+03  4.941229596461e-06
   63450  1.269000000000e+03  4.941240684189e-06
   63500  1.270000000000e+03  4.941237740336e-06
   63550  1.271000000000e+03  4.941218386602e-06
   63600  1.272000000000e+03  4.941178176884e-06
   63650  1.273000000000e+03  4.941114821390e-06
   63700  1.274000000000e+03  4.941034708925e-06
   63750  1.275000000000e+03  4.940948136925e-06
   63800  1.276000000000e+03  4.940861895460e-06
   63850  1.277000000000e+03  4.940788132138e-06
   63900  1.278000000000e+03  4.940737679218e-06
   63950  1.279000000000e+03  4.940718122778e-06
   64000  1.280000000000e+03  4.940733529690e-06
   64050  1.281000000000e+03  4.940780785417e-06
   64100  1.282000000000e+03  4.940855824288e-06
   64150  1.283000000000e+03  4.940953320952e-06
   64200  1.284000000000e+03  4.941062320990e-06
   64250  1.285000000000e+03  4.941165791944e-06
   64300  1.286000000000e+03  4.941255141375e-06
   64350  1.287000000000e+03  4.941325663421e-06
   64400  1.288000000000e+03  4.941371702823e-06
   64450  1.289000000000e+03  4.941387764926e-06
   64500  1.290000000000e+03  4.941375153118e-06
   64550  1.291000000000e+03  4.941337052901e-06
   64600  1.292000000000e+03  4.941279653732e-06
   64650  1.293000000000e+03  4.941213835860e-06
   64700  1.294000000000e+03  4.941141170785e-06
   64750  1.295000000000e+03  4.941066369626e-06
   64800  1.296000000000e+03  4.941000679486e-06
   64850  1.297000000000e+03  4.940940058630e-06
   64900  1.298000000000e+03  4.940887489584e-06
   64950  1.299000000000e+03  4.940849567169e-06
   65000  1.300000000000e+03  4.940819197191e-06
