################################################################################
# HEADER
# nspin         1
#%
# nik       217
#  st         1      26
# ust         1      26
# Iter             t            #  iter t Nex(t)  
################################################################################
       0  0.000000000000e+00 -2.560451850542e-15
      50  1.000000000000e+00  1.161460233545e-10
     100  2.000000000000e+00  1.866474266810e-10
     150  3.000000000000e+00  2.325716841334e-10
     200  4.000000000000e+00  3.008349680478e-10
     250  5.000000000000e+00  6.543203895371e-10
     300  6.000000000000e+00  1.931983580061e-09
     350  7.000000000000e+00  5.084969244284e-09
     400  8.000000000000e+00  1.186444693879e-08
     450  9.000000000000e+00  2.497534933726e-08
     500  1.000000000000e+01  4.858714935940e-08
     550  1.100000000000e+01  8.854145792242e-08
     600  1.200000000000e+01  1.527396406506e-07
     650  1.300000000000e+01  2.513015942354e-07
     700  1.400000000000e+01  3.971796599389e-07
     750  1.500000000000e+01  6.066507944671e-07
     800  1.600000000000e+01  9.001025058006e-07
     850  1.700000000000e+01  1.302262907170e-06
     900  1.800000000000e+01  1.843087630328e-06
     950  1.900000000000e+01  2.558357236199e-06
    1000  2.000000000000e+01  3.489526054730e-06
    1050  2.100000000000e+01  4.684683424905e-06
    1100  2.200000000000e+01  6.199836516944e-06
    1150  2.300000000000e+01  8.098631604586e-06
    1200  2.400000000000e+01  1.045318577118e-05
    1250  2.500000000000e+01  1.334565539231e-05
    1300  2.600000000000e+01  1.686717721248e-05
    1350  2.700000000000e+01  2.112029252693e-05
    1400  2.800000000000e+01  2.622012944862e-05
    1450  2.900000000000e+01  3.229464579125e-05
    1500  3.000000000000e+01  3.948527365007e-05
    1550  3.100000000000e+01  4.794642422935e-05
    1600  3.200000000000e+01  5.784700549800e-05
    1650  3.300000000000e+01  6.937067460573e-05
    1700  3.400000000000e+01  8.271501761892e-05
    1750  3.500000000000e+01  9.809517574601e-05
    1800  3.600000000000e+01  1.157425877697e-04
    1850  3.700000000000e+01  1.359042219290e-04
    1900  3.800000000000e+01  1.588444990772e-04
    1950  3.900000000000e+01  1.848475582550e-04
    2000  4.000000000000e+01  2.142170172736e-04
    2050  4.100000000000e+01  2.472765492029e-04
    2100  4.200000000000e+01  2.843684376854e-04
    2150  4.300000000000e+01  3.258604471247e-04
    2200  4.400000000000e+01  3.721381549783e-04
    2250  4.500000000000e+01  4.236069751897e-04
    2300  4.600000000000e+01  4.806940912149e-04
    2350  4.700000000000e+01  5.438473477481e-04
    2400  4.800000000000e+01  6.135381933019e-04
    2450  4.900000000000e+01  6.902606734274e-04
    2500  5.000000000000e+01  7.745279699630e-04
    2550  5.100000000000e+01  8.668748994828e-04
    2600  5.200000000000e+01  9.678609116823e-04
    2650  5.300000000000e+01  1.078062113393e-03
    2700  5.400000000000e+01  1.198082922594e-03
    2750  5.500000000000e+01  1.328541656055e-03
    2800  5.600000000000e+01  1.470076227239e-03
    2850  5.700000000000e+01  1.623348568135e-03
    2900  5.800000000000e+01  1.789030359711e-03
    2950  5.900000000000e+01  1.967823650046e-03
    3000  6.000000000000e+01  2.160445540268e-03
    3050  6.100000000000e+01  2.367630921315e-03
    3100  6.200000000000e+01  2.590134335870e-03
    3150  6.300000000000e+01  2.828724227815e-03
    3200  6.400000000000e+01  3.084181892437e-03
    3250  6.500000000000e+01  3.357307357893e-03
    3300  6.600000000000e+01  3.648916838941e-03
    3350  6.700000000000e+01  3.959833173069e-03
    3400  6.800000000000e+01  4.290883216833e-03
    3450  6.900000000000e+01  4.642903174107e-03
    3500  7.000000000000e+01  5.016741592298e-03
    3550  7.100000000000e+01  5.413261899976e-03
    3600  7.200000000000e+01  5.833317145474e-03
    3650  7.300000000000e+01  6.277773178852e-03
    3700  7.400000000000e+01  6.747482051832e-03
    3750  7.500000000000e+01  7.243301525489e-03
    3800  7.600000000000e+01  7.766101700518e-03
    3850  7.700000000000e+01  8.316740387963e-03
    3900  7.800000000000e+01  8.896055581787e-03
    3950  7.900000000000e+01  9.504874731138e-03
    4000  8.000000000000e+01  1.014401116315e-02
    4050  8.100000000000e+01  1.081428777824e-02
    4100  8.200000000000e+01  1.151651357048e-02
    4150  8.300000000000e+01  1.225145742473e-02
    4200  8.400000000000e+01  1.301988658495e-02
    4250  8.500000000000e+01  1.382253752754e-02
    4300  8.600000000000e+01  1.466015305543e-02
    4350  8.700000000000e+01  1.553344538730e-02
    4400  8.800000000000e+01  1.644307957006e-02
    4450  8.900000000000e+01  1.738969112085e-02
    4500  9.000000000000e+01  1.837385936845e-02
    4550  9.100000000000e+01  1.939616104191e-02
    4600  9.200000000000e+01  2.045712389680e-02
    4650  9.300000000000e+01  2.155721767903e-02
    4700  9.400000000000e+01  2.269686761936e-02
    4750  9.500000000000e+01  2.387646079078e-02
    4800  9.600000000000e+01  2.509636990583e-02
    4850  9.700000000000e+01  2.635690507789e-02
    4900  9.800000000000e+01  2.765832297231e-02
    4950  9.900000000000e+01  2.900081141868e-02
    5000  1.000000000000e+02  3.038450793950e-02
    5050  1.010000000000e+02  3.180953008057e-02
    5100  1.020000000000e+02  3.327590948734e-02
    5150  1.030000000000e+02  3.478358974156e-02
    5200  1.040000000000e+02  3.633243102170e-02
    5250  1.050000000000e+02  3.792225548825e-02
    5300  1.060000000000e+02  3.955283107410e-02
    5350  1.070000000000e+02  4.122386728506e-02
    5400  1.080000000000e+02  4.293496532152e-02
    5450  1.090000000000e+02  4.468564631828e-02
    5500  1.100000000000e+02  4.647536801162e-02
    5550  1.110000000000e+02  4.830354138092e-02
    5600  1.120000000000e+02  5.016949775143e-02
    5650  1.130000000000e+02  5.207247917298e-02
    5700  1.140000000000e+02  5.401161640721e-02
    5750  1.150000000000e+02  5.598595518197e-02
    5800  1.160000000000e+02  5.799449533414e-02
    5850  1.170000000000e+02  6.003615750165e-02
    5900  1.180000000000e+02  6.210976138749e-02
    5950  1.190000000000e+02  6.421400279409e-02
    6000  1.200000000000e+02  6.634751842752e-02
    6050  1.210000000000e+02  6.850890679200e-02
    6100  1.220000000000e+02  7.069666863047e-02
    6150  1.230000000000e+02  7.290922482125e-02
    6200  1.240000000000e+02  7.514484933157e-02
    6250  1.250000000000e+02  7.740178253297e-02
    6300  1.260000000000e+02  7.967820764333e-02
    6350  1.270000000000e+02  8.197217683057e-02
    6400  1.280000000000e+02  8.428168336350e-02
    6450  1.290000000000e+02  8.660457637982e-02
    6500  1.300000000000e+02  8.893866999503e-02
    6550  1.310000000000e+02  9.128173118407e-02
    6600  1.320000000000e+02  9.363142195731e-02
    6650  1.330000000000e+02  9.598535512622e-02
    6700  1.340000000000e+02  9.834103082308e-02
    6750  1.350000000000e+02  1.006959382515e-01
    6800  1.360000000000e+02  1.030474691511e-01
    6850  1.370000000000e+02  1.053929892294e-01
    6900  1.380000000000e+02  1.077297678289e-01
    6950  1.390000000000e+02  1.100550666179e-01
    7000  1.400000000000e+02  1.123660472293e-01
    7050  1.410000000000e+02  1.146598244743e-01
    7100  1.420000000000e+02  1.169334793208e-01
    7150  1.430000000000e+02  1.191840119516e-01
    7200  1.440000000000e+02  1.214083870822e-01
    7250  1.450000000000e+02  1.236034799250e-01
    7300  1.460000000000e+02  1.257661630039e-01
    7350  1.470000000000e+02  1.278932451595e-01
    7400  1.480000000000e+02  1.299815046863e-01
    7450  1.490000000000e+02  1.320277227580e-01
    7500  1.500000000000e+02  1.340286500583e-01
    7550  1.510000000000e+02  1.359810603679e-01
    7600  1.520000000000e+02  1.378817545849e-01
    7650  1.530000000000e+02  1.397275424522e-01
    7700  1.540000000000e+02  1.415152744130e-01
    7750  1.550000000000e+02  1.432418036751e-01
    7800  1.560000000000e+02  1.449039896425e-01
    7850  1.570000000000e+02  1.464987148793e-01
    7900  1.580000000000e+02  1.480229104052e-01
    7950  1.590000000000e+02  1.494734775594e-01
    8000  1.600000000000e+02  1.508473771378e-01
    8050  1.610000000000e+02  1.521415862432e-01
    8100  1.620000000000e+02  1.533531280275e-01
    8150  1.630000000000e+02  1.544791431469e-01
    8200  1.640000000000e+02  1.555167737999e-01
    8250  1.650000000000e+02  1.564632342043e-01
    8300  1.660000000000e+02  1.573158301061e-01
    8350  1.670000000000e+02  1.580719319505e-01
    8400  1.680000000000e+02  1.587290098697e-01
    8450  1.690000000000e+02  1.592846391446e-01
    8500  1.700000000000e+02  1.597364801575e-01
    8550  1.710000000000e+02  1.600822650803e-01
    8600  1.720000000000e+02  1.603198902693e-01
    8650  1.730000000000e+02  1.604473475494e-01
    8700  1.740000000000e+02  1.604628253683e-01
    8750  1.750000000000e+02  1.603646867406e-01
    8800  1.760000000000e+02  1.601513187787e-01
    8850  1.770000000000e+02  1.598213206433e-01
    8900  1.780000000000e+02  1.593734588155e-01
    8950  1.790000000000e+02  1.588066908382e-01
    9000  1.800000000000e+02  1.581201133740e-01
    9050  1.810000000000e+02  1.573129231801e-01
    9100  1.820000000000e+02  1.563845076710e-01
    9150  1.830000000000e+02  1.553344402755e-01
    9200  1.840000000000e+02  1.541625737767e-01
    9250  1.850000000000e+02  1.528688774579e-01
    9300  1.860000000000e+02  1.514535802007e-01
    9350  1.870000000000e+02  1.499170664601e-01
    9400  1.880000000000e+02  1.482599965620e-01
    9450  1.890000000000e+02  1.464832667703e-01
    9500  1.900000000000e+02  1.445879974052e-01
    9550  1.910000000000e+02  1.425755710293e-01
    9600  1.920000000000e+02  1.404475455238e-01
    9650  1.930000000000e+02  1.382057613819e-01
    9700  1.940000000000e+02  1.358523031162e-01
    9750  1.950000000000e+02  1.333895057617e-01
    9800  1.960000000000e+02  1.308199411239e-01
    9850  1.970000000000e+02  1.281464291553e-01
    9900  1.980000000000e+02  1.253720971484e-01
    9950  1.990000000000e+02  1.225003639335e-01
   10000  2.000000000000e+02  1.195349097059e-01
   10050  2.010000000000e+02  1.164796312421e-01
   10100  2.020000000000e+02  1.133387737579e-01
   10150  2.030000000000e+02  1.101168508862e-01
   10200  2.040000000000e+02  1.068186953154e-01
   10250  2.050000000000e+02  1.034494032025e-01
   10300  2.060000000000e+02  1.000143233245e-01
   10350  2.070000000000e+02  9.651909455650e-02
   10400  2.080000000000e+02  9.296967201918e-02
   10450  2.090000000000e+02  8.937232196350e-02
   10500  2.100000000000e+02  8.573356687768e-02
   10550  2.110000000000e+02  8.206024693274e-02
   10600  2.120000000000e+02  7.835945889315e-02
   10650  2.130000000000e+02  7.463860692114e-02
   10700  2.140000000000e+02  7.090540193055e-02
   10750  2.150000000000e+02  6.716782513463e-02
   10800  2.160000000000e+02  6.343413625755e-02
   10850  2.170000000000e+02  5.971281430126e-02
   10900  2.180000000000e+02  5.601267694734e-02
   10950  2.190000000000e+02  5.234278447357e-02
   11000  2.200000000000e+02  4.871247453144e-02
   11050  2.210000000000e+02  4.513136149315e-02
   11100  2.220000000000e+02  4.160926835579e-02
   11150  2.230000000000e+02  3.815633536351e-02
   11200  2.240000000000e+02  3.478290019923e-02
   11250  2.250000000000e+02  3.149958206554e-02
   11300  2.260000000000e+02  2.831721129936e-02
   11350  2.270000000000e+02  2.524682557180e-02
   11400  2.280000000000e+02  2.229971676253e-02
   11450  2.290000000000e+02  1.948734379338e-02
   11500  2.300000000000e+02  1.682137965463e-02
   11550  2.310000000000e+02  1.431365522309e-02
   11600  2.320000000000e+02  1.197618216523e-02
   11650  2.330000000000e+02  9.821129668502e-03
   11700  2.340000000000e+02  7.860808851195e-03
   11750  2.350000000000e+02  6.107667889425e-03
   11800  2.360000000000e+02  4.574261499775e-03
   11850  2.370000000000e+02  3.273242106641e-03
   11900  2.380000000000e+02  2.217348881508e-03
   11950  2.390000000000e+02  1.419393769708e-03
   12000  2.400000000000e+02  8.922451662523e-04
   12050  2.410000000000e+02  6.488081663560e-04
   12100  2.420000000000e+02  7.020114287234e-04
   12150  2.430000000000e+02  1.064788752396e-03
   12200  2.440000000000e+02  1.750058829762e-03
   12250  2.450000000000e+02  2.770715699305e-03
   12300  2.460000000000e+02  4.139593096206e-03
   12350  2.470000000000e+02  5.869457516733e-03
   12400  2.480000000000e+02  7.972985382197e-03
   12450  2.490000000000e+02  1.046273731366e-02
   12500  2.500000000000e+02  1.335115963533e-02
   12550  2.510000000000e+02  1.665051702003e-02
   12600  2.520000000000e+02  2.037293702747e-02
   12650  2.530000000000e+02  2.453033060093e-02
   12700  2.540000000000e+02  2.913440388266e-02
   12750  2.550000000000e+02  3.419661334687e-02
   12800  2.560000000000e+02  3.972815551035e-02
   12850  2.570000000000e+02  4.573997077489e-02
   12900  2.580000000000e+02  5.224270381824e-02
   12950  2.590000000000e+02  5.924665697247e-02
   13000  2.600000000000e+02  6.676179682568e-02
   13050  2.610000000000e+02  7.479771550620e-02
   13100  2.620000000000e+02  8.336361268057e-02
   13150  2.630000000000e+02  9.246829349484e-02
   13200  2.640000000000e+02  1.021201064512e-01
   13250  2.650000000000e+02  1.123269495893e-01
   13300  2.660000000000e+02  1.230962344076e-01
   13350  2.670000000000e+02  1.344348384090e-01
   13400  2.680000000000e+02  1.463491997968e-01
   13450  2.690000000000e+02  1.588452351468e-01
   13500  2.700000000000e+02  1.719283603731e-01
   13550  2.710000000000e+02  1.856034197266e-01
   13600  2.720000000000e+02  1.998747101575e-01
   13650  2.730000000000e+02  2.147459866332e-01
   13700  2.740000000000e+02  2.302204302444e-01
   13750  2.750000000000e+02  2.463007189604e-01
   13800  2.760000000000e+02  2.629888751596e-01
   13850  2.770000000000e+02  2.802862385133e-01
   13900  2.780000000000e+02  2.981936485109e-01
   13950  2.790000000000e+02  3.167113230738e-01
   14000  2.800000000000e+02  3.358388324801e-01
   14050  2.810000000000e+02  3.555751029321e-01
   14100  2.820000000000e+02  3.759183512863e-01
   14150  2.830000000000e+02  3.968661661197e-01
   14200  2.840000000000e+02  4.184154589594e-01
   14250  2.850000000000e+02  4.405624311135e-01
   14300  2.860000000000e+02  4.633025635415e-01
   14350  2.870000000000e+02  4.866306229925e-01
   14400  2.880000000000e+02  5.105406431365e-01
   14450  2.890000000000e+02  5.350259520341e-01
   14500  2.900000000000e+02  5.600792519414e-01
   14550  2.910000000000e+02  5.856923538795e-01
   14600  2.920000000000e+02  6.118564783213e-01
   14650  2.930000000000e+02  6.385621388536e-01
   14700  2.940000000000e+02  6.657991360485e-01
   14750  2.950000000000e+02  6.935567170524e-01
   14800  2.960000000000e+02  7.218232854171e-01
   14850  2.970000000000e+02  7.505866258496e-01
   14900  2.980000000000e+02  7.798340645531e-01
   14950  2.990000000000e+02  8.095524384896e-01
   15000  3.000000000000e+02  8.397279885392e-01
   15050  3.010000000000e+02  8.703465543107e-01
   15100  3.020000000000e+02  9.013935290662e-01
   15150  3.030000000000e+02  9.328539838337e-01
   15200  3.040000000000e+02  9.647126597607e-01
   15250  3.050000000000e+02  9.969540190285e-01
   15300  3.060000000000e+02  1.029562169130e+00
   15350  3.070000000000e+02  1.062520764581e+00
   15400  3.080000000000e+02  1.095812954065e+00
   15450  3.090000000000e+02  1.129421552291e+00
   15500  3.100000000000e+02  1.163328863926e+00
   15550  3.110000000000e+02  1.197516674061e+00
   15600  3.120000000000e+02  1.231966057678e+00
   15650  3.130000000000e+02  1.266657347417e+00
   15700  3.140000000000e+02  1.301570163816e+00
   15750  3.150000000000e+02  1.336683514769e+00
   15800  3.160000000000e+02  1.371975615823e+00
   15850  3.170000000000e+02  1.407423964941e+00
   15900  3.180000000000e+02  1.443005559444e+00
   15950  3.190000000000e+02  1.478696921468e+00
   16000  3.200000000000e+02  1.514474388810e+00
   16050  3.210000000000e+02  1.550314126574e+00
   16100  3.220000000000e+02  1.586192272085e+00
   16150  3.230000000000e+02  1.622085161539e+00
   16200  3.240000000000e+02  1.657969513289e+00
   16250  3.250000000000e+02  1.693822680832e+00
   16300  3.260000000000e+02  1.729622486203e+00
   16350  3.270000000000e+02  1.765347183259e+00
   16400  3.280000000000e+02  1.800975438804e+00
   16450  3.290000000000e+02  1.836486410860e+00
   16500  3.300000000000e+02  1.871859494372e+00
   16550  3.310000000000e+02  1.907074324083e+00
   16600  3.320000000000e+02  1.942110126054e+00
   16650  3.330000000000e+02  1.976945723180e+00
   16700  3.340000000000e+02  2.011559297660e+00
   16750  3.350000000000e+02  2.045928315237e+00
   16800  3.360000000000e+02  2.080029454134e+00
   16850  3.370000000000e+02  2.113838368514e+00
   16900  3.380000000000e+02  2.147329841101e+00
   16950  3.390000000000e+02  2.180477878604e+00
   17000  3.400000000000e+02  2.213256067927e+00
   17050  3.410000000000e+02  2.245637944996e+00
   17100  3.420000000000e+02  2.277596997424e+00
   17150  3.430000000000e+02  2.309107292952e+00
   17200  3.440000000000e+02  2.340143654717e+00
   17250  3.450000000000e+02  2.370682046251e+00
   17300  3.460000000000e+02  2.400699907474e+00
   17350  3.470000000000e+02  2.430175909015e+00
   17400  3.480000000000e+02  2.459090061521e+00
   17450  3.490000000000e+02  2.487423668206e+00
   17500  3.500000000000e+02  2.515159266503e+00
   17550  3.510000000000e+02  2.542280065214e+00
   17600  3.520000000000e+02  2.568769679292e+00
   17650  3.530000000000e+02  2.594611918038e+00
   17700  3.540000000000e+02  2.619790239853e+00
   17750  3.550000000000e+02  2.644287712919e+00
   17800  3.560000000000e+02  2.668086899529e+00
   17850  3.570000000000e+02  2.691169535953e+00
   17900  3.580000000000e+02  2.713516748465e+00
   17950  3.590000000000e+02  2.735108799101e+00
   18000  3.600000000000e+02  2.755925646975e+00
   18050  3.610000000000e+02  2.775947103856e+00
   18100  3.620000000000e+02  2.795152994477e+00
   18150  3.630000000000e+02  2.813523487377e+00
   18200  3.640000000000e+02  2.831039375742e+00
   18250  3.650000000000e+02  2.847682134515e+00
   18300  3.660000000000e+02  2.863434357582e+00
   18350  3.670000000000e+02  2.878279720738e+00
   18400  3.680000000000e+02  2.892202814885e+00
   18450  3.690000000000e+02  2.905189645910e+00
   18500  3.700000000000e+02  2.917227187735e+00
   18550  3.710000000000e+02  2.928303608688e+00
   18600  3.720000000000e+02  2.938408044710e+00
   18650  3.730000000000e+02  2.947530726406e+00
   18700  3.740000000000e+02  2.955662664347e+00
   18750  3.750000000000e+02  2.962795661108e+00
   18800  3.760000000000e+02  2.968922071507e+00
   18850  3.770000000000e+02  2.974034898684e+00
   18900  3.780000000000e+02  2.978127278153e+00
   18950  3.790000000000e+02  2.981192383275e+00
   19000  3.800000000000e+02  2.983223484676e+00
   19050  3.810000000000e+02  2.984213984908e+00
   19100  3.820000000000e+02  2.984157195424e+00
   19150  3.830000000000e+02  2.983046342821e+00
   19200  3.840000000000e+02  2.980874704769e+00
   19250  3.850000000000e+02  2.977635814210e+00
   19300  3.860000000000e+02  2.973323642177e+00
   19350  3.870000000000e+02  2.967933011965e+00
   19400  3.880000000000e+02  2.961459153977e+00
   19450  3.890000000000e+02  2.953898423274e+00
   19500  3.900000000000e+02  2.945248347235e+00
   19550  3.910000000000e+02  2.935507401110e+00
   19600  3.920000000000e+02  2.924675675626e+00
   19650  3.930000000000e+02  2.912754256986e+00
   19700  3.940000000000e+02  2.899745516448e+00
   19750  3.950000000000e+02  2.885652648126e+00
   19800  3.960000000000e+02  2.870479606086e+00
   19850  3.970000000000e+02  2.854231266531e+00
   19900  3.980000000000e+02  2.836912880879e+00
   19950  3.990000000000e+02  2.818530051748e+00
   20000  4.000000000000e+02  2.799088572523e+00
   20050  4.010000000000e+02  2.778594665177e+00
   20100  4.020000000000e+02  2.757054832638e+00
   20150  4.030000000000e+02  2.734476134212e+00
   20200  4.040000000000e+02  2.710866269200e+00
   20250  4.050000000000e+02  2.686233841549e+00
   20300  4.060000000000e+02  2.660588583784e+00
   20350  4.070000000000e+02  2.633941708805e+00
   20400  4.080000000000e+02  2.606305961259e+00
   20450  4.090000000000e+02  2.577695722079e+00
   20500  4.100000000000e+02  2.548126885846e+00
   20550  4.110000000000e+02  2.517616999753e+00
   20600  4.120000000000e+02  2.486184925580e+00
   20650  4.130000000000e+02  2.453850675167e+00
   20700  4.140000000000e+02  2.420634875158e+00
   20750  4.150000000000e+02  2.386558791183e+00
   20800  4.160000000000e+02  2.351643833311e+00
   20850  4.170000000000e+02  2.315911739540e+00
   20900  4.180000000000e+02  2.279384155375e+00
   20950  4.190000000000e+02  2.242082944267e+00
   21000  4.200000000000e+02  2.204029984635e+00
   21050  4.210000000000e+02  2.165247805690e+00
   21100  4.220000000000e+02  2.125759793175e+00
   21150  4.230000000000e+02  2.085590281475e+00
   21200  4.240000000000e+02  2.044765000158e+00
   21250  4.250000000000e+02  2.003311212487e+00
   21300  4.260000000000e+02  1.961257952120e+00
   21350  4.270000000000e+02  1.918636133097e+00
   21400  4.280000000000e+02  1.875478546685e+00
   21450  4.290000000000e+02  1.831819730449e+00
   21500  4.300000000000e+02  1.787695784812e+00
   21550  4.310000000000e+02  1.743144149766e+00
   21600  4.320000000000e+02  1.698203597477e+00
   21650  4.330000000000e+02  1.652913963964e+00
   21700  4.340000000000e+02  1.607315874598e+00
   21750  4.350000000000e+02  1.561450666669e+00
   21800  4.360000000000e+02  1.515360164324e+00
   21850  4.370000000000e+02  1.469086880261e+00
   21900  4.380000000000e+02  1.422673885090e+00
   21950  4.390000000000e+02  1.376164800201e+00
   22000  4.400000000000e+02  1.329603855130e+00
   22050  4.410000000000e+02  1.283035988882e+00
   22100  4.420000000000e+02  1.236506849719e+00
   22150  4.430000000000e+02  1.190062896158e+00
   22200  4.440000000000e+02  1.143751378997e+00
   22250  4.450000000000e+02  1.097620515586e+00
   22300  4.460000000000e+02  1.051719482001e+00
   22350  4.470000000000e+02  1.006098324075e+00
   22400  4.480000000000e+02  9.608080921172e-01
   22450  4.490000000000e+02  9.159006243126e-01
   22500  4.500000000000e+02  8.714286359961e-01
   22550  4.510000000000e+02  8.274457036184e-01
   22600  4.520000000000e+02  7.840059938546e-01
   22650  4.530000000000e+02  7.411644590716e-01
   22700  4.540000000000e+02  6.989765441127e-01
   22750  4.550000000000e+02  6.574980826554e-01
   22800  4.560000000000e+02  6.167852826589e-01
   22850  4.570000000000e+02  5.768946249955e-01
   22900  4.580000000000e+02  5.378827889474e-01
   22950  4.590000000000e+02  4.998065088740e-01
   23000  4.600000000000e+02  4.627225132858e-01
   23050  4.610000000000e+02  4.266874095006e-01
   23100  4.620000000000e+02  3.917576563370e-01
   23150  4.630000000000e+02  3.579894590963e-01
   23200  4.640000000000e+02  3.254385690333e-01
   23250  4.650000000000e+02  2.941603091491e-01
   23300  4.660000000000e+02  2.642092841469e-01
   23350  4.670000000000e+02  2.356393704294e-01
   23400  4.680000000000e+02  2.085035605500e-01
   23450  4.690000000000e+02  1.828537452926e-01
   23500  4.700000000000e+02  1.587406080762e-01
   23550  4.710000000000e+02  1.362134383184e-01
   23600  4.720000000000e+02  1.153200162934e-01
   23650  4.730000000000e+02  9.610649978887e-02
   23700  4.740000000000e+02  7.861731883467e-02
   23750  4.750000000000e+02  6.289504835250e-02
   23800  4.760000000000e+02  4.898033392503e-02
   23850  4.770000000000e+02  3.691179460453e-02
   23900  4.780000000000e+02  2.672596149882e-02
   23950  4.790000000000e+02  1.845718593192e-02
   24000  4.800000000000e+02  1.213749194931e-02
   24050  4.810000000000e+02  7.796427646875e-03
   24100  4.820000000000e+02  5.460909185373e-03
   24150  4.830000000000e+02  5.155042022801e-03
   24200  4.840000000000e+02  6.899957324521e-03
   24250  4.850000000000e+02  1.071368866285e-02
   24300  4.860000000000e+02  1.661110875123e-02
   24350  4.870000000000e+02  2.460396404840e-02
   24400  4.880000000000e+02  3.470096238792e-02
   24450  4.890000000000e+02  4.690791266904e-02
   24500  4.900000000000e+02  6.122791587280e-02
   24550  4.910000000000e+02  7.766149569615e-02
   24600  4.920000000000e+02  9.620660536242e-02
   24650  4.930000000000e+02  1.168585293858e-01
   24700  4.940000000000e+02  1.396095624454e-01
   24750  4.950000000000e+02  1.644485109718e-01
   24800  4.960000000000e+02  1.913603330337e-01
   24850  4.970000000000e+02  2.203256322893e-01
   24900  4.980000000000e+02  2.513204489566e-01
   24950  4.990000000000e+02  2.843165503608e-01
   25000  5.000000000000e+02  3.192819333386e-01
   25050  5.010000000000e+02  3.561819507279e-01
   25100  5.020000000000e+02  3.949806285294e-01
   25150  5.030000000000e+02  4.356421051396e-01
   25200  5.040000000000e+02  4.781317230918e-01
   25250  5.050000000000e+02  5.224164796352e-01
   25300  5.060000000000e+02  5.684646344672e-01
   25350  5.070000000000e+02  6.162442475453e-01
   25400  5.080000000000e+02  6.657210885936e-01
   25450  5.090000000000e+02  7.168559562983e-01
   25500  5.100000000000e+02  7.696022414814e-01
   25550  5.110000000000e+02  8.239047634031e-01
   25600  5.120000000000e+02  8.796998223498e-01
   25650  5.130000000000e+02  9.369172682397e-01
   25700  5.140000000000e+02  9.954845040279e-01
   25750  5.150000000000e+02  1.055331486687e+00
   25800  5.160000000000e+02  1.116396015776e+00
   25850  5.170000000000e+02  1.178627876262e+00
   25900  5.180000000000e+02  1.241990421161e+00
   25950  5.190000000000e+02  1.306458771609e+00
   26000  5.200000000000e+02  1.372014655514e+00
   26050  5.210000000000e+02  1.438638319026e+00
   26100  5.220000000000e+02  1.506299587742e+00
   26150  5.230000000000e+02  1.574949519802e+00
   26200  5.240000000000e+02  1.644515514594e+00
   26250  5.250000000000e+02  1.714901352526e+00
   26300  5.260000000000e+02  1.785993304559e+00
   26350  5.270000000000e+02  1.857671370367e+00
   26400  5.280000000000e+02  1.929823453985e+00
   26450  5.290000000000e+02  2.002359392685e+00
   26500  5.300000000000e+02  2.075221673670e+00
   26550  5.310000000000e+02  2.148389075576e+00
   26600  5.320000000000e+02  2.221872115698e+00
   26650  5.330000000000e+02  2.295700365164e+00
   26700  5.340000000000e+02  2.369903945627e+00
   26750  5.350000000000e+02  2.444492944691e+00
   26800  5.360000000000e+02  2.519440426242e+00
   26850  5.370000000000e+02  2.594672638745e+00
   26900  5.380000000000e+02  2.670070000932e+00
   26950  5.390000000000e+02  2.745478977163e+00
   27000  5.400000000000e+02  2.820733830237e+00
   27050  5.410000000000e+02  2.895682262122e+00
   27100  5.420000000000e+02  2.970209590795e+00
   27150  5.430000000000e+02  3.044255989218e+00
   27200  5.440000000000e+02  3.117821492287e+00
   27250  5.450000000000e+02  3.190957782967e+00
   27300  5.460000000000e+02  3.263747236663e+00
   27350  5.470000000000e+02  3.336274916704e+00
   27400  5.480000000000e+02  3.408598323921e+00
   27450  5.490000000000e+02  3.480722957271e+00
   27500  5.500000000000e+02  3.552588908833e+00
   27550  5.510000000000e+02  3.624072139755e+00
   27600  5.520000000000e+02  3.695000573764e+00
   27650  5.530000000000e+02  3.765181814698e+00
   27700  5.540000000000e+02  3.834435723220e+00
   27750  5.550000000000e+02  3.902625136297e+00
   27800  5.560000000000e+02  3.969677820057e+00
   27850  5.570000000000e+02  4.035594409987e+00
   27900  5.580000000000e+02  4.100440624452e+00
   27950  5.590000000000e+02  4.164326037262e+00
   28000  5.600000000000e+02  4.227373353685e+00
   28050  5.610000000000e+02  4.289685133736e+00
   28100  5.620000000000e+02  4.351314632177e+00
   28150  5.630000000000e+02  4.412247256631e+00
   28200  5.640000000000e+02  4.472396361937e+00
   28250  5.650000000000e+02  4.531614857539e+00
   28300  5.660000000000e+02  4.589719037511e+00
   28350  5.670000000000e+02  4.646519690370e+00
   28400  5.680000000000e+02  4.701854865870e+00
   28450  5.690000000000e+02  4.755616038209e+00
   28500  5.700000000000e+02  4.807763695569e+00
   28550  5.710000000000e+02  4.858329685294e+00
   28600  5.720000000000e+02  4.907404181922e+00
   28650  5.730000000000e+02  4.955112552295e+00
   28700  5.740000000000e+02  5.001585496286e+00
   28750  5.750000000000e+02  5.046928667950e+00
   28800  5.760000000000e+02  5.091198445204e+00
   28850  5.770000000000e+02  5.134387633754e+00
   28900  5.780000000000e+02  5.176424472063e+00
   28950  5.790000000000e+02  5.217184133401e+00
   29000  5.800000000000e+02  5.256510924450e+00
   29050  5.810000000000e+02  5.294245062799e+00
   29100  5.820000000000e+02  5.330249660529e+00
   29150  5.830000000000e+02  5.364431875212e+00
   29200  5.840000000000e+02  5.396754681636e+00
   29250  5.850000000000e+02  5.427237528656e+00
   29300  5.860000000000e+02  5.455946217453e+00
   29350  5.870000000000e+02  5.482975082436e+00
   29400  5.880000000000e+02  5.508425252877e+00
   29450  5.890000000000e+02  5.532383715927e+00
   29500  5.900000000000e+02  5.554907663994e+00
   29550  5.910000000000e+02  5.576015692492e+00
   29600  5.920000000000e+02  5.595688426142e+00
   29650  5.930000000000e+02  5.613875925835e+00
   29700  5.940000000000e+02  5.630510334600e+00
   29750  5.950000000000e+02  5.645519418371e+00
   29800  5.960000000000e+02  5.658838517428e+00
   29850  5.970000000000e+02  5.670417959417e+00
   29900  5.980000000000e+02  5.680226035373e+00
   29950  5.990000000000e+02  5.688246563299e+00
   30000  6.000000000000e+02  5.694474447473e+00
   30050  6.010000000000e+02  5.698910708606e+00
   30100  6.020000000000e+02  5.701558350500e+00
   30150  6.030000000000e+02  5.702421280975e+00
   30200  6.040000000000e+02  5.701505708568e+00
   30250  6.050000000000e+02  5.698823258914e+00
   30300  6.060000000000e+02  5.694394320486e+00
   30350  6.070000000000e+02  5.688249502160e+00
   30400  6.080000000000e+02  5.680428267641e+00
   30450  6.090000000000e+02  5.670974980257e+00
   30500  6.100000000000e+02  5.659931715005e+00
   30550  6.110000000000e+02  5.647330724602e+00
   30600  6.120000000000e+02  5.633187804477e+00
   30650  6.130000000000e+02  5.617498503539e+00
   30700  6.140000000000e+02  5.600239023521e+00
   30750  6.150000000000e+02  5.581371867143e+00
   30800  6.160000000000e+02  5.560854590473e+00
   30850  6.170000000000e+02  5.538649704085e+00
   30900  6.180000000000e+02  5.514734332574e+00
   30950  6.190000000000e+02  5.489105976877e+00
   31000  6.200000000000e+02  5.461784286890e+00
   31050  6.210000000000e+02  5.432806784555e+00
   31100  6.220000000000e+02  5.402221239572e+00
   31150  6.230000000000e+02  5.370075896888e+00
   31200  6.240000000000e+02  5.336410419604e+00
   31250  6.250000000000e+02  5.301250572424e+00
   31300  6.260000000000e+02  5.264606527058e+00
   31350  6.270000000000e+02  5.226476151012e+00
   31400  6.280000000000e+02  5.186851358972e+00
   31450  6.290000000000e+02  5.145726248444e+00
   31500  6.300000000000e+02  5.103104266095e+00
   31550  6.310000000000e+02  5.059002645261e+00
   31600  6.320000000000e+02  5.013452682068e+00
   31650  6.330000000000e+02  4.966496812484e+00
   31700  6.340000000000e+02  4.918182031282e+00
   31750  6.350000000000e+02  4.868553245267e+00
   31800  6.360000000000e+02  4.817647274197e+00
   31850  6.370000000000e+02  4.765489611691e+00
   31900  6.380000000000e+02  4.712095361733e+00
   31950  6.390000000000e+02  4.657472655010e+00
   32000  6.400000000000e+02  4.601628980289e+00
   32050  6.410000000000e+02  4.544577920891e+00
   32100  6.420000000000e+02  4.486344957651e+00
   32150  6.430000000000e+02  4.426970931758e+00
   32200  6.440000000000e+02  4.366511932527e+00
   32250  6.450000000000e+02  4.305035627187e+00
   32300  6.460000000000e+02  4.242614577098e+00
   32350  6.470000000000e+02  4.179317867280e+00
   32400  6.480000000000e+02  4.115203010337e+00
   32450  6.490000000000e+02  4.050309351544e+00
   32500  6.500000000000e+02  3.984654641035e+00
   32550  6.510000000000e+02  3.918235604472e+00
   32600  6.520000000000e+02  3.851032817177e+00
   32650  6.530000000000e+02  3.783019096650e+00
   32700  6.540000000000e+02  3.714169622544e+00
   32750  6.550000000000e+02  3.644472698124e+00
   32800  6.560000000000e+02  3.573939349485e+00
   32850  6.570000000000e+02  3.502609602639e+00
   32900  6.580000000000e+02  3.430553679949e+00
   32950  6.590000000000e+02  3.357868313157e+00
   33000  6.600000000000e+02  3.284667999117e+00
   33050  6.610000000000e+02  3.211072873967e+00
   33100  6.620000000000e+02  3.137195529581e+00
   33150  6.630000000000e+02  3.063130042725e+00
   33200  6.640000000000e+02  2.988944395503e+00
   33250  6.650000000000e+02  2.914679024738e+00
   33300  6.660000000000e+02  2.840350547512e+00
   33350  6.670000000000e+02  2.765961184243e+00
   33400  6.680000000000e+02  2.691510376498e+00
   33450  6.690000000000e+02  2.617006344371e+00
   33500  6.700000000000e+02  2.542474988380e+00
   33550  6.710000000000e+02  2.467963743056e+00
   33600  6.720000000000e+02  2.393539727926e+00
   33650  6.730000000000e+02  2.319283075669e+00
   33700  6.740000000000e+02  2.245277730414e+00
   33750  6.750000000000e+02  2.171601677695e+00
   33800  6.760000000000e+02  2.098319745790e+00
   33850  6.770000000000e+02  2.025481252418e+00
   33900  6.780000000000e+02  1.953121917681e+00
   33950  6.790000000000e+02  1.881269813978e+00
   34000  6.800000000000e+02  1.809952905912e+00
   34050  6.810000000000e+02  1.739206315074e+00
   34100  6.820000000000e+02  1.669077119954e+00
   34150  6.830000000000e+02  1.599625364871e+00
   34200  6.840000000000e+02  1.530921828570e+00
   34250  6.850000000000e+02  1.463042878746e+00
   34300  6.860000000000e+02  1.396065186545e+00
   34350  6.870000000000e+02  1.330060932524e+00
   34400  6.880000000000e+02  1.265095763608e+00
   34450  6.890000000000e+02  1.201229136653e+00
   34500  6.900000000000e+02  1.138516852453e+00
   34550  6.910000000000e+02  1.077014379541e+00
   34600  6.920000000000e+02  1.016779517331e+00
   34650  6.930000000000e+02  9.578739495640e-01
   34700  6.940000000000e+02  9.003623233081e-01
   34750  6.950000000000e+02  8.443097753524e-01
   34800  6.960000000000e+02  7.897782706307e-01
   34850  6.970000000000e+02  7.368237044308e-01
   34900  6.980000000000e+02  6.854936879202e-01
   34950  6.990000000000e+02  6.358273143462e-01
   35000  7.000000000000e+02  5.878565448890e-01
   35050  7.010000000000e+02  5.416084675415e-01
   35100  7.020000000000e+02  4.971080933577e-01
   35150  7.030000000000e+02  4.543805883255e-01
   35200  7.040000000000e+02  4.134526831149e-01
   35250  7.050000000000e+02  3.743528167535e-01
   35300  7.060000000000e+02  3.371101588232e-01
   35350  7.070000000000e+02  3.017532083102e-01
   35400  7.080000000000e+02  2.683084853709e-01
   35450  7.090000000000e+02  2.367997485382e-01
   35500  7.100000000000e+02  2.072479275817e-01
   35550  7.110000000000e+02  1.796717874027e-01
   35600  7.120000000000e+02  1.540888971025e-01
   35650  7.130000000000e+02  1.305163194316e-01
   35700  7.140000000000e+02  1.089709512579e-01
   35750  7.150000000000e+02  8.946902956650e-02
   35800  7.160000000000e+02  7.202503552291e-02
   35850  7.170000000000e+02  5.665031962482e-02
   35900  7.180000000000e+02  4.335183715526e-02
   35950  7.190000000000e+02  3.213143340514e-02
   36000  7.200000000000e+02  2.298583122252e-02
   36050  7.210000000000e+02  1.590722133966e-02
   36100  7.220000000000e+02  1.088422605276e-02
   36150  7.230000000000e+02  7.902813255105e-03
   36200  7.240000000000e+02  6.946722519513e-03
   36250  7.250000000000e+02  7.997316757115e-03
   36300  7.260000000000e+02  1.103287685692e-02
   36350  7.270000000000e+02  1.602766061426e-02
   36400  7.280000000000e+02  2.295115745893e-02
   36450  7.290000000000e+02  3.176791720651e-02
   36500  7.300000000000e+02  4.243821628949e-02
   36550  7.310000000000e+02  5.491955213682e-02
   36600  7.320000000000e+02  6.916858667794e-02
   36650  7.330000000000e+02  8.514303650983e-02
   36700  7.340000000000e+02  1.028027902674e-01
   36750  7.350000000000e+02  1.221097045769e-01
   36800  7.360000000000e+02  1.430262125930e-01
   36850  7.370000000000e+02  1.655130404057e-01
   36900  7.380000000000e+02  1.895268382501e-01
   36950  7.390000000000e+02  2.150189425755e-01
   37000  7.400000000000e+02  2.419357266037e-01
   37050  7.410000000000e+02  2.702205764466e-01
   37100  7.420000000000e+02  2.998169128122e-01
   37150  7.430000000000e+02  3.306709361221e-01
   37200  7.440000000000e+02  3.627329215271e-01
   37250  7.450000000000e+02  3.959563859616e-01
   37300  7.460000000000e+02  4.302955369176e-01
   37350  7.470000000000e+02  4.657021102598e-01
   37400  7.480000000000e+02  5.021231444921e-01
   37450  7.490000000000e+02  5.395007649736e-01
   37500  7.500000000000e+02  5.777741528573e-01
   37550  7.510000000000e+02  6.168828100401e-01
   37600  7.520000000000e+02  6.567694048645e-01
   37650  7.530000000000e+02  6.973806724229e-01
   37700  7.540000000000e+02  7.386657995809e-01
   37750  7.550000000000e+02  7.805730868884e-01
   37800  7.560000000000e+02  8.230464113035e-01
   37850  7.570000000000e+02  8.660231104622e-01
   37900  7.580000000000e+02  9.094353649950e-01
   37950  7.590000000000e+02  9.532141529450e-01
   38000  7.600000000000e+02  9.972954366395e-01
   38050  7.610000000000e+02  1.041625469581e+00
   38100  7.620000000000e+02  1.086163070381e+00
   38150  7.630000000000e+02  1.130877975367e+00
   38200  7.640000000000e+02  1.175745028372e+00
   38250  7.650000000000e+02  1.220736878325e+00
   38300  7.660000000000e+02  1.265817274652e+00
   38350  7.670000000000e+02  1.310936476329e+00
   38400  7.680000000000e+02  1.356030347356e+00
   38450  7.690000000000e+02  1.401023245401e+00
   38500  7.700000000000e+02  1.445833912370e+00
   38550  7.710000000000e+02  1.490383917589e+00
   38600  7.720000000000e+02  1.534607511760e+00
   38650  7.730000000000e+02  1.578460153758e+00
   38700  7.740000000000e+02  1.621925189003e+00
   38750  7.750000000000e+02  1.665014422153e+00
   38800  7.760000000000e+02  1.707761531615e+00
   38850  7.770000000000e+02  1.750209265369e+00
   38900  7.780000000000e+02  1.792391441675e+00
   38950  7.790000000000e+02  1.834315610566e+00
   39000  7.800000000000e+02  1.875951049549e+00
   39050  7.810000000000e+02  1.917226614952e+00
   39100  7.820000000000e+02  1.958038944440e+00
   39150  7.830000000000e+02  1.998268562577e+00
   39200  7.840000000000e+02  2.037798798405e+00
   39250  7.850000000000e+02  2.076531662908e+00
   39300  7.860000000000e+02  2.114397473021e+00
   39350  7.870000000000e+02  2.151357746164e+00
   39400  7.880000000000e+02  2.187402152975e+00
   39450  7.890000000000e+02  2.222542406618e+00
   39500  7.900000000000e+02  2.256804513991e+00
   39550  7.910000000000e+02  2.290220740664e+00
   39600  7.920000000000e+02  2.322822558279e+00
   39650  7.930000000000e+02  2.354634916254e+00
   39700  7.940000000000e+02  2.385671335612e+00
   39750  7.950000000000e+02  2.415931918743e+00
   39800  7.960000000000e+02  2.445403987752e+00
   39850  7.970000000000e+02  2.474064428226e+00
   39900  7.980000000000e+02  2.501883838676e+00
   39950  7.990000000000e+02  2.528829993086e+00
   40000  8.000000000000e+02  2.554870256759e+00
   40050  8.010000000000e+02  2.579971707738e+00
   40100  8.020000000000e+02  2.604099976275e+00
   40150  8.030000000000e+02  2.627218200187e+00
   40200  8.040000000000e+02  2.649287928783e+00
   40250  8.050000000000e+02  2.670272394193e+00
   40300  8.060000000000e+02  2.690142000612e+00
   40350  8.070000000000e+02  2.708879354850e+00
   40400  8.080000000000e+02  2.726481540555e+00
   40450  8.090000000000e+02  2.742958838276e+00
   40500  8.100000000000e+02  2.758332241555e+00
   40550  8.110000000000e+02  2.772630751102e+00
   40600  8.120000000000e+02  2.785889903996e+00
   40650  8.130000000000e+02  2.798150300599e+00
   40700  8.140000000000e+02  2.809454628990e+00
   40750  8.150000000000e+02  2.819841387197e+00
   40800  8.160000000000e+02  2.829336142151e+00
   40850  8.170000000000e+02  2.837942651065e+00
   40900  8.180000000000e+02  2.845637724864e+00
   40950  8.190000000000e+02  2.852371776447e+00
   41000  8.200000000000e+02  2.858076049606e+00
   41050  8.210000000000e+02  2.862674687613e+00
   41100  8.220000000000e+02  2.866099108081e+00
   41150  8.230000000000e+02  2.868301179373e+00
   41200  8.240000000000e+02  2.869262879712e+00
   41250  8.250000000000e+02  2.869001190528e+00
   41300  8.260000000000e+02  2.867566367027e+00
   41350  8.270000000000e+02  2.865034817213e+00
   41400  8.280000000000e+02  2.861495858014e+00
   41450  8.290000000000e+02  2.857035387289e+00
   41500  8.300000000000e+02  2.851719525388e+00
   41550  8.310000000000e+02  2.845581981276e+00
   41600  8.320000000000e+02  2.838620185926e+00
   41650  8.330000000000e+02  2.830801754246e+00
   41700  8.340000000000e+02  2.822079150287e+00
   41750  8.350000000000e+02  2.812407190724e+00
   41800  8.360000000000e+02  2.801757000793e+00
   41850  8.370000000000e+02  2.790121574513e+00
   41900  8.380000000000e+02  2.777512165596e+00
   41950  8.390000000000e+02  2.763950944979e+00
   42000  8.400000000000e+02  2.749464904031e+00
   42050  8.410000000000e+02  2.734084140821e+00
   42100  8.420000000000e+02  2.717844656746e+00
   42150  8.430000000000e+02  2.700790542521e+00
   42200  8.440000000000e+02  2.682971064531e+00
   42250  8.450000000000e+02  2.664431200697e+00
   42300  8.460000000000e+02  2.645198901860e+00
   42350  8.470000000000e+02  2.625275820163e+00
   42400  8.480000000000e+02  2.604637273009e+00
   42450  8.490000000000e+02  2.583242526344e+00
   42500  8.500000000000e+02  2.561051605762e+00
   42550  8.510000000000e+02  2.538042825021e+00
   42600  8.520000000000e+02  2.514223433925e+00
   42650  8.530000000000e+02  2.489629938553e+00
   42700  8.540000000000e+02  2.464320138352e+00
   42750  8.550000000000e+02  2.438360468837e+00
   42800  8.560000000000e+02  2.411814983256e+00
   42850  8.570000000000e+02  2.384739533994e+00
   42900  8.580000000000e+02  2.357180511072e+00
   42950  8.590000000000e+02  2.329176229687e+00
   43000  8.600000000000e+02  2.300756429338e+00
   43050  8.610000000000e+02  2.271939050242e+00
   43100  8.620000000000e+02  2.242726248661e+00
   43150  8.630000000000e+02  2.213103439193e+00
   43200  8.640000000000e+02  2.183044092045e+00
   43250  8.650000000000e+02  2.152520397202e+00
   43300  8.660000000000e+02  2.121516812280e+00
   43350  8.670000000000e+02  2.090039831686e+00
   43400  8.680000000000e+02  2.058119282380e+00
   43450  8.690000000000e+02  2.025801043669e+00
   43500  8.700000000000e+02  1.993134518644e+00
   43550  8.710000000000e+02  1.960160986809e+00
   43600  8.720000000000e+02  1.926908008699e+00
   43650  8.730000000000e+02  1.893390884293e+00
   43700  8.740000000000e+02  1.859620860221e+00
   43750  8.750000000000e+02  1.825614489882e+00
   43800  8.760000000000e+02  1.791400726417e+00
   43850  8.770000000000e+02  1.757023548098e+00
   43900  8.780000000000e+02  1.722539038566e+00
   43950  8.790000000000e+02  1.688008598842e+00
   44000  8.800000000000e+02  1.653491511978e+00
   44050  8.810000000000e+02  1.619038648638e+00
   44100  8.820000000000e+02  1.584688774143e+00
   44150  8.830000000000e+02  1.550468007446e+00
   44200  8.840000000000e+02  1.516391138657e+00
   44250  8.850000000000e+02  1.482463150919e+00
   44300  8.860000000000e+02  1.448680591992e+00
   44350  8.870000000000e+02  1.415031617983e+00
   44400  8.880000000000e+02  1.381496642366e+00
   44450  8.890000000000e+02  1.348050459432e+00
   44500  8.900000000000e+02  1.314665940194e+00
   44550  8.910000000000e+02  1.281319791694e+00
   44600  8.920000000000e+02  1.247998939248e+00
   44650  8.930000000000e+02  1.214705053395e+00
   44700  8.940000000000e+02  1.181456209849e+00
   44750  8.950000000000e+02  1.148285779936e+00
   44800  8.960000000000e+02  1.115238620867e+00
   44850  8.970000000000e+02  1.082365764952e+00
   44900  8.980000000000e+02  1.049718749189e+00
   44950  8.990000000000e+02  1.017345354805e+00
   45000  9.000000000000e+02  9.852880051629e-01
   45050  9.010000000000e+02  9.535852822141e-01
   45100  9.020000000000e+02  9.222744310321e-01
   45150  9.030000000000e+02  8.913939709072e-01
   45200  9.040000000000e+02  8.609843285137e-01
   45250  9.050000000000e+02  8.310851326571e-01
   45300  9.060000000000e+02  8.017302784531e-01
   45350  9.070000000000e+02  7.729425142526e-01
   45400  9.080000000000e+02  7.447291370524e-01
   45450  9.090000000000e+02  7.170816186907e-01
   45500  9.100000000000e+02  6.899793726107e-01
   45550  9.110000000000e+02  6.633966025185e-01
   45600  9.120000000000e+02  6.373096975267e-01
   45650  9.130000000000e+02  6.117029386060e-01
   45700  9.140000000000e+02  5.865714622762e-01
   45750  9.150000000000e+02  5.619211717398e-01
   45800  9.160000000000e+02  5.377658263650e-01
   45850  9.170000000000e+02  5.141226575981e-01
   45900  9.180000000000e+02  4.910074423401e-01
   45950  9.190000000000e+02  4.684305877542e-01
   46000  9.200000000000e+02  4.463952709479e-01
   46050  9.210000000000e+02  4.248981479255e-01
   46100  9.220000000000e+02  4.039320812440e-01
   46150  9.230000000000e+02  3.834894899588e-01
   46200  9.240000000000e+02  3.635655179524e-01
   46250  9.250000000000e+02  3.441603409863e-01
   46300  9.260000000000e+02  3.252803964934e-01
   46350  9.270000000000e+02  3.069382990551e-01
   46400  9.280000000000e+02  2.891514709554e-01
   46450  9.290000000000e+02  2.719397043233e-01
   46500  9.300000000000e+02  2.553218801391e-01
   46550  9.310000000000e+02  2.393124239463e-01
   46600  9.320000000000e+02  2.239188716535e-01
   46650  9.330000000000e+02  2.091408899517e-01
   46700  9.340000000000e+02  1.949709086801e-01
   46750  9.350000000000e+02  1.813961161201e-01
   46800  9.360000000000e+02  1.684012847286e-01
   46850  9.370000000000e+02  1.559714937314e-01
   46900  9.380000000000e+02  1.440941140829e-01
   46950  9.390000000000e+02  1.327595740978e-01
   47000  9.400000000000e+02  1.219610688578e-01
   47050  9.410000000000e+02  1.116934278129e-01
   47100  9.420000000000e+02  1.019515097938e-01
   47150  9.430000000000e+02  9.272875535759e-02
   47200  9.440000000000e+02  8.401666889570e-02
   47250  9.450000000000e+02  7.580532043482e-02
   47300  9.460000000000e+02  6.808459382421e-02
   47350  9.470000000000e+02  6.084570213215e-02
   47400  9.480000000000e+02  5.408192242939e-02
   47450  9.490000000000e+02  4.778826670515e-02
   47500  9.500000000000e+02  4.196007204507e-02
   47550  9.510000000000e+02  3.659132866316e-02
   47600  9.520000000000e+02  3.167349395242e-02
   47650  9.530000000000e+02  2.719526959746e-02
   47700  9.540000000000e+02  2.314331706152e-02
   47750  9.550000000000e+02  1.950348245555e-02
   47800  9.560000000000e+02  1.626192181189e-02
   47850  9.570000000000e+02  1.340562184427e-02
   47900  9.580000000000e+02  1.092232804754e-02
   47950  9.590000000000e+02  8.800093320090e-03
   48000  9.600000000000e+02  7.026745275863e-03
   48050  9.610000000000e+02  5.589616931388e-03
   48100  9.620000000000e+02  4.475654078243e-03
   48150  9.630000000000e+02  3.671803365201e-03
   48200  9.640000000000e+02  3.165441966452e-03
   48250  9.650000000000e+02  2.944655329992e-03
   48300  9.660000000000e+02  2.998223102107e-03
   48350  9.670000000000e+02  3.315391370059e-03
   48400  9.680000000000e+02  3.885576675827e-03
   48450  9.690000000000e+02  4.698148499680e-03
   48500  9.700000000000e+02  5.742284129602e-03
   48550  9.710000000000e+02  7.006838113410e-03
   48600  9.720000000000e+02  8.480180627027e-03
   48650  9.730000000000e+02  1.015008971647e-02
   48700  9.740000000000e+02  1.200381603043e-02
   48750  9.750000000000e+02  1.402841722205e-02
   48800  9.760000000000e+02  1.621122852778e-02
   48850  9.770000000000e+02  1.854019484930e-02
   48900  9.780000000000e+02  2.100392185626e-02
   48950  9.790000000000e+02  2.359140225572e-02
   49000  9.800000000000e+02  2.629161081112e-02
   49050  9.810000000000e+02  2.909326167101e-02
   49100  9.820000000000e+02  3.198480080813e-02
   49150  9.830000000000e+02  3.495481053347e-02
   49200  9.840000000000e+02  3.799251234161e-02
   49250  9.850000000000e+02  4.108806867566e-02
   49300  9.860000000000e+02  4.423256818657e-02
   49350  9.870000000000e+02  4.741767507649e-02
   49400  9.880000000000e+02  5.063501143485e-02
   49450  9.890000000000e+02  5.387566401670e-02
   49500  9.900000000000e+02  5.713017364564e-02
   49550  9.910000000000e+02  6.038910996585e-02
   49600  9.920000000000e+02  6.364395357444e-02
   49650  9.930000000000e+02  6.688789409491e-02
   49700  9.940000000000e+02  7.011615936379e-02
   49750  9.950000000000e+02  7.332568064001e-02
   49800  9.960000000000e+02  7.651420106738e-02
   49850  9.970000000000e+02  7.967920630883e-02
   49900  9.980000000000e+02  8.281721716541e-02
   49950  9.990000000000e+02  8.592365489131e-02
   50000  1.000000000000e+03  8.899309624384e-02
   50050  1.001000000000e+03  9.202006946069e-02
   50100  1.002000000000e+03  9.499975542118e-02
   50150  1.003000000000e+03  9.792836754573e-02
   50200  1.004000000000e+03  1.008030202285e-01
   50250  1.005000000000e+03  1.036210952092e-01
   50300  1.006000000000e+03  1.063793461879e-01
   50350  1.007000000000e+03  1.090730667229e-01
   50400  1.008000000000e+03  1.116956059054e-01
   50450  1.009000000000e+03  1.142381747656e-01
   50500  1.010000000000e+03  1.166902663561e-01
   50550  1.011000000000e+03  1.190402594045e-01
   50600  1.012000000000e+03  1.212763430577e-01
   50650  1.013000000000e+03  1.233877590998e-01
   50700  1.014000000000e+03  1.253661032787e-01
   50750  1.015000000000e+03  1.272065303404e-01
   50800  1.016000000000e+03  1.289085615761e-01
   50850  1.017000000000e+03  1.304761220702e-01
   50900  1.018000000000e+03  1.319163996498e-01
   50950  1.019000000000e+03  1.332376595251e-01
   51000  1.020000000000e+03  1.344468203607e-01
   51050  1.021000000000e+03  1.355473001526e-01
   51100  1.022000000000e+03  1.365381831053e-01
   51150  1.023000000000e+03  1.374150570604e-01
   51200  1.024000000000e+03  1.381725125684e-01
   51250  1.025000000000e+03  1.388073864442e-01
   51300  1.026000000000e+03  1.393212363597e-01
   51350  1.027000000000e+03  1.397211343257e-01
   51400  1.028000000000e+03  1.400185436649e-01
   51450  1.029000000000e+03  1.402266629868e-01
   51500  1.030000000000e+03  1.403573800013e-01
   51550  1.031000000000e+03  1.404191245695e-01
   51600  1.032000000000e+03  1.404162913660e-01
   51650  1.033000000000e+03  1.403498087084e-01
   51700  1.034000000000e+03  1.402183234536e-01
   51750  1.035000000000e+03  1.400191291197e-01
   51800  1.036000000000e+03  1.397487632790e-01
   51850  1.037000000000e+03  1.394032258102e-01
   51900  1.038000000000e+03  1.389783837304e-01
   51950  1.039000000000e+03  1.384707305919e-01
   52000  1.040000000000e+03  1.378780966511e-01
   52050  1.041000000000e+03  1.371998051528e-01
   52100  1.042000000000e+03  1.364364501508e-01
   52150  1.043000000000e+03  1.355894533708e-01
   52200  1.044000000000e+03  1.346604733943e-01
   52250  1.045000000000e+03  1.336508683239e-01
   52300  1.046000000000e+03  1.325614913925e-01
   52350  1.047000000000e+03  1.313925908122e-01
   52400  1.048000000000e+03  1.301437859784e-01
   52450  1.049000000000e+03  1.288141446057e-01
   52500  1.050000000000e+03  1.274025016882e-01
   52550  1.051000000000e+03  1.259079282360e-01
   52600  1.052000000000e+03  1.243302451733e-01
   52650  1.053000000000e+03  1.226703067207e-01
   52700  1.054000000000e+03  1.209301856983e-01
   52750  1.055000000000e+03  1.191130950818e-01
   52800  1.056000000000e+03  1.172232730547e-01
   52850  1.057000000000e+03  1.152663188489e-01
   52900  1.058000000000e+03  1.132496216564e-01
   52950  1.059000000000e+03  1.111826461756e-01
   53000  1.060000000000e+03  1.090770162438e-01
   53050  1.061000000000e+03  1.069459850056e-01
   53100  1.062000000000e+03  1.048031850829e-01
   53150  1.063000000000e+03  1.026605579773e-01
   53200  1.064000000000e+03  1.005262788055e-01
   53250  1.065000000000e+03  9.840350384584e-02
   53300  1.066000000000e+03  9.629067892264e-02
   53350  1.067000000000e+03  9.418344509876e-02
   53400  1.068000000000e+03  9.207771811944e-02
   53450  1.069000000000e+03  8.997272560090e-02
   53500  1.070000000000e+03  8.787245747094e-02
   53550  1.071000000000e+03  8.578499266824e-02
   53600  1.072000000000e+03  8.372002327180e-02
   53650  1.073000000000e+03  8.168570289753e-02
   53700  1.074000000000e+03  7.968600646514e-02
   53750  1.075000000000e+03  7.771990517245e-02
   53800  1.076000000000e+03  7.578241552476e-02
   53850  1.077000000000e+03  7.386677851437e-02
   53900  1.078000000000e+03  7.196660832088e-02
   53950  1.079000000000e+03  7.007730644328e-02
   54000  1.080000000000e+03  6.819652482259e-02
   54050  1.081000000000e+03  6.632385205183e-02
   54100  1.082000000000e+03  6.446010981480e-02
   54150  1.083000000000e+03  6.260676859078e-02
   54200  1.084000000000e+03  6.076585363392e-02
   54250  1.085000000000e+03  5.893984434688e-02
   54300  1.086000000000e+03  5.713152485235e-02
   54350  1.087000000000e+03  5.534369587922e-02
   54400  1.088000000000e+03  5.357854121122e-02
   54450  1.089000000000e+03  5.183701096555e-02
   54500  1.090000000000e+03  5.011858196431e-02
   54550  1.091000000000e+03  4.842164784586e-02
   54600  1.092000000000e+03  4.674451893704e-02
   54650  1.093000000000e+03  4.508655602375e-02
   54700  1.094000000000e+03  4.344904847440e-02
   54750  1.095000000000e+03  4.183541372411e-02
   54800  1.096000000000e+03  4.025052652897e-02
   54850  1.097000000000e+03  3.869942583008e-02
   54900  1.098000000000e+03  3.718608201381e-02
   54950  1.099000000000e+03  3.571263129264e-02
   55000  1.100000000000e+03  3.427924405129e-02
   55050  1.101000000000e+03  3.288470333119e-02
   55100  1.102000000000e+03  3.152742529613e-02
   55150  1.103000000000e+03  3.020639602698e-02
   55200  1.104000000000e+03  2.892164163333e-02
   55250  1.105000000000e+03  2.767413492593e-02
   55300  1.106000000000e+03  2.646515697490e-02
   55350  1.107000000000e+03  2.529546143447e-02
   55400  1.108000000000e+03  2.416460442463e-02
   55450  1.109000000000e+03  2.307083655277e-02
   55500  1.110000000000e+03  2.201163313287e-02
   55550  1.111000000000e+03  2.098451984707e-02
   55600  1.112000000000e+03  1.998782277192e-02
   55650  1.113000000000e+03  1.902111814721e-02
   55700  1.114000000000e+03  1.808524431706e-02
   55750  1.115000000000e+03  1.718192168551e-02
   55800  1.116000000000e+03  1.631327007524e-02
   55850  1.117000000000e+03  1.548141462815e-02
   55900  1.118000000000e+03  1.468812435731e-02
   55950  1.119000000000e+03  1.393447842726e-02
   56000  1.120000000000e+03  1.322056277129e-02
   56050  1.121000000000e+03  1.254539322470e-02
   56100  1.122000000000e+03  1.190703631994e-02
   56150  1.123000000000e+03  1.130297125006e-02
   56200  1.124000000000e+03  1.073063122535e-02
   56250  1.125000000000e+03  1.018798104274e-02
   56300  1.126000000000e+03  9.673841581503e-03
   56350  1.127000000000e+03  9.187867775400e-03
   56400  1.128000000000e+03  8.730317589679e-03
   56450  1.129000000000e+03  8.301691176526e-03
   56500  1.130000000000e+03  7.902265940342e-03
   56550  1.131000000000e+03  7.531666135510e-03
   56600  1.132000000000e+03  7.188601117459e-03
   56650  1.133000000000e+03  6.870840059940e-03
   56700  1.134000000000e+03  6.575447456937e-03
   56750  1.135000000000e+03  6.299232426295e-03
   56800  1.136000000000e+03  6.039231097472e-03
   56850  1.137000000000e+03  5.793006516233e-03
   56900  1.138000000000e+03  5.558699441245e-03
   56950  1.139000000000e+03  5.334969587188e-03
   57000  1.140000000000e+03  5.120922893554e-03
   57050  1.141000000000e+03  4.916033321373e-03
   57100  1.142000000000e+03  4.720087136576e-03
   57150  1.143000000000e+03  4.533123253110e-03
   57200  1.144000000000e+03  4.355309904594e-03
   57250  1.145000000000e+03  4.186792944871e-03
   57300  1.146000000000e+03  4.027606109128e-03
   57350  1.147000000000e+03  3.877652725183e-03
   57400  1.148000000000e+03  3.736718168191e-03
   57450  1.149000000000e+03  3.604500050244e-03
   57500  1.150000000000e+03  3.480663598386e-03
   57550  1.151000000000e+03  3.364894066100e-03
   57600  1.152000000000e+03  3.256928641542e-03
   57650  1.153000000000e+03  3.156554321527e-03
   57700  1.154000000000e+03  3.063610848848e-03
   57750  1.155000000000e+03  2.977971128441e-03
   57800  1.156000000000e+03  2.899510052836e-03
   57850  1.157000000000e+03  2.828102100766e-03
   57900  1.158000000000e+03  2.763650146911e-03
   57950  1.159000000000e+03  2.706100601918e-03
   58000  1.160000000000e+03  2.655420319317e-03
   58050  1.161000000000e+03  2.611539232797e-03
   58100  1.162000000000e+03  2.574279958170e-03
   58150  1.163000000000e+03  2.543293692080e-03
   58200  1.164000000000e+03  2.518036256780e-03
   58250  1.165000000000e+03  2.497796747415e-03
   58300  1.166000000000e+03  2.481766769906e-03
   58350  1.167000000000e+03  2.469121778528e-03
   58400  1.168000000000e+03  2.459100215625e-03
   58450  1.169000000000e+03  2.451072686860e-03
   58500  1.170000000000e+03  2.444575812384e-03
   58550  1.171000000000e+03  2.439302250835e-03
   58600  1.172000000000e+03  2.435060986156e-03
   58650  1.173000000000e+03  2.431724924460e-03
   58700  1.174000000000e+03  2.429178081997e-03
   58750  1.175000000000e+03  2.427280405788e-03
   58800  1.176000000000e+03  2.425864498495e-03
   58850  1.177000000000e+03  2.424754726941e-03
   58900  1.178000000000e+03  2.423793532038e-03
   58950  1.179000000000e+03  2.422862026759e-03
   59000  1.180000000000e+03  2.421892406980e-03
   59050  1.181000000000e+03  2.420868448652e-03
   59100  1.182000000000e+03  2.419814667093e-03
   59150  1.183000000000e+03  2.418779995585e-03
   59200  1.184000000000e+03  2.417820433618e-03
   59250  1.185000000000e+03  2.416982900396e-03
   59300  1.186000000000e+03  2.416293520282e-03
   59350  1.187000000000e+03  2.415753996377e-03
   59400  1.188000000000e+03  2.415346085256e-03
   59450  1.189000000000e+03  2.415041219010e-03
   59500  1.190000000000e+03  2.414811103428e-03
   59550  1.191000000000e+03  2.414634544549e-03
   59600  1.192000000000e+03  2.414497485066e-03
   59650  1.193000000000e+03  2.414388453134e-03
   59700  1.194000000000e+03  2.414295015217e-03
   59750  1.195000000000e+03  2.414204500145e-03
   59800  1.196000000000e+03  2.414107971848e-03
   59850  1.197000000000e+03  2.414004691836e-03
   59900  1.198000000000e+03  2.413904494741e-03
   59950  1.199000000000e+03  2.413826375806e-03
   60000  1.200000000000e+03  2.413792698269e-03
   60050  1.201000000000e+03  2.413820981430e-03
   60100  1.202000000000e+03  2.413916501186e-03
   60150  1.203000000000e+03  2.414068002941e-03
   60200  1.204000000000e+03  2.414249319899e-03
   60250  1.205000000000e+03  2.414424999322e-03
   60300  1.206000000000e+03  2.414558357624e-03
   60350  1.207000000000e+03  2.414620070764e-03
   60400  1.208000000000e+03  2.414595055231e-03
   60450  1.209000000000e+03  2.414485560623e-03
   60500  1.210000000000e+03  2.414309635014e-03
   60550  1.211000000000e+03  2.414096356461e-03
   60600  1.212000000000e+03  2.413879983982e-03
   60650  1.213000000000e+03  2.413693708040e-03
   60700  1.214000000000e+03  2.413563831082e-03
   60750  1.215000000000e+03  2.413505129297e-03
   60800  1.216000000000e+03  2.413518526840e-03
   60850  1.217000000000e+03  2.413591950831e-03
   60900  1.218000000000e+03  2.413704342749e-03
   60950  1.219000000000e+03  2.413831324785e-03
   61000  1.220000000000e+03  2.413950819824e-03
   61050  1.221000000000e+03  2.414046949232e-03
   61100  1.222000000000e+03  2.414110884199e-03
   61150  1.223000000000e+03  2.414139106847e-03
   61200  1.224000000000e+03  2.414131341307e-03
   61250  1.225000000000e+03  2.414090401464e-03
   61300  1.226000000000e+03  2.414023050610e-03
   61350  1.227000000000e+03  2.413939858085e-03
   61400  1.228000000000e+03  2.413853062074e-03
   61450  1.229000000000e+03  2.413773479261e-03
   61500  1.230000000000e+03  2.413708020756e-03
   61550  1.231000000000e+03  2.413659110124e-03
   61600  1.232000000000e+03  2.413625797791e-03
   61650  1.233000000000e+03  2.413605499406e-03
   61700  1.234000000000e+03  2.413595753216e-03
   61750  1.235000000000e+03  2.413595644688e-03
   61800  1.236000000000e+03  2.413606192848e-03
   61850  1.237000000000e+03  2.413629117094e-03
   61900  1.238000000000e+03  2.413664604513e-03
   61950  1.239000000000e+03  2.413709243406e-03
   62000  1.240000000000e+03  2.413755675284e-03
   62050  1.241000000000e+03  2.413794382737e-03
   62100  1.242000000000e+03  2.413816645342e-03
   62150  1.243000000000e+03  2.413816810134e-03
   62200  1.244000000000e+03  2.413793283973e-03
   62250  1.245000000000e+03  2.413748503248e-03
   62300  1.246000000000e+03  2.413688431425e-03
   62350  1.247000000000e+03  2.413621545282e-03
   62400  1.248000000000e+03  2.413557329341e-03
   62450  1.249000000000e+03  2.413504165381e-03
