################################################################################
# HEADER
# nspin         1
#%
# nik       217
#  st         1      26
# ust         1      26
# Iter             t            #  iter t Nex(t)  
################################################################################
       0  0.000000000000e+00 -2.560451850542e-15
      50  1.000000000000e+00  1.160773491216e-10
     100  2.000000000000e+00  1.855627734804e-10
     150  3.000000000000e+00  2.137530152879e-10
     200  4.000000000000e+00  1.755427608829e-10
     250  5.000000000000e+00  1.161632734448e-10
     300  6.000000000000e+00  1.569756408193e-10
     350  7.000000000000e+00  2.822702904748e-10
     400  8.000000000000e+00  5.448356626969e-10
     450  9.000000000000e+00  9.475208950782e-10
     500  1.000000000000e+01  1.655385856170e-09
     550  1.100000000000e+01  2.856625089254e-09
     600  1.200000000000e+01  4.842102614699e-09
     650  1.300000000000e+01  7.928661997780e-09
     700  1.400000000000e+01  1.249191194236e-08
     750  1.500000000000e+01  1.902249430891e-08
     800  1.600000000000e+01  2.815728207539e-08
     850  1.700000000000e+01  4.066756163768e-08
     900  1.800000000000e+01  5.750171478552e-08
     950  1.900000000000e+01  7.981345256231e-08
    1000  2.000000000000e+01  1.088392874715e-07
    1050  2.100000000000e+01  1.460201387721e-07
    1100  2.200000000000e+01  1.931628246243e-07
    1150  2.300000000000e+01  2.522558893436e-07
    1200  2.400000000000e+01  3.255420991388e-07
    1250  2.500000000000e+01  4.156725426155e-07
    1300  2.600000000000e+01  5.253966754160e-07
    1350  2.700000000000e+01  6.578499617688e-07
    1400  2.800000000000e+01  8.166391574360e-07
    1450  2.900000000000e+01  1.005763617321e-06
    1500  3.000000000000e+01  1.229684720772e-06
    1550  3.100000000000e+01  1.493175789589e-06
    1600  3.200000000000e+01  1.801487677290e-06
    1650  3.300000000000e+01  2.160379082426e-06
    1700  3.400000000000e+01  2.575851823797e-06
    1750  3.500000000000e+01  3.054715037275e-06
    1800  3.600000000000e+01  3.604327555161e-06
    1850  3.700000000000e+01  4.232322202029e-06
    1900  3.800000000000e+01  4.946838835493e-06
    1950  3.900000000000e+01  5.756780591830e-06
    2000  4.000000000000e+01  6.671566651316e-06
    2050  4.100000000000e+01  7.701191239738e-06
    2100  4.200000000000e+01  8.856060531075e-06
    2150  4.300000000000e+01  1.014811755241e-05
    2200  4.400000000000e+01  1.158938355458e-05
    2250  4.500000000000e+01  1.319234588518e-05
    2300  4.600000000000e+01  1.497020598866e-05
    2350  4.700000000000e+01  1.693677753201e-05
    2400  4.800000000000e+01  1.910701016674e-05
    2450  4.900000000000e+01  2.149658662692e-05
    2500  5.000000000000e+01  2.412131669365e-05
    2550  5.100000000000e+01  2.699759769671e-05
    2600  5.200000000000e+01  3.014296165983e-05
    2650  5.300000000000e+01  3.357490514210e-05
    2700  5.400000000000e+01  3.731307428149e-05
    2750  5.500000000000e+01  4.137649505919e-05
    2800  5.600000000000e+01  4.578473019885e-05
    2850  5.700000000000e+01  5.055893970379e-05
    2900  5.800000000000e+01  5.571908632952e-05
    2950  5.900000000000e+01  6.128785847367e-05
    3000  6.000000000000e+01  6.728771244419e-05
    3050  6.100000000000e+01  7.374138260415e-05
    3100  6.200000000000e+01  8.067252382257e-05
    3150  6.300000000000e+01  8.810499798818e-05
    3200  6.400000000000e+01  9.606263164171e-05
    3250  6.500000000000e+01  1.045704778559e-04
    3300  6.600000000000e+01  1.136548343010e-04
    3350  6.700000000000e+01  1.233412849674e-04
    3400  6.800000000000e+01  1.336551251826e-04
    3450  6.900000000000e+01  1.446220699496e-04
    3500  7.000000000000e+01  1.562687372936e-04
    3550  7.100000000000e+01  1.686234073232e-04
    3600  7.200000000000e+01  1.817120209304e-04
    3650  7.300000000000e+01  1.955620073717e-04
    3700  7.400000000000e+01  2.101986689438e-04
    3750  7.500000000000e+01  2.256485446148e-04
    3800  7.600000000000e+01  2.419404449161e-04
    3850  7.700000000000e+01  2.591021416720e-04
    3900  7.800000000000e+01  2.771591360143e-04
    3950  7.900000000000e+01  2.961362943061e-04
    4000  8.000000000000e+01  3.160577053992e-04
    4050  8.100000000000e+01  3.369511922709e-04
    4100  8.200000000000e+01  3.588435411527e-04
    4150  8.300000000000e+01  3.817574834748e-04
    4200  8.400000000000e+01  4.057171471434e-04
    4250  8.500000000000e+01  4.307435852065e-04
    4300  8.600000000000e+01  4.568624683744e-04
    4350  8.700000000000e+01  4.840981668247e-04
    4400  8.800000000000e+01  5.124697333786e-04
    4450  8.900000000000e+01  5.419977681585e-04
    4500  9.000000000000e+01  5.726976838381e-04
    4550  9.100000000000e+01  6.045898660811e-04
    4600  9.200000000000e+01  6.376932327904e-04
    4650  9.300000000000e+01  6.720215946634e-04
    4700  9.400000000000e+01  7.075870773472e-04
    4750  9.500000000000e+01  7.444012662914e-04
    4800  9.600000000000e+01  7.824793628085e-04
    4850  9.700000000000e+01  8.218317202941e-04
    4900  9.800000000000e+01  8.624667035608e-04
    4950  9.900000000000e+01  9.043878344336e-04
    5000  1.000000000000e+02  9.475983704548e-04
    5050  1.010000000000e+02  9.921072838176e-04
    5100  1.020000000000e+02  1.037917103706e-03
    5150  1.030000000000e+02  1.085024704584e-03
    5200  1.040000000000e+02  1.133421956241e-03
    5250  1.050000000000e+02  1.183105017358e-03
    5300  1.060000000000e+02  1.234068923056e-03
    5350  1.070000000000e+02  1.286309547612e-03
    5400  1.080000000000e+02  1.339812941097e-03
    5450  1.090000000000e+02  1.394561993617e-03
    5500  1.100000000000e+02  1.450538583960e-03
    5550  1.110000000000e+02  1.507728588511e-03
    5600  1.120000000000e+02  1.566111861745e-03
    5650  1.130000000000e+02  1.625666655563e-03
    5700  1.140000000000e+02  1.686364028192e-03
    5750  1.150000000000e+02  1.748171125685e-03
    5800  1.160000000000e+02  1.811060120956e-03
    5850  1.170000000000e+02  1.875000714945e-03
    5900  1.180000000000e+02  1.939957442306e-03
    5950  1.190000000000e+02  2.005886693536e-03
    6000  1.200000000000e+02  2.072743939577e-03
    6050  1.210000000000e+02  2.140488956919e-03
    6100  1.220000000000e+02  2.209077559141e-03
    6150  1.230000000000e+02  2.278459597150e-03
    6200  1.240000000000e+02  2.348576079758e-03
    6250  1.250000000000e+02  2.419373290372e-03
    6300  1.260000000000e+02  2.490797604051e-03
    6350  1.270000000000e+02  2.562788612122e-03
    6400  1.280000000000e+02  2.635285294855e-03
    6450  1.290000000000e+02  2.708214293361e-03
    6500  1.300000000000e+02  2.781510171215e-03
    6550  1.310000000000e+02  2.855103479368e-03
    6600  1.320000000000e+02  2.928923922707e-03
    6650  1.330000000000e+02  3.002896676012e-03
    6700  1.340000000000e+02  3.076940507289e-03
    6750  1.350000000000e+02  3.150977895848e-03
    6800  1.360000000000e+02  3.224925664060e-03
    6850  1.370000000000e+02  3.298701495920e-03
    6900  1.380000000000e+02  3.372219863757e-03
    6950  1.390000000000e+02  3.445392885720e-03
    7000  1.400000000000e+02  3.518130449795e-03
    7050  1.410000000000e+02  3.590341391115e-03
    7100  1.420000000000e+02  3.661934506414e-03
    7150  1.430000000000e+02  3.732816980970e-03
    7200  1.440000000000e+02  3.802887126899e-03
    7250  1.450000000000e+02  3.872054116049e-03
    7300  1.460000000000e+02  3.940213618046e-03
    7350  1.470000000000e+02  4.007264582224e-03
    7400  1.480000000000e+02  4.073109847031e-03
    7450  1.490000000000e+02  4.137642129144e-03
    7500  1.500000000000e+02  4.200760959320e-03
    7550  1.510000000000e+02  4.262361239627e-03
    7600  1.520000000000e+02  4.322337848457e-03
    7650  1.530000000000e+02  4.380593739445e-03
    7700  1.540000000000e+02  4.437025513760e-03
    7750  1.550000000000e+02  4.491535752347e-03
    7800  1.560000000000e+02  4.544017604585e-03
    7850  1.570000000000e+02  4.594373482658e-03
    7900  1.580000000000e+02  4.642512896993e-03
    7950  1.590000000000e+02  4.688333362650e-03
    8000  1.600000000000e+02  4.731738635343e-03
    8050  1.610000000000e+02  4.772621689595e-03
    8100  1.620000000000e+02  4.810898663833e-03
    8150  1.630000000000e+02  4.846482694342e-03
    8200  1.640000000000e+02  4.879277791112e-03
    8250  1.650000000000e+02  4.909196164883e-03
    8300  1.660000000000e+02  4.936147347379e-03
    8350  1.670000000000e+02  4.960050386931e-03
    8400  1.680000000000e+02  4.980825385705e-03
    8450  1.690000000000e+02  4.998397088742e-03
    8500  1.700000000000e+02  5.012688414690e-03
    8550  1.710000000000e+02  5.023624937202e-03
    8600  1.720000000000e+02  5.031139559373e-03
    8650  1.730000000000e+02  5.035174235937e-03
    8700  1.740000000000e+02  5.035668568317e-03
    8750  1.750000000000e+02  5.032573878954e-03
    8800  1.760000000000e+02  5.025833543946e-03
    8850  1.770000000000e+02  5.015404272779e-03
    8900  1.780000000000e+02  5.001244720528e-03
    8950  1.790000000000e+02  4.983330891269e-03
    9000  1.800000000000e+02  4.961634563822e-03
    9050  1.810000000000e+02  4.936124874928e-03
    9100  1.820000000000e+02  4.906779338993e-03
    9150  1.830000000000e+02  4.873585590824e-03
    9200  1.840000000000e+02  4.836545890778e-03
    9250  1.850000000000e+02  4.795662201204e-03
    9300  1.860000000000e+02  4.750938476785e-03
    9350  1.870000000000e+02  4.702387480011e-03
    9400  1.880000000000e+02  4.650033728167e-03
    9450  1.890000000000e+02  4.593908404911e-03
    9500  1.900000000000e+02  4.534049060830e-03
    9550  1.910000000000e+02  4.470496790611e-03
    9600  1.920000000000e+02  4.403301484156e-03
    9650  1.930000000000e+02  4.332522863812e-03
    9700  1.940000000000e+02  4.258240844532e-03
    9750  1.950000000000e+02  4.180531592916e-03
    9800  1.960000000000e+02  4.099473824344e-03
    9850  1.970000000000e+02  4.015152642574e-03
    9900  1.980000000000e+02  3.927678924886e-03
    9950  1.990000000000e+02  3.837168056511e-03
   10000  2.000000000000e+02  3.743736894267e-03
   10050  2.010000000000e+02  3.647509787449e-03
   10100  2.020000000000e+02  3.548610400172e-03
   10150  2.030000000000e+02  3.447194169054e-03
   10200  2.040000000000e+02  3.343413352662e-03
   10250  2.050000000000e+02  3.237431320830e-03
   10300  2.060000000000e+02  3.129414180675e-03
   10350  2.070000000000e+02  3.019539423506e-03
   10400  2.080000000000e+02  2.907997351882e-03
   10450  2.090000000000e+02  2.794986826655e-03
   10500  2.100000000000e+02  2.680715924484e-03
   10550  2.110000000000e+02  2.565398604829e-03
   10600  2.120000000000e+02  2.449259047294e-03
   10650  2.130000000000e+02  2.332525575870e-03
   10700  2.140000000000e+02  2.215442837784e-03
   10750  2.150000000000e+02  2.098264802170e-03
   10800  2.160000000000e+02  1.981247315283e-03
   10850  2.170000000000e+02  1.864656007166e-03
   10900  2.180000000000e+02  1.748769213933e-03
   10950  2.190000000000e+02  1.633873649618e-03
   11000  2.200000000000e+02  1.520256520741e-03
   11050  2.210000000000e+02  1.408219827149e-03
   11100  2.220000000000e+02  1.298069902858e-03
   11150  2.230000000000e+02  1.190120423869e-03
   11200  2.240000000000e+02  1.084695336016e-03
   11250  2.250000000000e+02  9.821233445392e-04
   11300  2.260000000000e+02  8.827389579541e-04
   11350  2.270000000000e+02  7.868824461654e-04
   11400  2.280000000000e+02  6.949026610981e-04
   11450  2.290000000000e+02  6.071538020716e-04
   11500  2.300000000000e+02  5.239963399494e-04
   11550  2.310000000000e+02  4.457963872803e-04
   11600  2.320000000000e+02  3.729240785965e-04
   11650  2.330000000000e+02  3.057548288744e-04
   11700  2.340000000000e+02  2.446674831722e-04
   11750  2.350000000000e+02  1.900460356391e-04
   11800  2.360000000000e+02  1.422797257526e-04
   11850  2.370000000000e+02  1.017585889018e-04
   11900  2.380000000000e+02  6.887586633941e-05
   11950  2.390000000000e+02  4.402877430394e-05
   12000  2.400000000000e+02  2.761519067165e-05
   12050  2.410000000000e+02  2.003578004140e-05
   12100  2.420000000000e+02  2.169201346865e-05
   12150  2.430000000000e+02  3.298627436919e-05
   12200  2.440000000000e+02  5.432081207937e-05
   12250  2.450000000000e+02  8.609895057256e-05
   12300  2.460000000000e+02  1.287225160614e-04
   12350  2.470000000000e+02  1.825927892635e-04
   12400  2.480000000000e+02  2.481100250390e-04
   12450  2.490000000000e+02  3.256720671996e-04
   12500  2.500000000000e+02  4.156742242321e-04
   12550  2.510000000000e+02  5.185098882195e-04
   12600  2.520000000000e+02  6.345687330438e-04
   12650  2.530000000000e+02  7.642370636549e-04
   12700  2.540000000000e+02  9.078933315898e-04
   12750  2.550000000000e+02  1.065913210708e-03
   12800  2.560000000000e+02  1.238666010400e-03
   12850  2.570000000000e+02  1.426516006806e-03
   12900  2.580000000000e+02  1.629822819753e-03
   12950  2.590000000000e+02  1.848934045300e-03
   13000  2.600000000000e+02  2.084189536036e-03
   13050  2.610000000000e+02  2.335926082453e-03
   13100  2.620000000000e+02  2.604467533820e-03
   13150  2.630000000000e+02  2.890130523127e-03
   13200  2.640000000000e+02  3.193225669638e-03
   13250  2.650000000000e+02  3.514046686607e-03
   13300  2.660000000000e+02  3.852872714791e-03
   13350  2.670000000000e+02  4.209978978091e-03
   13400  2.680000000000e+02  4.585623819814e-03
   13450  2.690000000000e+02  4.980066110492e-03
   13500  2.700000000000e+02  5.393542788336e-03
   13550  2.710000000000e+02  5.826270686044e-03
   13600  2.720000000000e+02  6.278459703019e-03
   13650  2.730000000000e+02  6.750301677296e-03
   13700  2.740000000000e+02  7.241982994876e-03
   13750  2.750000000000e+02  7.753674516011e-03
   13800  2.760000000000e+02  8.285518311486e-03
   13850  2.770000000000e+02  8.837645789667e-03
   13900  2.780000000000e+02  9.410167732708e-03
   13950  2.790000000000e+02  1.000319391671e-02
   14000  2.800000000000e+02  1.061680574474e-02
   14050  2.810000000000e+02  1.125105822375e-02
   14100  2.820000000000e+02  1.190599964084e-02
   14150  2.830000000000e+02  1.258165034038e-02
   14200  2.840000000000e+02  1.327802740281e-02
   14250  2.850000000000e+02  1.399510830772e-02
   14300  2.860000000000e+02  1.473286097870e-02
   14350  2.870000000000e+02  1.549123161646e-02
   14400  2.880000000000e+02  1.627014594849e-02
   14450  2.890000000000e+02  1.706951549048e-02
   14500  2.900000000000e+02  1.788922043344e-02
   14550  2.910000000000e+02  1.872910921423e-02
   14600  2.920000000000e+02  1.958904150660e-02
   14650  2.930000000000e+02  2.046883905020e-02
   14700  2.940000000000e+02  2.136830456722e-02
   14750  2.950000000000e+02  2.228721424081e-02
   14800  2.960000000000e+02  2.322531109967e-02
   14850  2.970000000000e+02  2.418233611929e-02
   14900  2.980000000000e+02  2.515801150078e-02
   14950  2.990000000000e+02  2.615203811264e-02
   15000  3.000000000000e+02  2.716407893443e-02
   15050  3.010000000000e+02  2.819377002940e-02
   15100  3.020000000000e+02  2.924074010235e-02
   15150  3.030000000000e+02  3.030459511683e-02
   15200  3.040000000000e+02  3.138491399268e-02
   15250  3.050000000000e+02  3.248125586417e-02
   15300  3.060000000000e+02  3.359315678598e-02
   15350  3.070000000000e+02  3.472012505805e-02
   15400  3.080000000000e+02  3.586164271679e-02
   15450  3.090000000000e+02  3.701718581416e-02
   15500  3.100000000000e+02  3.818620484014e-02
   15550  3.110000000000e+02  3.936812287360e-02
   15600  3.120000000000e+02  4.056234741850e-02
   15650  3.130000000000e+02  4.176827426425e-02
   15700  3.140000000000e+02  4.298527149448e-02
   15750  3.150000000000e+02  4.421268097617e-02
   15800  3.160000000000e+02  4.544983893776e-02
   15850  3.170000000000e+02  4.669605019188e-02
   15900  3.180000000000e+02  4.795060387311e-02
   15950  3.190000000000e+02  4.921279527380e-02
   16000  3.200000000000e+02  5.048187300864e-02
   16050  3.210000000000e+02  5.175707001259e-02
   16100  3.220000000000e+02  5.303761058714e-02
   16150  3.230000000000e+02  5.432269043161e-02
   16200  3.240000000000e+02  5.561150924090e-02
   16250  3.250000000000e+02  5.690323990331e-02
   16300  3.260000000000e+02  5.819706205568e-02
   16350  3.270000000000e+02  5.949211131162e-02
   16400  3.280000000000e+02  6.078750573050e-02
   16450  3.290000000000e+02  6.208238398523e-02
   16500  3.300000000000e+02  6.337585385352e-02
   16550  3.310000000000e+02  6.466703761002e-02
   16600  3.320000000000e+02  6.595501705413e-02
   16650  3.330000000000e+02  6.723886775882e-02
   16700  3.340000000000e+02  6.851768314177e-02
   16750  3.350000000000e+02  6.979051721382e-02
   16800  3.360000000000e+02  7.105641595236e-02
   16850  3.370000000000e+02  7.231443116484e-02
   16900  3.380000000000e+02  7.356360033743e-02
   16950  3.390000000000e+02  7.480296559155e-02
   17000  3.400000000000e+02  7.603158747790e-02
   17050  3.410000000000e+02  7.724847281709e-02
   17100  3.420000000000e+02  7.845262884455e-02
   17150  3.430000000000e+02  7.964310827331e-02
   17200  3.440000000000e+02  8.081893834713e-02
   17250  3.450000000000e+02  8.197916534679e-02
   17300  3.460000000000e+02  8.312282334327e-02
   17350  3.470000000000e+02  8.424894770250e-02
   17400  3.480000000000e+02  8.535657615467e-02
   17450  3.490000000000e+02  8.644474884408e-02
   17500  3.500000000000e+02  8.751253712602e-02
   17550  3.510000000000e+02  8.855901406377e-02
   17600  3.520000000000e+02  8.958324555095e-02
   17650  3.530000000000e+02  9.058429556813e-02
   17700  3.540000000000e+02  9.156123627976e-02
   17750  3.550000000000e+02  9.251316699470e-02
   17800  3.560000000000e+02  9.343921688336e-02
   17850  3.570000000000e+02  9.433849448977e-02
   17900  3.580000000000e+02  9.521012241934e-02
   17950  3.590000000000e+02  9.605326010357e-02
   18000  3.600000000000e+02  9.686704435492e-02
   18050  3.610000000000e+02  9.765068040897e-02
   18100  3.620000000000e+02  9.840333744688e-02
   18150  3.630000000000e+02  9.912423252029e-02
   18200  3.640000000000e+02  9.981261926595e-02
   18250  3.650000000000e+02  1.004677460101e-01
   18300  3.660000000000e+02  1.010888779093e-01
   18350  3.670000000000e+02  1.016753005769e-01
   18400  3.680000000000e+02  1.022263610058e-01
   18450  3.690000000000e+02  1.027413925817e-01
   18500  3.700000000000e+02  1.032197684206e-01
   18550  3.710000000000e+02  1.036608906426e-01
   18600  3.720000000000e+02  1.040641561780e-01
   18650  3.730000000000e+02  1.044290210885e-01
   18700  3.740000000000e+02  1.047549660002e-01
   18750  3.750000000000e+02  1.050414763091e-01
   18800  3.760000000000e+02  1.052880856080e-01
   18850  3.770000000000e+02  1.054943550353e-01
   18900  3.780000000000e+02  1.056598840831e-01
   18950  3.790000000000e+02  1.057842872359e-01
   19000  3.800000000000e+02  1.058672247834e-01
   19050  3.810000000000e+02  1.059083959798e-01
   19100  3.820000000000e+02  1.059075099533e-01
   19150  3.830000000000e+02  1.058643459344e-01
   19200  3.840000000000e+02  1.057786517027e-01
   19250  3.850000000000e+02  1.056502831613e-01
   19300  3.860000000000e+02  1.054790915977e-01
   19350  3.870000000000e+02  1.052649864143e-01
   19400  3.880000000000e+02  1.050079382073e-01
   19450  3.890000000000e+02  1.047078803603e-01
   19500  3.900000000000e+02  1.043648305431e-01
   19550  3.910000000000e+02  1.039788397004e-01
   19600  3.920000000000e+02  1.035500237014e-01
   19650  3.930000000000e+02  1.030785080671e-01
   19700  3.940000000000e+02  1.025644487734e-01
   19750  3.950000000000e+02  1.020080471147e-01
   19800  3.960000000000e+02  1.014095595187e-01
   19850  3.970000000000e+02  1.007692837286e-01
   19900  3.980000000000e+02  1.000875358513e-01
   19950  3.990000000000e+02  9.936467634352e-02
   20000  4.000000000000e+02  9.860110858959e-02
   20050  4.010000000000e+02  9.779728543968e-02
   20100  4.020000000000e+02  9.695369026533e-02
   20150  4.030000000000e+02  9.607084126230e-02
   20200  4.040000000000e+02  9.514929948716e-02
   20250  4.050000000000e+02  9.418967604405e-02
   20300  4.060000000000e+02  9.319260209025e-02
   20350  4.070000000000e+02  9.215877402884e-02
   20400  4.080000000000e+02  9.108889724073e-02
   20450  4.090000000000e+02  8.998374978817e-02
   20500  4.100000000000e+02  8.884413443278e-02
   20550  4.110000000000e+02  8.767085758785e-02
   20600  4.120000000000e+02  8.646480723971e-02
   20650  4.130000000000e+02  8.522689133388e-02
   20700  4.140000000000e+02  8.395805418139e-02
   20750  4.150000000000e+02  8.265929187995e-02
   20800  4.160000000000e+02  8.133162285252e-02
   20850  4.170000000000e+02  7.997609893092e-02
   20900  4.180000000000e+02  7.859381070560e-02
   20950  4.190000000000e+02  7.718588395487e-02
   21000  4.200000000000e+02  7.575347695212e-02
   21050  4.210000000000e+02  7.429779064768e-02
   21100  4.220000000000e+02  7.282004153638e-02
   21150  4.230000000000e+02  7.132147705911e-02
   21200  4.240000000000e+02  6.980338654829e-02
   21250  4.250000000000e+02  6.826707925376e-02
   21300  4.260000000000e+02  6.671389319248e-02
   21350  4.270000000000e+02  6.514519339629e-02
   21400  4.280000000000e+02  6.356236006153e-02
   21450  4.290000000000e+02  6.196682591682e-02
   21500  4.300000000000e+02  6.036001910669e-02
   21550  4.310000000000e+02  5.874340892486e-02
   21600  4.320000000000e+02  5.711847600328e-02
   21650  4.330000000000e+02  5.548672907867e-02
   21700  4.340000000000e+02  5.384969425295e-02
   21750  4.350000000000e+02  5.220891346267e-02
   21800  4.360000000000e+02  5.056594717671e-02
   21850  4.370000000000e+02  4.892237821125e-02
   21900  4.380000000000e+02  4.727980418620e-02
   21950  4.390000000000e+02  4.563982387382e-02
   22000  4.400000000000e+02  4.400405373196e-02
   22050  4.410000000000e+02  4.237411125044e-02
   22100  4.420000000000e+02  4.075162668201e-02
   22150  4.430000000000e+02  3.913824821834e-02
   22200  4.440000000000e+02  3.753562829315e-02
   22250  4.450000000000e+02  3.594541921034e-02
   22300  4.460000000000e+02  3.436925436127e-02
   22350  4.470000000000e+02  3.280878368825e-02
   22400  4.480000000000e+02  3.126566440092e-02
   22450  4.490000000000e+02  2.974156094210e-02
   22500  4.500000000000e+02  2.823813205954e-02
   22550  4.510000000000e+02  2.675700471334e-02
   22600  4.520000000000e+02  2.529980867334e-02
   22650  4.530000000000e+02  2.386818503442e-02
   22700  4.540000000000e+02  2.246375943394e-02
   22750  4.550000000000e+02  2.108814256547e-02
   22800  4.560000000000e+02  1.974293649400e-02
   22850  4.570000000000e+02  1.842971300446e-02
   22900  4.580000000000e+02  1.715004710508e-02
   22950  4.590000000000e+02  1.590548661866e-02
   23000  4.600000000000e+02  1.469755760756e-02
   23050  4.610000000000e+02  1.352777663955e-02
   23100  4.620000000000e+02  1.239762416259e-02
   23150  4.630000000000e+02  1.130857128203e-02
   23200  4.640000000000e+02  1.026205157396e-02
   23250  4.650000000000e+02  9.259472903651e-03
   23300  4.660000000000e+02  8.302217632021e-03
   23350  4.670000000000e+02  7.391636996085e-03
   23400  4.680000000000e+02  6.529059744901e-03
   23450  4.690000000000e+02  5.715768083304e-03
   23500  4.700000000000e+02  4.953020147621e-03
   23550  4.710000000000e+02  4.242030772150e-03
   23600  4.720000000000e+02  3.583983819101e-03
   23650  4.730000000000e+02  2.980022743705e-03
   23700  4.740000000000e+02  2.431254402694e-03
   23750  4.750000000000e+02  1.938743283746e-03
   23800  4.760000000000e+02  1.503509376630e-03
   23850  4.770000000000e+02  1.126527631478e-03
   23900  4.780000000000e+02  8.087296797028e-04
   23950  4.790000000000e+02  5.510057868608e-04
   24000  4.800000000000e+02  3.541977161680e-04
   24050  4.810000000000e+02  2.190962124616e-04
   24100  4.820000000000e+02  1.464438516518e-04
   24150  4.830000000000e+02  1.369337220486e-04
   24200  4.840000000000e+02  1.912082874778e-04
   24250  4.850000000000e+02  3.098571511002e-04
   24300  4.860000000000e+02  4.934173089281e-04
   24350  4.870000000000e+02  7.423727805895e-04
   24400  4.880000000000e+02  1.057154242841e-03
   24450  4.890000000000e+02  1.438135677470e-03
   24500  4.900000000000e+02  1.885633713322e-03
   24550  4.910000000000e+02  2.399909934634e-03
   24600  4.920000000000e+02  2.981172114900e-03
   24650  4.930000000000e+02  3.629567812128e-03
   24700  4.940000000000e+02  4.345182334756e-03
   24750  4.950000000000e+02  5.128045700657e-03
   24800  4.960000000000e+02  5.978130862947e-03
   24850  4.970000000000e+02  6.895353822799e-03
   24900  4.980000000000e+02  7.879573710292e-03
   24950  4.990000000000e+02  8.930579285727e-03
   25000  5.000000000000e+02  1.004810940649e-02
   25050  5.010000000000e+02  1.123184694623e-02
   25100  5.020000000000e+02  1.248141666400e-02
   25150  5.030000000000e+02  1.379637970092e-02
   25200  5.040000000000e+02  1.517623003940e-02
   25250  5.050000000000e+02  1.662041224625e-02
   25300  5.060000000000e+02  1.812830964187e-02
   25350  5.070000000000e+02  1.969925861017e-02
   25400  5.080000000000e+02  2.133252641059e-02
   25450  5.090000000000e+02  2.302731747053e-02
   25500  5.100000000000e+02  2.478278919436e-02
   25550  5.110000000000e+02  2.659804096592e-02
   25600  5.120000000000e+02  2.847211326986e-02
   25650  5.130000000000e+02  3.040399987856e-02
   25700  5.140000000000e+02  3.239263262227e-02
   25750  5.150000000000e+02  3.443688368419e-02
   25800  5.160000000000e+02  3.653558613295e-02
   25850  5.170000000000e+02  3.868749810341e-02
   25900  5.180000000000e+02  4.089136830027e-02
   25950  5.190000000000e+02  4.314586639439e-02
   26000  5.200000000000e+02  4.544963243923e-02
   26050  5.210000000000e+02  4.780123842459e-02
   26100  5.220000000000e+02  5.019921472026e-02
   26150  5.230000000000e+02  5.264206363852e-02
   26200  5.240000000000e+02  5.512822846863e-02
   26250  5.250000000000e+02  5.765611435952e-02
   26300  5.260000000000e+02  6.022406534105e-02
   26350  5.270000000000e+02  6.283041844957e-02
   26400  5.280000000000e+02  6.547344321049e-02
   26450  5.290000000000e+02  6.815138281661e-02
   26500  5.300000000000e+02  7.086244647100e-02
   26550  5.310000000000e+02  7.360481022995e-02
   26600  5.320000000000e+02  7.637662277186e-02
   26650  5.330000000000e+02  7.917599361688e-02
   26700  5.340000000000e+02  8.200099431131e-02
   26750  5.350000000000e+02  8.484967189118e-02
   26800  5.360000000000e+02  8.772005155580e-02
   26850  5.370000000000e+02  9.061013956693e-02
   26900  5.380000000000e+02  9.351791619083e-02
   26950  5.390000000000e+02  9.644133740271e-02
   27000  5.400000000000e+02  9.937832385720e-02
   27050  5.410000000000e+02  1.023267862154e-01
   27100  5.420000000000e+02  1.052846368253e-01
   27150  5.430000000000e+02  1.082497856080e-01
   27200  5.440000000000e+02  1.112200978475e-01
   27250  5.450000000000e+02  1.141934359535e-01
   27300  5.460000000000e+02  1.171676483803e-01
   27350  5.470000000000e+02  1.201405911141e-01
   27400  5.480000000000e+02  1.231101426409e-01
   27450  5.490000000000e+02  1.260741359526e-01
   27500  5.500000000000e+02  1.290304124500e-01
   27550  5.510000000000e+02  1.319768250244e-01
   27600  5.520000000000e+02  1.349112095334e-01
   27650  5.530000000000e+02  1.378314326926e-01
   27700  5.540000000000e+02  1.407353681484e-01
   27750  5.550000000000e+02  1.436208372466e-01
   27800  5.560000000000e+02  1.464857205163e-01
   27850  5.570000000000e+02  1.493278927699e-01
   27900  5.580000000000e+02  1.521452545527e-01
   27950  5.590000000000e+02  1.549357320419e-01
   28000  5.600000000000e+02  1.576972522754e-01
   28050  5.610000000000e+02  1.604277400704e-01
   28100  5.620000000000e+02  1.631251496871e-01
   28150  5.630000000000e+02  1.657874965278e-01
   28200  5.640000000000e+02  1.684128152532e-01
   28250  5.650000000000e+02  1.709991534044e-01
   28300  5.660000000000e+02  1.735445461772e-01
   28350  5.670000000000e+02  1.760470990828e-01
   28400  5.680000000000e+02  1.785049672475e-01
   28450  5.690000000000e+02  1.809163167252e-01
   28500  5.700000000000e+02  1.832793100386e-01
   28550  5.710000000000e+02  1.855921646355e-01
   28600  5.720000000000e+02  1.878531478095e-01
   28650  5.730000000000e+02  1.900605791055e-01
   28700  5.740000000000e+02  1.922127891181e-01
   28750  5.750000000000e+02  1.943081591893e-01
   28800  5.760000000000e+02  1.963450583982e-01
   28850  5.770000000000e+02  1.983219674475e-01
   28900  5.780000000000e+02  2.002374403080e-01
   28950  5.790000000000e+02  2.020900256223e-01
   29000  5.800000000000e+02  2.038783101774e-01
   29050  5.810000000000e+02  2.056009383070e-01
   29100  5.820000000000e+02  2.072566057721e-01
   29150  5.830000000000e+02  2.088440551670e-01
   29200  5.840000000000e+02  2.103621489610e-01
   29250  5.850000000000e+02  2.118097049603e-01
   29300  5.860000000000e+02  2.131856629882e-01
   29350  5.870000000000e+02  2.144889620265e-01
   29400  5.880000000000e+02  2.157185913411e-01
   29450  5.890000000000e+02  2.168736741168e-01
   29500  5.900000000000e+02  2.179533610727e-01
   29550  5.910000000000e+02  2.189568376216e-01
   29600  5.920000000000e+02  2.198832858193e-01
   29650  5.930000000000e+02  2.207320126353e-01
   29700  5.940000000000e+02  2.215023755653e-01
   29750  5.950000000000e+02  2.221938336835e-01
   29800  5.960000000000e+02  2.228058599368e-01
   29850  5.970000000000e+02  2.233379318721e-01
   29900  5.980000000000e+02  2.237896651648e-01
   29950  5.990000000000e+02  2.241606959084e-01
   30000  6.000000000000e+02  2.244507920392e-01
   30050  6.010000000000e+02  2.246597643664e-01
   30100  6.020000000000e+02  2.247874292784e-01
   30150  6.030000000000e+02  2.248336690405e-01
   30200  6.040000000000e+02  2.247984837888e-01
   30250  6.050000000000e+02  2.246819152160e-01
   30300  6.060000000000e+02  2.244840448196e-01
   30350  6.070000000000e+02  2.242050273050e-01
   30400  6.080000000000e+02  2.238450680255e-01
   30450  6.090000000000e+02  2.234044540570e-01
   30500  6.100000000000e+02  2.228835633965e-01
   30550  6.110000000000e+02  2.222827205198e-01
   30600  6.120000000000e+02  2.216024193371e-01
   30650  6.130000000000e+02  2.208431791259e-01
   30700  6.140000000000e+02  2.200055799742e-01
   30750  6.150000000000e+02  2.190903009612e-01
   30800  6.160000000000e+02  2.180980167824e-01
   30850  6.170000000000e+02  2.170294892716e-01
   30900  6.180000000000e+02  2.158855194821e-01
   30950  6.190000000000e+02  2.146670089375e-01
   31000  6.200000000000e+02  2.133748894288e-01
   31050  6.210000000000e+02  2.120102006735e-01
   31100  6.220000000000e+02  2.105739606420e-01
   31150  6.230000000000e+02  2.090672114040e-01
   31200  6.240000000000e+02  2.074911253463e-01
   31250  6.250000000000e+02  2.058469250910e-01
   31300  6.260000000000e+02  2.041359015001e-01
   31350  6.270000000000e+02  2.023593020199e-01
   31400  6.280000000000e+02  2.005184683467e-01
   31450  6.290000000000e+02  1.986147843014e-01
   31500  6.300000000000e+02  1.966497119725e-01
   31550  6.310000000000e+02  1.946247388860e-01
   31600  6.320000000000e+02  1.925413789631e-01
   31650  6.330000000000e+02  1.904012228393e-01
   31700  6.340000000000e+02  1.882058439820e-01
   31750  6.350000000000e+02  1.859569359172e-01
   31800  6.360000000000e+02  1.836561577955e-01
   31850  6.370000000000e+02  1.813052598359e-01
   31900  6.380000000000e+02  1.789060316655e-01
   31950  6.390000000000e+02  1.764602492645e-01
   32000  6.400000000000e+02  1.739697293305e-01
   32050  6.410000000000e+02  1.714362990136e-01
   32100  6.420000000000e+02  1.688619331164e-01
   32150  6.430000000000e+02  1.662485112046e-01
   32200  6.440000000000e+02  1.635979664654e-01
   32250  6.450000000000e+02  1.609123006468e-01
   32300  6.460000000000e+02  1.581935019814e-01
   32350  6.470000000000e+02  1.554435924161e-01
   32400  6.480000000000e+02  1.526646192822e-01
   32450  6.490000000000e+02  1.498586700178e-01
   32500  6.500000000000e+02  1.470278105973e-01
   32550  6.510000000000e+02  1.441741455373e-01
   32600  6.520000000000e+02  1.412997713810e-01
   32650  6.530000000000e+02  1.384067886776e-01
   32700  6.540000000000e+02  1.354973617092e-01
   32750  6.550000000000e+02  1.325735931538e-01
   32800  6.560000000000e+02  1.296376464898e-01
   32850  6.570000000000e+02  1.266916545586e-01
   32900  6.580000000000e+02  1.237377412122e-01
   32950  6.590000000000e+02  1.207780653766e-01
   33000  6.600000000000e+02  1.178147577670e-01
   33050  6.610000000000e+02  1.148499595566e-01
   33100  6.620000000000e+02  1.118858315896e-01
   33150  6.630000000000e+02  1.089244706698e-01
   33200  6.640000000000e+02  1.059679724359e-01
   33250  6.650000000000e+02  1.030184586599e-01
   33300  6.660000000000e+02  1.000780255115e-01
   33350  6.670000000000e+02  9.714873487680e-02
   33400  6.680000000000e+02  9.423266419148e-02
   33450  6.690000000000e+02  9.133185337191e-02
   33500  6.700000000000e+02  8.844830899219e-02
   33550  6.710000000000e+02  8.558405121074e-02
   33600  6.720000000000e+02  8.274104191292e-02
   33650  6.730000000000e+02  7.992124327111e-02
   33700  6.740000000000e+02  7.712658567906e-02
   33750  6.750000000000e+02  7.435896251104e-02
   33800  6.760000000000e+02  7.162024219634e-02
   33850  6.770000000000e+02  6.891226448861e-02
   33900  6.780000000000e+02  6.623681776909e-02
   33950  6.790000000000e+02  6.359568313452e-02
   34000  6.800000000000e+02  6.099061084573e-02
   34050  6.810000000000e+02  5.842328292222e-02
   34100  6.820000000000e+02  5.589537779970e-02
   34150  6.830000000000e+02  5.340851186883e-02
   34200  6.840000000000e+02  5.096425948441e-02
   34250  6.850000000000e+02  4.856415508614e-02
   34300  6.860000000000e+02  4.620969876946e-02
   34350  6.870000000000e+02  4.390234806873e-02
   34400  6.880000000000e+02  4.164350024721e-02
   34450  6.890000000000e+02  3.943452411584e-02
   34500  6.900000000000e+02  3.727671120331e-02
   34550  6.910000000000e+02  3.517132914781e-02
   34600  6.920000000000e+02  3.311959258696e-02
   34650  6.930000000000e+02  3.112265107719e-02
   34700  6.940000000000e+02  2.918162026051e-02
   34750  6.950000000000e+02  2.729753745472e-02
   34800  6.960000000000e+02  2.547139472983e-02
   34850  6.970000000000e+02  2.370413434353e-02
   34900  6.980000000000e+02  2.199665151353e-02
   34950  6.990000000000e+02  2.034976475922e-02
   35000  7.000000000000e+02  1.876425267143e-02
   35050  7.010000000000e+02  1.724083916523e-02
   35100  7.020000000000e+02  1.578017895760e-02
   35150  7.030000000000e+02  1.438287929606e-02
   35200  7.040000000000e+02  1.304948463792e-02
   35250  7.050000000000e+02  1.178048474904e-02
   35300  7.060000000000e+02  1.057631009115e-02
   35350  7.070000000000e+02  9.437330920152e-03
   35400  7.080000000000e+02  8.363862666426e-03
   35450  7.090000000000e+02  7.356158753668e-03
   35500  7.100000000000e+02  6.414420138554e-03
   35550  7.110000000000e+02  5.538780662607e-03
   35600  7.120000000000e+02  4.729321996631e-03
   35650  7.130000000000e+02  3.986073575724e-03
   35700  7.140000000000e+02  3.308994567376e-03
   35750  7.150000000000e+02  2.697995590848e-03
   35800  7.160000000000e+02  2.152925940068e-03
   35850  7.170000000000e+02  1.673582696879e-03
   35900  7.180000000000e+02  1.259705784444e-03
   35950  7.190000000000e+02  9.109781609065e-04
   36000  7.200000000000e+02  6.270284396273e-04
   36050  7.210000000000e+02  4.074328871861e-04
   36100  7.220000000000e+02  2.517134491603e-04
   36150  7.230000000000e+02  1.593402412199e-04
   36200  7.240000000000e+02  1.297310391465e-04
   36250  7.250000000000e+02  1.622523362163e-04
   36300  7.260000000000e+02  2.562211979189e-04
   36350  7.270000000000e+02  4.109053712223e-04
   36400  7.280000000000e+02  6.255244986921e-04
   36450  7.290000000000e+02  8.992507105098e-04
   36500  7.300000000000e+02  1.231208014490e-03
   36550  7.310000000000e+02  1.620481943236e-03
   36600  7.320000000000e+02  2.066108577729e-03
   36650  7.330000000000e+02  2.567081192842e-03
   36700  7.340000000000e+02  3.122353198662e-03
   36750  7.350000000000e+02  3.730837008464e-03
   36800  7.360000000000e+02  4.391406775524e-03
   36850  7.370000000000e+02  5.102905015696e-03
   36900  7.380000000000e+02  5.864132162422e-03
   36950  7.390000000000e+02  6.673850762599e-03
   37000  7.400000000000e+02  7.530800479191e-03
   37050  7.410000000000e+02  8.433684319684e-03
   37100  7.420000000000e+02  9.381176269367e-03
   37150  7.430000000000e+02  1.037191375498e-02
   37200  7.440000000000e+02  1.140450789313e-02
   37250  7.450000000000e+02  1.247754903687e-02
   37300  7.460000000000e+02  1.358960476536e-02
   37350  7.470000000000e+02  1.473920847785e-02
   37400  7.480000000000e+02  1.592487193553e-02
   37450  7.490000000000e+02  1.714509873445e-02
   37500  7.500000000000e+02  1.839835832879e-02
   37550  7.510000000000e+02  1.968313340698e-02
   37600  7.520000000000e+02  2.099787631005e-02
   37650  7.530000000000e+02  2.234101331284e-02
   37700  7.540000000000e+02  2.371095979341e-02
   37750  7.550000000000e+02  2.510613902783e-02
   37800  7.560000000000e+02  2.652495927129e-02
   37850  7.570000000000e+02  2.796582330778e-02
   37900  7.580000000000e+02  2.942713461716e-02
   37950  7.590000000000e+02  3.090725750775e-02
   38000  7.600000000000e+02  3.240457916149e-02
   38050  7.610000000000e+02  3.391748426293e-02
   38100  7.620000000000e+02  3.544434939369e-02
   38150  7.630000000000e+02  3.698358103330e-02
   38200  7.640000000000e+02  3.853356651661e-02
   38250  7.650000000000e+02  4.009267105931e-02
   38300  7.660000000000e+02  4.165930435816e-02
   38350  7.670000000000e+02  4.323187476553e-02
   38400  7.680000000000e+02  4.480878201772e-02
   38450  7.690000000000e+02  4.638846315967e-02
   38500  7.700000000000e+02  4.796936156493e-02
   38550  7.710000000000e+02  4.954991316145e-02
   38600  7.720000000000e+02  5.112859126988e-02
   38650  7.730000000000e+02  5.270386985369e-02
   38700  7.740000000000e+02  5.427422944054e-02
   38750  7.750000000000e+02  5.583821494932e-02
   38800  7.760000000000e+02  5.739434324824e-02
   38850  7.770000000000e+02  5.894116734091e-02
   38900  7.780000000000e+02  6.047728008547e-02
   38950  7.790000000000e+02  6.200125751092e-02
   39000  7.800000000000e+02  6.351170512461e-02
   39050  7.810000000000e+02  6.500729231086e-02
   39100  7.820000000000e+02  6.648668490523e-02
   39150  7.830000000000e+02  6.794857665912e-02
   39200  7.840000000000e+02  6.939171182429e-02
   39250  7.850000000000e+02  7.081481911709e-02
   39300  7.860000000000e+02  7.221667062019e-02
   39350  7.870000000000e+02  7.359610420084e-02
   39400  7.880000000000e+02  7.495193803265e-02
   39450  7.890000000000e+02  7.628307668748e-02
   39500  7.900000000000e+02  7.758844813056e-02
   39550  7.910000000000e+02  7.886697707843e-02
   39600  7.920000000000e+02  8.011762530582e-02
   39650  7.930000000000e+02  8.133941210678e-02
   39700  7.940000000000e+02  8.253137207290e-02
   39750  7.950000000000e+02  8.369259110987e-02
   39800  7.960000000000e+02  8.482221951190e-02
   39850  7.970000000000e+02  8.591939183068e-02
   39900  7.980000000000e+02  8.698329284036e-02
   39950  7.990000000000e+02  8.801315245743e-02
   40000  8.000000000000e+02  8.900820256245e-02
   40050  8.010000000000e+02  8.996777504049e-02
   40100  8.020000000000e+02  9.089121768383e-02
   40150  8.030000000000e+02  9.177791213929e-02
   40200  8.040000000000e+02  9.262728529549e-02
   40250  8.050000000000e+02  9.343878711632e-02
   40300  8.060000000000e+02  9.421189388035e-02
   40350  8.070000000000e+02  9.494615663700e-02
   40400  8.080000000000e+02  9.564116536270e-02
   40450  8.090000000000e+02  9.629652104350e-02
   40500  8.100000000000e+02  9.691188672694e-02
   40550  8.110000000000e+02  9.748696516293e-02
   40600  8.120000000000e+02  9.802145589166e-02
   40650  8.130000000000e+02  9.851515186867e-02
   40700  8.140000000000e+02  9.896785651868e-02
   40750  8.150000000000e+02  9.937940446400e-02
   40800  8.160000000000e+02  9.974972850246e-02
   40850  8.170000000000e+02  1.000787097122e-01
   40900  8.180000000000e+02  1.003663161661e-01
   40950  8.190000000000e+02  1.006125624121e-01
   41000  8.200000000000e+02  1.008174724753e-01
   41050  8.210000000000e+02  1.009811093140e-01
   41100  8.220000000000e+02  1.011036025777e-01
   41150  8.230000000000e+02  1.011850709289e-01
   41200  8.240000000000e+02  1.012256815457e-01
   41250  8.250000000000e+02  1.012256423058e-01
   41300  8.260000000000e+02  1.011851827546e-01
   41350  8.270000000000e+02  1.011045652029e-01
   41400  8.280000000000e+02  1.009841128065e-01
   41450  8.290000000000e+02  1.008241337817e-01
   41500  8.300000000000e+02  1.006250151610e-01
   41550  8.310000000000e+02  1.003871690344e-01
   41600  8.320000000000e+02  1.001109857152e-01
   41650  8.330000000000e+02  9.979693917383e-02
   41700  8.340000000000e+02  9.944550646033e-02
   41750  8.350000000000e+02  9.905720485332e-02
   41800  8.360000000000e+02  9.863255610120e-02
   41850  8.370000000000e+02  9.817215869491e-02
   41900  8.380000000000e+02  9.767659694485e-02
   41950  8.390000000000e+02  9.714647699425e-02
   42000  8.400000000000e+02  9.658243576088e-02
   42050  8.410000000000e+02  9.598512016208e-02
   42100  8.420000000000e+02  9.535524791291e-02
   42150  8.430000000000e+02  9.469354023886e-02
   42200  8.440000000000e+02  9.400069896807e-02
   42250  8.450000000000e+02  9.327749189572e-02
   42300  8.460000000000e+02  9.252468929050e-02
   42350  8.470000000000e+02  9.174304066960e-02
   42400  8.480000000000e+02  9.093337237810e-02
   42450  8.490000000000e+02  9.009651539972e-02
   42500  8.500000000000e+02  8.923327641580e-02
   42550  8.510000000000e+02  8.834451170379e-02
   42600  8.520000000000e+02  8.743107895514e-02
   42650  8.530000000000e+02  8.649382179299e-02
   42700  8.540000000000e+02  8.553363011858e-02
   42750  8.550000000000e+02  8.455136942373e-02
   42800  8.560000000000e+02  8.354795244152e-02
   42850  8.570000000000e+02  8.252428020992e-02
   42900  8.580000000000e+02  8.148123962548e-02
   42950  8.590000000000e+02  8.041974018394e-02
   43000  8.600000000000e+02  7.934071366430e-02
   43050  8.610000000000e+02  7.824505319000e-02
   43100  8.620000000000e+02  7.713369593293e-02
   43150  8.630000000000e+02  7.600759155750e-02
   43200  8.640000000000e+02  7.486765736301e-02
   43250  8.650000000000e+02  7.371482423409e-02
   43300  8.660000000000e+02  7.255002459443e-02
   43350  8.670000000000e+02  7.137417278016e-02
   43400  8.680000000000e+02  7.018820985869e-02
   43450  8.690000000000e+02  6.899307181776e-02
   43500  8.700000000000e+02  6.778967264141e-02
   43550  8.710000000000e+02  6.657893008943e-02
   43600  8.720000000000e+02  6.536175134678e-02
   43650  8.730000000000e+02  6.413902202676e-02
   43700  8.740000000000e+02  6.291165519910e-02
   43750  8.750000000000e+02  6.168055792450e-02
   43800  8.760000000000e+02  6.044657951280e-02
   43850  8.770000000000e+02  5.921059447718e-02
   43900  8.780000000000e+02  5.797347151227e-02
   43950  8.790000000000e+02  5.673604653535e-02
   44000  8.800000000000e+02  5.549916203521e-02
   44050  8.810000000000e+02  5.426364930059e-02
   44100  8.820000000000e+02  5.303031184517e-02
   44150  8.830000000000e+02  5.179995080931e-02
   44200  8.840000000000e+02  5.057334905162e-02
   44250  8.850000000000e+02  4.935126419700e-02
   44300  8.860000000000e+02  4.813446562188e-02
   44350  8.870000000000e+02  4.692368971779e-02
   44400  8.880000000000e+02  4.571964272798e-02
   44450  8.890000000000e+02  4.452303728178e-02
   44500  8.900000000000e+02  4.333455935572e-02
   44550  8.910000000000e+02  4.215488504064e-02
   44600  8.920000000000e+02  4.098466875528e-02
   44650  8.930000000000e+02  3.982455328115e-02
   44700  8.940000000000e+02  3.867514689751e-02
   44750  8.950000000000e+02  3.753706225089e-02
   44800  8.960000000000e+02  3.641087442709e-02
   44850  8.970000000000e+02  3.529713724898e-02
   44900  8.980000000000e+02  3.419640260894e-02
   44950  8.990000000000e+02  3.310917305654e-02
   45000  9.000000000000e+02  3.203596062370e-02
   45050  9.010000000000e+02  3.097725385256e-02
   45100  9.020000000000e+02  2.993349039515e-02
   45150  9.030000000000e+02  2.890509879356e-02
   45200  9.040000000000e+02  2.789250865738e-02
   45250  9.050000000000e+02  2.689610630113e-02
   45300  9.060000000000e+02  2.591626436299e-02
   45350  9.070000000000e+02  2.495333874505e-02
   45400  9.080000000000e+02  2.400764479175e-02
   45450  9.090000000000e+02  2.307949646760e-02
   45500  9.100000000000e+02  2.216918693136e-02
   45550  9.110000000000e+02  2.127697650571e-02
   45600  9.120000000000e+02  2.040311584206e-02
   45650  9.130000000000e+02  1.954782373496e-02
   45700  9.140000000000e+02  1.871129427983e-02
   45750  9.150000000000e+02  1.789371600262e-02
   45800  9.160000000000e+02  1.709525358574e-02
   45850  9.170000000000e+02  1.631603557311e-02
   45900  9.180000000000e+02  1.555618321260e-02
   45950  9.190000000000e+02  1.481580136375e-02
   46000  9.200000000000e+02  1.409496823650e-02
   46050  9.210000000000e+02  1.339374540821e-02
   46100  9.220000000000e+02  1.271217141007e-02
   46150  9.230000000000e+02  1.205026648822e-02
   46200  9.240000000000e+02  1.140804317500e-02
   46250  9.250000000000e+02  1.078548266842e-02
   46300  9.260000000000e+02  1.018254693539e-02
   46350  9.270000000000e+02  9.599190081780e-03
   46400  9.280000000000e+02  9.035343341449e-03
   46450  9.290000000000e+02  8.490921206444e-03
   46500  9.300000000000e+02  7.965826136952e-03
   46550  9.310000000000e+02  7.459940134797e-03
   46600  9.320000000000e+02  6.973128263498e-03
   46650  9.330000000000e+02  6.505242823896e-03
   46700  9.340000000000e+02  6.056123378048e-03
   46750  9.350000000000e+02  5.625592736963e-03
   46800  9.360000000000e+02  5.213457722605e-03
   46850  9.370000000000e+02  4.819515467133e-03
   46900  9.380000000000e+02  4.443546895020e-03
   46950  9.390000000000e+02  4.085323377690e-03
   47000  9.400000000000e+02  3.744599561374e-03
   47050  9.410000000000e+02  3.421120647023e-03
   47100  9.420000000000e+02  3.114626558126e-03
   47150  9.430000000000e+02  2.824835697118e-03
   47200  9.440000000000e+02  2.551464448456e-03
   47250  9.450000000000e+02  2.294222698326e-03
   47300  9.460000000000e+02  2.052801898605e-03
   47350  9.470000000000e+02  1.826889846008e-03
   47400  9.480000000000e+02  1.616163213076e-03
   47450  9.490000000000e+02  1.420295134110e-03
   47500  9.500000000000e+02  1.238952662088e-03
   47550  9.510000000000e+02  1.071794160566e-03
   47600  9.520000000000e+02  9.184692198521e-04
   47650  9.530000000000e+02  7.786238300795e-04
   47700  9.540000000000e+02  6.519018682642e-04
   47750  9.550000000000e+02  5.379385123773e-04
   47800  9.560000000000e+02  4.363695453088e-04
   47850  9.570000000000e+02  3.468248161035e-04
   47900  9.580000000000e+02  2.689293726754e-04
   47950  9.590000000000e+02  2.023079439036e-04
   48000  9.600000000000e+02  1.465835897948e-04
   48050  9.610000000000e+02  1.013775459210e-04
   48100  9.620000000000e+02  6.631059048147e-05
   48150  9.630000000000e+02  4.100212624937e-05
   48200  9.640000000000e+02  2.507095760435e-05
   48250  9.650000000000e+02  1.813705297566e-05
   48300  9.660000000000e+02  1.982059849366e-05
   48350  9.670000000000e+02  2.974305735123e-05
   48400  9.680000000000e+02  4.752695550110e-05
   48450  9.690000000000e+02  7.279695822118e-05
   48500  9.700000000000e+02  1.051806105317e-04
   48550  9.710000000000e+02  1.443075753992e-04
   48600  9.720000000000e+02  1.898107120915e-04
   48650  9.730000000000e+02  2.413277335038e-04
   48700  9.740000000000e+02  2.984974687953e-04
   48750  9.750000000000e+02  3.609640762912e-04
   48800  9.760000000000e+02  4.283770713965e-04
   48850  9.770000000000e+02  5.003900652338e-04
   48900  9.780000000000e+02  5.766620256909e-04
   48950  9.790000000000e+02  6.568562631488e-04
   49000  9.800000000000e+02  7.406423070256e-04
   49050  9.810000000000e+02  8.276977793239e-04
   49100  9.820000000000e+02  9.177029591692e-04
   49150  9.830000000000e+02  1.010342090602e-03
   49200  9.840000000000e+02  1.105313063378e-03
   49250  9.850000000000e+02  1.202318171476e-03
   49300  9.860000000000e+02  1.301064329916e-03
   49350  9.870000000000e+02  1.401268858043e-03
   49400  9.880000000000e+02  1.502653815942e-03
   49450  9.890000000000e+02  1.604946512787e-03
   49500  9.900000000000e+02  1.707889231684e-03
   49550  9.910000000000e+02  1.811224160478e-03
   49600  9.920000000000e+02  1.914708422706e-03
   49650  9.930000000000e+02  2.018105904841e-03
   49700  9.940000000000e+02  2.121182646967e-03
   49750  9.950000000000e+02  2.223713828403e-03
   49800  9.960000000000e+02  2.325491768423e-03
   49850  9.970000000000e+02  2.426308173959e-03
   49900  9.980000000000e+02  2.525961653055e-03
   49950  9.990000000000e+02  2.624270099676e-03
   50000  1.000000000000e+03  2.721051222809e-03
   50050  1.001000000000e+03  2.816132986456e-03
   50100  1.002000000000e+03  2.909351521742e-03
   50150  1.003000000000e+03  3.000548869154e-03
   50200  1.004000000000e+03  3.089583703230e-03
   50250  1.005000000000e+03  3.176319874033e-03
   50300  1.006000000000e+03  3.260623761875e-03
   50350  1.007000000000e+03  3.342375568365e-03
   50400  1.008000000000e+03  3.421465216509e-03
   50450  1.009000000000e+03  3.497778357459e-03
   50500  1.010000000000e+03  3.571226284438e-03
   50550  1.011000000000e+03  3.641723330966e-03
   50600  1.012000000000e+03  3.709179134501e-03
   50650  1.013000000000e+03  3.773522845736e-03
   50700  1.014000000000e+03  3.834691589591e-03
   50750  1.015000000000e+03  3.892624462686e-03
   50800  1.016000000000e+03  3.947270107698e-03
   50850  1.017000000000e+03  3.998583307896e-03
   50900  1.018000000000e+03  4.046526718990e-03
   50950  1.019000000000e+03  4.091071584344e-03
   51000  1.020000000000e+03  4.132192166754e-03
   51050  1.021000000000e+03  4.169871948615e-03
   51100  1.022000000000e+03  4.204102632179e-03
   51150  1.023000000000e+03  4.234874166283e-03
   51200  1.024000000000e+03  4.262186764090e-03
   51250  1.025000000000e+03  4.286058338220e-03
   51300  1.026000000000e+03  4.306501078738e-03
   51350  1.027000000000e+03  4.323528539440e-03
   51400  1.028000000000e+03  4.337171495559e-03
   51450  1.029000000000e+03  4.347457010320e-03
   51500  1.030000000000e+03  4.354421672016e-03
   51550  1.031000000000e+03  4.358110765198e-03
   51600  1.032000000000e+03  4.358563505703e-03
   51650  1.033000000000e+03  4.355831334870e-03
   51700  1.034000000000e+03  4.349969398607e-03
   51750  1.035000000000e+03  4.341023721611e-03
   51800  1.036000000000e+03  4.329059404033e-03
   51850  1.037000000000e+03  4.314148655435e-03
   51900  1.038000000000e+03  4.296353813589e-03
   51950  1.039000000000e+03  4.275739724432e-03
   52000  1.040000000000e+03  4.252386910136e-03
   52050  1.041000000000e+03  4.226367573149e-03
   52100  1.042000000000e+03  4.197757912197e-03
   52150  1.043000000000e+03  4.166645131703e-03
   52200  1.044000000000e+03  4.133107226986e-03
   52250  1.045000000000e+03  4.097229198529e-03
   52300  1.046000000000e+03  4.059098299512e-03
   52350  1.047000000000e+03  4.018797962884e-03
   52400  1.048000000000e+03  3.976423115602e-03
   52450  1.049000000000e+03  3.932065188658e-03
   52500  1.050000000000e+03  3.885806641320e-03
   52550  1.051000000000e+03  3.837746100409e-03
   52600  1.052000000000e+03  3.787977960367e-03
   52650  1.053000000000e+03  3.736586370105e-03
   52700  1.054000000000e+03  3.683667348573e-03
   52750  1.055000000000e+03  3.629318113144e-03
   52800  1.056000000000e+03  3.573624708655e-03
   52850  1.057000000000e+03  3.516678618061e-03
   52900  1.058000000000e+03  3.458573802681e-03
   52950  1.059000000000e+03  3.399401627281e-03
   53000  1.060000000000e+03  3.339260360035e-03
   53050  1.061000000000e+03  3.278230240111e-03
   53100  1.062000000000e+03  3.216401920010e-03
   53150  1.063000000000e+03  3.153869104055e-03
   53200  1.064000000000e+03  3.090714874332e-03
   53250  1.065000000000e+03  3.027025424498e-03
   53300  1.066000000000e+03  2.962889701521e-03
   53350  1.067000000000e+03  2.898387733949e-03
   53400  1.068000000000e+03  2.833595678040e-03
   53450  1.069000000000e+03  2.768598446567e-03
   53500  1.070000000000e+03  2.703470823596e-03
   53550  1.071000000000e+03  2.638289040531e-03
   53600  1.072000000000e+03  2.573130044495e-03
   53650  1.073000000000e+03  2.508063059761e-03
   53700  1.074000000000e+03  2.443158325003e-03
   53750  1.075000000000e+03  2.378483958827e-03
   53800  1.076000000000e+03  2.314101233102e-03
   53850  1.077000000000e+03  2.250078990577e-03
   53900  1.078000000000e+03  2.186482335190e-03
   53950  1.079000000000e+03  2.123361791226e-03
   54000  1.080000000000e+03  2.060774603855e-03
   54050  1.081000000000e+03  1.998778917164e-03
   54100  1.082000000000e+03  1.937424868950e-03
   54150  1.083000000000e+03  1.876759087488e-03
   54200  1.084000000000e+03  1.816829872327e-03
   54250  1.085000000000e+03  1.757680351046e-03
   54300  1.086000000000e+03  1.699353981804e-03
   54350  1.087000000000e+03  1.641887550506e-03
   54400  1.088000000000e+03  1.585313783132e-03
   54450  1.089000000000e+03  1.529670879607e-03
   54500  1.090000000000e+03  1.474989938337e-03
   54550  1.091000000000e+03  1.421294775163e-03
   54600  1.092000000000e+03  1.368616438792e-03
   54650  1.093000000000e+03  1.316979781446e-03
   54700  1.094000000000e+03  1.266398582147e-03
   54750  1.095000000000e+03  1.216897341299e-03
   54800  1.096000000000e+03  1.168497365507e-03
   54850  1.097000000000e+03  1.121208746108e-03
   54900  1.098000000000e+03  1.075045174165e-03
   54950  1.099000000000e+03  1.030015025093e-03
   55000  1.100000000000e+03  9.861283657379e-04
   55050  1.101000000000e+03  9.433958438904e-04
   55100  1.102000000000e+03  9.018184288213e-04
   55150  1.103000000000e+03  8.613986859742e-04
   55200  1.104000000000e+03  8.221406872499e-04
   55250  1.105000000000e+03  7.840403801374e-04
   55300  1.106000000000e+03  7.470949127896e-04
   55350  1.107000000000e+03  7.113058818361e-04
   55400  1.108000000000e+03  6.766641460999e-04
   55450  1.109000000000e+03  6.431595052174e-04
   55500  1.110000000000e+03  6.107863749642e-04
   55550  1.111000000000e+03  5.795333658581e-04
   55600  1.112000000000e+03  5.493895763792e-04
   55650  1.113000000000e+03  5.203424519649e-04
   55700  1.114000000000e+03  4.923746656991e-04
   55750  1.115000000000e+03  4.654738036731e-04
   55800  1.116000000000e+03  4.396244366929e-04
   55850  1.117000000000e+03  4.148043536743e-04
   55900  1.118000000000e+03  3.909978712699e-04
   55950  1.119000000000e+03  3.681882625996e-04
   56000  1.120000000000e+03  3.463512850377e-04
   56050  1.121000000000e+03  3.254664706835e-04
   56100  1.122000000000e+03  3.055152910137e-04
   56150  1.123000000000e+03  2.864734689971e-04
   56200  1.124000000000e+03  2.683180150570e-04
   56250  1.125000000000e+03  2.510266033141e-04
   56300  1.126000000000e+03  2.345746704335e-04
   56350  1.127000000000e+03  2.189400155582e-04
   56400  1.128000000000e+03  2.040980497823e-04
   56450  1.129000000000e+03  1.900239040739e-04
   56500  1.130000000000e+03  1.766949701843e-04
   56550  1.131000000000e+03  1.640854518167e-04
   56600  1.132000000000e+03  1.521690708571e-04
   56650  1.133000000000e+03  1.409249309239e-04
   56700  1.134000000000e+03  1.303288723725e-04
   56750  1.135000000000e+03  1.203541313567e-04
   56800  1.136000000000e+03  1.109776250888e-04
   56850  1.137000000000e+03  1.021758711587e-04
   56900  1.138000000000e+03  9.392406252521e-05
   56950  1.139000000000e+03  8.619994547837e-05
   57000  1.140000000000e+03  7.898004161273e-05
   57050  1.141000000000e+03  7.224103579179e-05
   57100  1.142000000000e+03  6.596150012512e-05
   57150  1.143000000000e+03  6.011813136363e-05
   57200  1.144000000000e+03  5.468913614813e-05
   57250  1.145000000000e+03  4.965532393542e-05
   57300  1.146000000000e+03  4.499446437051e-05
   57350  1.147000000000e+03  4.068646859250e-05
   57400  1.148000000000e+03  3.671326126222e-05
   57450  1.149000000000e+03  3.305489195021e-05
   57500  1.150000000000e+03  2.969274067228e-05
   57550  1.151000000000e+03  2.660965201564e-05
   57600  1.152000000000e+03  2.378814259173e-05
   57650  1.153000000000e+03  2.121160718542e-05
   57700  1.154000000000e+03  1.886447033829e-05
   57750  1.155000000000e+03  1.673078247289e-05
   57800  1.156000000000e+03  1.479627801360e-05
   57850  1.157000000000e+03  1.304672877974e-05
   57900  1.158000000000e+03  1.146788533500e-05
   57950  1.159000000000e+03  1.004764073236e-05
   58000  1.160000000000e+03  8.774160492379e-06
   58050  1.161000000000e+03  7.634816563865e-06
   58100  1.162000000000e+03  6.618727756209e-06
   58150  1.163000000000e+03  5.715879090769e-06
   58200  1.164000000000e+03  4.915996785176e-06
   58250  1.165000000000e+03  4.209967078575e-06
   58300  1.166000000000e+03  3.589052303445e-06
   58350  1.167000000000e+03  3.045125916319e-06
   58400  1.168000000000e+03  2.570731766370e-06
   58450  1.169000000000e+03  2.158658019252e-06
   58500  1.170000000000e+03  1.802327347734e-06
   58550  1.171000000000e+03  1.495963745157e-06
   58600  1.172000000000e+03  1.233785658097e-06
   58650  1.173000000000e+03  1.010556949489e-06
   58700  1.174000000000e+03  8.218727465328e-07
   58750  1.175000000000e+03  6.633898604058e-07
   58800  1.176000000000e+03  5.310296834621e-07
   58850  1.177000000000e+03  4.214015549772e-07
   58900  1.178000000000e+03  3.313669290489e-07
   58950  1.179000000000e+03  2.580266091762e-07
   59000  1.180000000000e+03  1.988849640741e-07
   59050  1.181000000000e+03  1.516764989024e-07
   59100  1.182000000000e+03  1.144191599176e-07
   59150  1.183000000000e+03  8.542267870143e-08
   59200  1.184000000000e+03  6.313231828980e-08
   59250  1.185000000000e+03  4.628232111448e-08
   59300  1.186000000000e+03  3.380942421860e-08
   59350  1.187000000000e+03  2.471767312356e-08
   59400  1.188000000000e+03  1.824298444253e-08
   59450  1.189000000000e+03  1.377613916692e-08
   59500  1.190000000000e+03  1.077925903398e-08
   59550  1.191000000000e+03  8.840411486188e-09
   59600  1.192000000000e+03  7.646709487830e-09
   59650  1.193000000000e+03  6.950970431185e-09
   59700  1.194000000000e+03  6.571959747237e-09
   59750  1.195000000000e+03  6.384542859672e-09
   59800  1.196000000000e+03  6.303554789255e-09
   59850  1.197000000000e+03  6.275236746900e-09
   59900  1.198000000000e+03  6.267514014724e-09
   59950  1.199000000000e+03  6.264501424547e-09
   60000  1.200000000000e+03  6.263623023028e-09
   60050  1.201000000000e+03  6.261880597380e-09
   60100  1.202000000000e+03  6.258987016172e-09
   60150  1.203000000000e+03  6.256730349097e-09
   60200  1.204000000000e+03  6.258976212314e-09
   60250  1.205000000000e+03  6.264361168684e-09
   60300  1.206000000000e+03  6.265747892753e-09
   60350  1.207000000000e+03  6.263588515909e-09
   60400  1.208000000000e+03  6.262062320073e-09
   60450  1.209000000000e+03  6.266197782878e-09
   60500  1.210000000000e+03  6.271968680527e-09
   60550  1.211000000000e+03  6.274009936580e-09
   60600  1.212000000000e+03  6.272284476527e-09
   60650  1.213000000000e+03  6.271027211402e-09
   60700  1.214000000000e+03  6.271391371493e-09
   60750  1.215000000000e+03  6.271621715015e-09
   60800  1.216000000000e+03  6.271964399229e-09
   60850  1.217000000000e+03  6.272288910480e-09
   60900  1.218000000000e+03  6.273305201698e-09
   60950  1.219000000000e+03  6.273342616214e-09
   61000  1.220000000000e+03  6.273048823446e-09
   61050  1.221000000000e+03  6.273301010606e-09
   61100  1.222000000000e+03  6.272777311467e-09
   61150  1.223000000000e+03  6.271714689254e-09
   61200  1.224000000000e+03  6.271250692358e-09
   61250  1.225000000000e+03  6.274100253223e-09
   61300  1.226000000000e+03  6.277069475313e-09
   61350  1.227000000000e+03  6.276081675194e-09
   61400  1.228000000000e+03  6.271803347502e-09
   61450  1.229000000000e+03  6.268950830668e-09
   61500  1.230000000000e+03  6.272144706387e-09
   61550  1.231000000000e+03  6.276146408135e-09
   61600  1.232000000000e+03  6.276851281795e-09
   61650  1.233000000000e+03  6.273886500596e-09
   61700  1.234000000000e+03  6.270953228915e-09
   61750  1.235000000000e+03  6.270264300834e-09
   61800  1.236000000000e+03  6.269645490276e-09
   61850  1.237000000000e+03  6.270622375515e-09
   61900  1.238000000000e+03  6.271656007029e-09
   61950  1.239000000000e+03  6.272657726569e-09
   62000  1.240000000000e+03  6.270971679434e-09
   62050  1.241000000000e+03  6.266758070805e-09
   62100  1.242000000000e+03  6.265482188628e-09
   62150  1.243000000000e+03  6.267328774012e-09
   62200  1.244000000000e+03  6.271085706278e-09
   62250  1.245000000000e+03  6.270675673159e-09
   62300  1.246000000000e+03  6.267326178866e-09
   62350  1.247000000000e+03  6.264782206888e-09
   62400  1.248000000000e+03  6.264868221417e-09
   62450  1.249000000000e+03  6.266953143930e-09
   62500  1.250000000000e+03  6.267168103924e-09
   62550  1.251000000000e+03  6.266552561585e-09
   62600  1.252000000000e+03  6.265386966187e-09
   62650  1.253000000000e+03  6.265929684834e-09
   62700  1.254000000000e+03  6.266824753576e-09
   62750  1.255000000000e+03  6.267255048265e-09
   62800  1.256000000000e+03  6.267108783320e-09
   62850  1.257000000000e+03  6.266827452805e-09
   62900  1.258000000000e+03  6.267167437790e-09
   62950  1.259000000000e+03  6.268368178686e-09
   63000  1.260000000000e+03  6.269553085025e-09
   63050  1.261000000000e+03  6.268969218737e-09
   63100  1.262000000000e+03  6.267400938509e-09
   63150  1.263000000000e+03  6.266442982572e-09
   63200  1.264000000000e+03  6.268756652661e-09
   63250  1.265000000000e+03  6.271570082705e-09
   63300  1.266000000000e+03  6.270729775715e-09
   63350  1.267000000000e+03  6.269101980594e-09
   63400  1.268000000000e+03  6.269640348555e-09
   63450  1.269000000000e+03  6.273027229609e-09
   63500  1.270000000000e+03  6.274089581204e-09
   63550  1.271000000000e+03  6.271862265650e-09
   63600  1.272000000000e+03  6.270961062926e-09
   63650  1.273000000000e+03  6.273303883308e-09
   63700  1.274000000000e+03  6.276447382658e-09
   63750  1.275000000000e+03  6.275389610733e-09
   63800  1.276000000000e+03  6.271322343376e-09
   63850  1.277000000000e+03  6.269999096309e-09
   63900  1.278000000000e+03  6.272225162862e-09
   63950  1.279000000000e+03  6.273905277243e-09
   64000  1.280000000000e+03  6.273373459598e-09
   64050  1.281000000000e+03  6.271394126234e-09
   64100  1.282000000000e+03  6.269680288828e-09
   64150  1.283000000000e+03  6.268628699457e-09
   64200  1.284000000000e+03  6.268271582344e-09
   64250  1.285000000000e+03  6.269080601862e-09
   64300  1.286000000000e+03  6.270088226401e-09
   64350  1.287000000000e+03  6.269712207740e-09
   64400  1.288000000000e+03  6.266932438270e-09
   64450  1.289000000000e+03  6.264908772313e-09
   64500  1.290000000000e+03  6.265866291100e-09
   64550  1.291000000000e+03  6.267146794581e-09
   64600  1.292000000000e+03  6.266896272755e-09
   64650  1.293000000000e+03  6.266715354974e-09
   64700  1.294000000000e+03  6.266972642222e-09
   64750  1.295000000000e+03  6.266966369461e-09
   64800  1.296000000000e+03  6.264382179655e-09
   64850  1.297000000000e+03  6.262946453117e-09
   64900  1.298000000000e+03  6.264767815622e-09
   64950  1.299000000000e+03  6.268441973822e-09
   65000  1.300000000000e+03  6.267932374515e-09
