################################################################################
# HEADER
# nspin         1
#%
# nik       217
#  st         1      26
# ust         1      26
# Iter             t            #  iter t Nex(t)  
################################################################################
       0  0.000000000000e+00 -2.560451850542e-15
      50  1.000000000000e+00  1.162935581167e-10
     100  2.000000000000e+00  1.926555512344e-10
     150  3.000000000000e+00  3.231157771899e-10
     200  4.000000000000e+00  8.926810263210e-10
     250  5.000000000000e+00  3.163972799036e-09
     300  6.000000000000e+00  1.005604274851e-08
     350  7.000000000000e+00  2.676586589173e-08
     400  8.000000000000e+00  6.216357339300e-08
     450  9.000000000000e+00  1.297403154840e-07
     500  1.000000000000e+01  2.487380292501e-07
     550  1.100000000000e+01  4.447086716652e-07
     600  1.200000000000e+01  7.498473822004e-07
     650  1.300000000000e+01  1.202726611978e-06
     700  1.400000000000e+01  1.848756509576e-06
     750  1.500000000000e+01  2.739773769543e-06
     800  1.600000000000e+01  3.933878757127e-06
     850  1.700000000000e+01  5.493658884019e-06
     900  1.800000000000e+01  7.485201769311e-06
     950  1.900000000000e+01  9.975788619658e-06
    1000  2.000000000000e+01  1.302952191589e-05
    1050  2.100000000000e+01  1.670455017465e-05
    1100  2.200000000000e+01  2.105069346253e-05
    1150  2.300000000000e+01  2.610461734491e-05
    1200  2.400000000000e+01  3.188715212265e-05
    1250  2.500000000000e+01  3.840169252647e-05
    1300  2.600000000000e+01  4.562842130112e-05
    1350  2.700000000000e+01  5.352505622445e-05
    1400  2.800000000000e+01  6.202572271360e-05
    1450  2.900000000000e+01  7.103854183960e-05
    1500  3.000000000000e+01  8.044421380227e-05
    1550  3.100000000000e+01  9.009366841699e-05
    1600  3.200000000000e+01  9.981008809853e-05
    1650  3.300000000000e+01  1.093904455055e-04
    1700  3.400000000000e+01  1.186074086615e-04
    1750  3.500000000000e+01  1.272181451942e-04
    1800  3.600000000000e+01  1.349680188371e-04
    1850  3.700000000000e+01  1.415968786089e-04
    1900  3.800000000000e+01  1.468498552488e-04
    1950  3.900000000000e+01  1.504893281001e-04
    2000  4.000000000000e+01  1.523048024074e-04
    2050  4.100000000000e+01  1.521230865083e-04
    2100  4.200000000000e+01  1.498169264611e-04
    2150  4.300000000000e+01  1.453207279151e-04
    2200  4.400000000000e+01  1.386358011662e-04
    2250  4.500000000000e+01  1.298420275953e-04
    2300  4.600000000000e+01  1.191080969269e-04
    2350  4.700000000000e+01  1.066989376632e-04
    2400  4.800000000000e+01  9.298398184086e-05
    2450  4.900000000000e+01  7.844144235637e-05
    2500  5.000000000000e+01  6.365984169694e-05
    2550  5.100000000000e+01  4.933897526387e-05
    2600  5.200000000000e+01  3.628746799215e-05
    2650  5.300000000000e+01  2.541546178798e-05
    2700  5.400000000000e+01  1.772811024586e-05
    2750  5.500000000000e+01  1.431235048465e-05
    2800  5.600000000000e+01  1.632315573376e-05
    2850  5.700000000000e+01  2.496574641118e-05
    2900  5.800000000000e+01  4.147544342960e-05
    2950  5.900000000000e+01  6.709245584124e-05
    3000  6.000000000000e+01  1.030362924013e-04
    3050  6.100000000000e+01  1.504769834816e-04
    3100  6.200000000000e+01  2.105046345200e-04
    3150  6.300000000000e+01  2.840999929866e-04
    3200  6.400000000000e+01  3.721032939683e-04
    3250  6.500000000000e+01  4.751813237028e-04
    3300  6.600000000000e+01  5.937974921339e-04
    3350  6.700000000000e+01  7.281878682072e-04
    3400  6.800000000000e+01  8.783363500127e-04
    3450  6.900000000000e+01  1.043949851237e-03
    3500  7.000000000000e+01  1.224435554511e-03
    3550  7.100000000000e+01  1.418884327073e-03
    3600  7.200000000000e+01  1.626071997771e-03
    3650  7.300000000000e+01  1.844447572882e-03
    3700  7.400000000000e+01  2.072148045680e-03
    3750  7.500000000000e+01  2.306997032874e-03
    3800  7.600000000000e+01  2.546516502711e-03
    3850  7.700000000000e+01  2.787961971443e-03
    3900  7.800000000000e+01  3.028358111339e-03
    3950  7.900000000000e+01  3.264533016369e-03
    4000  8.000000000000e+01  3.493162505143e-03
    4050  8.100000000000e+01  3.710801794423e-03
    4100  8.200000000000e+01  3.913955335702e-03
    4150  8.300000000000e+01  4.099148616042e-03
    4200  8.400000000000e+01  4.262976558974e-03
    4250  8.500000000000e+01  4.402185327738e-03
    4300  8.600000000000e+01  4.513722498107e-03
    4350  8.700000000000e+01  4.594828178516e-03
    4400  8.800000000000e+01  4.643125846313e-03
    4450  8.900000000000e+01  4.656669337774e-03
    4500  9.000000000000e+01  4.634027277636e-03
    4550  9.100000000000e+01  4.574318333582e-03
    4600  9.200000000000e+01  4.477284749194e-03
    4650  9.300000000000e+01  4.343346068459e-03
    4700  9.400000000000e+01  4.173621570521e-03
    4750  9.500000000000e+01  3.969954494137e-03
    4800  9.600000000000e+01  3.734919868851e-03
    4850  9.700000000000e+01  3.471850421079e-03
    4900  9.800000000000e+01  3.184828713878e-03
    4950  9.900000000000e+01  2.878666073815e-03
    5000  1.000000000000e+02  2.558859063107e-03
    5050  1.010000000000e+02  2.231533611544e-03
    5100  1.020000000000e+02  1.903398877694e-03
    5150  1.030000000000e+02  1.581667284833e-03
    5200  1.040000000000e+02  1.273958537610e-03
    5250  1.050000000000e+02  9.881816033660e-04
    5300  1.060000000000e+02  7.324274428515e-04
    5350  1.070000000000e+02  5.148433420889e-04
    5400  1.080000000000e+02  3.435066488787e-04
    5450  1.090000000000e+02  2.262798186169e-04
    5500  1.100000000000e+02  1.706666728044e-04
    5550  1.110000000000e+02  1.836700859729e-04
    5600  1.120000000000e+02  2.716503974838e-04
    5650  1.130000000000e+02  4.401849352857e-04
    5700  1.140000000000e+02  6.939322189529e-04
    5750  1.150000000000e+02  1.036504343214e-03
    5800  1.160000000000e+02  1.470356426002e-03
    5850  1.170000000000e+02  1.996684363319e-03
    5900  1.180000000000e+02  2.615335238033e-03
    5950  1.190000000000e+02  3.324738082132e-03
    6000  1.200000000000e+02  4.121868052212e-03
    6050  1.210000000000e+02  5.002228194986e-03
    6100  1.220000000000e+02  5.959843651107e-03
    6150  1.230000000000e+02  6.987280073987e-03
    6200  1.240000000000e+02  8.075685518343e-03
    6250  1.250000000000e+02  9.214884722396e-03
    6300  1.260000000000e+02  1.039346796538e-02
    6350  1.270000000000e+02  1.159891301699e-02
    6400  1.280000000000e+02  1.281773031862e-02
    6450  1.290000000000e+02  1.403561681950e-02
    6500  1.300000000000e+02  1.523768133720e-02
    6550  1.310000000000e+02  1.640863107611e-02
    6600  1.320000000000e+02  1.753300127402e-02
    6650  1.330000000000e+02  1.859538250702e-02
    6700  1.340000000000e+02  1.958066370319e-02
    6750  1.350000000000e+02  2.047428409987e-02
    6800  1.360000000000e+02  2.126247278695e-02
    6850  1.370000000000e+02  2.193248967157e-02
    6900  1.380000000000e+02  2.247286756813e-02
    6950  1.390000000000e+02  2.287362636343e-02
    7000  1.400000000000e+02  2.312648102990e-02
    7050  1.410000000000e+02  2.322504906581e-02
    7100  1.420000000000e+02  2.316501002754e-02
    7150  1.430000000000e+02  2.294424747180e-02
    7200  1.440000000000e+02  2.256294416427e-02
    7250  1.450000000000e+02  2.202372710426e-02
    7300  1.460000000000e+02  2.133164183075e-02
    7350  1.470000000000e+02  2.049421746663e-02
    7400  1.480000000000e+02  1.952143527762e-02
    7450  1.490000000000e+02  1.842565041810e-02
    7500  1.500000000000e+02  1.722152180641e-02
    7550  1.510000000000e+02  1.592585602663e-02
    7600  1.520000000000e+02  1.455743237994e-02
    7650  1.530000000000e+02  1.313680084601e-02
    7700  1.540000000000e+02  1.168601179988e-02
    7750  1.550000000000e+02  1.022833537099e-02
    7800  1.560000000000e+02  8.787944972075e-03
    7850  1.570000000000e+02  7.389591725369e-03
    7900  1.580000000000e+02  6.058247324131e-03
    7950  1.590000000000e+02  4.818703850958e-03
    8000  1.600000000000e+02  3.695219256249e-03
    8050  1.610000000000e+02  2.711122714407e-03
    8100  1.620000000000e+02  1.888459549346e-03
    8150  1.630000000000e+02  1.247608001049e-03
    8200  1.640000000000e+02  8.069183355095e-04
    8250  1.650000000000e+02  5.823916931817e-04
    8300  1.660000000000e+02  5.873681827134e-04
    8350  1.670000000000e+02  8.322570593695e-04
    8400  1.680000000000e+02  1.324299703760e-03
    8450  1.690000000000e+02  2.067376147159e-03
    8500  1.700000000000e+02  3.061856517117e-03
    8550  1.710000000000e+02  4.304506028539e-03
    8600  1.720000000000e+02  5.788430154365e-03
    8650  1.730000000000e+02  7.503079755700e-03
    8700  1.740000000000e+02  9.434324430120e-03
    8750  1.750000000000e+02  1.156455874085e-02
    8800  1.760000000000e+02  1.387290230558e-02
    8850  1.770000000000e+02  1.633540955365e-02
    8900  1.780000000000e+02  1.892536009658e-02
    8950  1.790000000000e+02  2.161356908257e-02
    9000  1.800000000000e+02  2.436880472786e-02
    9050  1.810000000000e+02  2.715818313724e-02
    9100  1.820000000000e+02  2.994759846320e-02
    9150  1.830000000000e+02  3.270218055093e-02
    9200  1.840000000000e+02  3.538676840170e-02
    9250  1.850000000000e+02  3.796645412900e-02
    9300  1.860000000000e+02  4.040707959934e-02
    9350  1.870000000000e+02  4.267570397490e-02
    9400  1.880000000000e+02  4.474109189530e-02
    9450  1.890000000000e+02  4.657419595892e-02
    9500  1.900000000000e+02  4.814863739562e-02
    9550  1.910000000000e+02  4.944110819342e-02
    9600  1.920000000000e+02  5.043179097131e-02
    9650  1.930000000000e+02  5.110464507506e-02
    9700  1.940000000000e+02  5.144772472559e-02
    9750  1.950000000000e+02  5.145347267895e-02
    9800  1.960000000000e+02  5.111888851841e-02
    9850  1.970000000000e+02  5.044565619888e-02
    9900  1.980000000000e+02  4.944014645178e-02
    9950  1.990000000000e+02  4.811344337762e-02
   10000  2.000000000000e+02  4.648132521824e-02
   10050  2.010000000000e+02  4.456405012321e-02
   10100  2.020000000000e+02  4.238616142262e-02
   10150  2.030000000000e+02  3.997619873322e-02
   10200  2.040000000000e+02  3.736630283381e-02
   10250  2.050000000000e+02  3.459193250979e-02
   10300  2.060000000000e+02  3.169131468538e-02
   10350  2.070000000000e+02  2.870496117438e-02
   10400  2.080000000000e+02  2.567511219396e-02
   10450  2.090000000000e+02  2.264516046325e-02
   10500  2.100000000000e+02  1.965905194063e-02
   10550  2.110000000000e+02  1.676067800196e-02
   10600  2.120000000000e+02  1.399324051825e-02
   10650  2.130000000000e+02  1.139860182501e-02
   10700  2.140000000000e+02  9.016677639493e-03
   10750  2.150000000000e+02  6.884837145511e-03
   10800  2.160000000000e+02  5.037331527701e-03
   10850  2.170000000000e+02  3.504760554471e-03
   10900  2.180000000000e+02  2.313587231234e-03
   10950  2.190000000000e+02  1.485721863812e-03
   11000  2.200000000000e+02  1.038170296576e-03
   11050  2.210000000000e+02  9.827377631547e-04
   11100  2.220000000000e+02  1.325808877087e-03
   11150  2.230000000000e+02  2.068207565623e-03
   11200  2.240000000000e+02  3.205139244058e-03
   11250  2.250000000000e+02  4.726203597441e-03
   11300  2.260000000000e+02  6.615506198352e-03
   11350  2.270000000000e+02  8.851840871213e-03
   11400  2.280000000000e+02  1.140897175417e-02
   11450  2.290000000000e+02  1.425597774310e-02
   11500  2.300000000000e+02  1.735767637808e-02
   11550  2.310000000000e+02  2.067511871098e-02
   11600  2.320000000000e+02  2.416610039608e-02
   11650  2.330000000000e+02  2.778574862303e-02
   11700  2.340000000000e+02  3.148713093309e-02
   11750  2.350000000000e+02  3.522192703939e-02
   11800  2.360000000000e+02  3.894110793449e-02
   11850  2.370000000000e+02  4.259555248205e-02
   11900  2.380000000000e+02  4.613680371105e-02
   11950  2.390000000000e+02  4.951773308387e-02
   12000  2.400000000000e+02  5.269320469901e-02
   12050  2.410000000000e+02  5.562070173627e-02
   12100  2.420000000000e+02  5.826095409812e-02
   12150  2.430000000000e+02  6.057846871817e-02
   12200  2.440000000000e+02  6.254200428940e-02
   12250  2.450000000000e+02  6.412500875197e-02
   12300  2.460000000000e+02  6.530598555166e-02
   12350  2.470000000000e+02  6.606880902242e-02
   12400  2.480000000000e+02  6.640297310473e-02
   12450  2.490000000000e+02  6.630371751784e-02
   12500  2.500000000000e+02  6.577216116311e-02
   12550  2.510000000000e+02  6.481526010383e-02
   12600  2.520000000000e+02  6.344573432297e-02
   12650  2.530000000000e+02  6.168191560239e-02
   12700  2.540000000000e+02  5.954750074998e-02
   12750  2.550000000000e+02  5.707117984394e-02
   12800  2.560000000000e+02  5.428623293769e-02
   12850  2.570000000000e+02  5.123007117572e-02
   12900  2.580000000000e+02  4.794371026110e-02
   12950  2.590000000000e+02  4.447119781999e-02
   13000  2.600000000000e+02  4.085900311769e-02
   13050  2.610000000000e+02  3.715534443076e-02
   13100  2.620000000000e+02  3.340949805868e-02
   13150  2.630000000000e+02  2.967113732515e-02
   13200  2.640000000000e+02  2.598962768408e-02
   13250  2.650000000000e+02  2.241333002733e-02
   13300  2.660000000000e+02  1.898891977740e-02
   13350  2.670000000000e+02  1.576069574389e-02
   13400  2.680000000000e+02  1.276998944497e-02
   13450  2.690000000000e+02  1.005456375108e-02
   13500  2.700000000000e+02  7.648119579265e-03
   13550  2.710000000000e+02  5.579842253386e-03
   13600  2.720000000000e+02  3.873983787904e-03
   13650  2.730000000000e+02  2.549565802684e-03
   13700  2.740000000000e+02  1.620135425577e-03
   13750  2.750000000000e+02  1.093628612851e-03
   13800  2.760000000000e+02  9.722920813009e-04
   13850  2.770000000000e+02  1.252696600558e-03
   13900  2.780000000000e+02  1.925834941975e-03
   13950  2.790000000000e+02  2.977305549197e-03
   14000  2.800000000000e+02  4.387557873928e-03
   14050  2.810000000000e+02  6.132229154290e-03
   14100  2.820000000000e+02  8.182548538427e-03
   14150  2.830000000000e+02  1.050576571538e-02
   14200  2.840000000000e+02  1.306567847946e-02
   14250  2.850000000000e+02  1.582317678243e-02
   14300  2.860000000000e+02  1.873682103927e-02
   14350  2.870000000000e+02  2.176345409800e-02
   14400  2.880000000000e+02  2.485882583803e-02
   14450  2.890000000000e+02  2.797823548189e-02
   14500  2.900000000000e+02  3.107713886819e-02
   14550  2.910000000000e+02  3.411179742562e-02
   14600  2.920000000000e+02  3.703988031773e-02
   14650  2.930000000000e+02  3.982103496536e-02
   14700  2.940000000000e+02  4.241742062176e-02
   14750  2.950000000000e+02  4.479417177389e-02
   14800  2.960000000000e+02  4.691988050042e-02
   14850  2.970000000000e+02  4.876696178730e-02
   14900  2.980000000000e+02  5.031198282778e-02
   14950  2.990000000000e+02  5.153595258079e-02
   15000  3.000000000000e+02  5.242446967323e-02
   15050  3.010000000000e+02  5.296789091585e-02
   15100  3.020000000000e+02  5.316141769551e-02
   15150  3.030000000000e+02  5.300505593019e-02
   15200  3.040000000000e+02  5.250357640091e-02
   15250  3.050000000000e+02  5.166635308308e-02
   15300  3.060000000000e+02  5.050720417036e-02
   15350  3.070000000000e+02  4.904409500656e-02
   15400  3.080000000000e+02  4.729883584913e-02
   15450  3.090000000000e+02  4.529673207318e-02
   15500  3.100000000000e+02  4.306614690275e-02
   15550  3.110000000000e+02  4.063808029066e-02
   15600  3.120000000000e+02  3.804570354912e-02
   15650  3.130000000000e+02  3.532382405758e-02
   15700  3.140000000000e+02  3.250839335262e-02
   15750  3.150000000000e+02  2.963593343553e-02
   15800  3.160000000000e+02  2.674301918782e-02
   15850  3.170000000000e+02  2.386576887440e-02
   15900  3.180000000000e+02  2.103933360215e-02
   15950  3.190000000000e+02  1.829740770523e-02
   16000  3.200000000000e+02  1.567176373255e-02
   16050  3.210000000000e+02  1.319184754229e-02
   16100  3.220000000000e+02  1.088440968427e-02
   16150  3.230000000000e+02  8.773175960019e-03
   16200  3.240000000000e+02  6.878579248900e-03
   16250  3.250000000000e+02  5.217535828298e-03
   16300  3.260000000000e+02  3.803272583635e-03
   16350  3.270000000000e+02  2.645224099580e-03
   16400  3.280000000000e+02  1.748976427986e-03
   16450  3.290000000000e+02  1.116292295957e-03
   16500  3.300000000000e+02  7.451740672472e-04
   16550  3.310000000000e+02  6.299844395501e-04
   16600  3.320000000000e+02  7.616292091051e-04
   16650  3.330000000000e+02  1.127784181632e-03
   16700  3.340000000000e+02  1.713165125907e-03
   16750  3.350000000000e+02  2.499836807284e-03
   16800  3.360000000000e+02  3.467552139167e-03
   16850  3.370000000000e+02  4.594113921775e-03
   16900  3.380000000000e+02  5.855754863894e-03
   16950  3.390000000000e+02  7.227533323932e-03
   17000  3.400000000000e+02  8.683723689010e-03
   17050  3.410000000000e+02  1.019822556002e-02
   17100  3.420000000000e+02  1.174493739552e-02
   17150  3.430000000000e+02  1.329812458030e-02
   17200  3.440000000000e+02  1.483279648980e-02
   17250  3.450000000000e+02  1.632502809635e-02
   17300  3.460000000000e+02  1.775227102758e-02
   17350  3.470000000000e+02  1.909364276171e-02
   17400  3.480000000000e+02  2.033015871472e-02
   17450  3.490000000000e+02  2.144495668225e-02
   17500  3.500000000000e+02  2.242348364136e-02
   17550  3.510000000000e+02  2.325359469261e-02
   17600  3.520000000000e+02  2.392567930732e-02
   17650  3.530000000000e+02  2.443271915043e-02
   17700  3.540000000000e+02  2.477027812255e-02
   17750  3.550000000000e+02  2.493646807088e-02
   17800  3.560000000000e+02  2.493192122932e-02
   17850  3.570000000000e+02  2.475968335265e-02
   17900  3.580000000000e+02  2.442509056459e-02
   17950  3.590000000000e+02  2.393561328983e-02
   18000  3.600000000000e+02  2.330067486177e-02
   18050  3.610000000000e+02  2.253145849906e-02
   18100  3.620000000000e+02  2.164068239547e-02
   18150  3.630000000000e+02  2.064233164318e-02
   18200  3.640000000000e+02  1.955142897896e-02
   18250  3.650000000000e+02  1.838376573728e-02
   18300  3.660000000000e+02  1.715561984934e-02
   18350  3.670000000000e+02  1.588350921450e-02
   18400  3.680000000000e+02  1.458394506567e-02
   18450  3.690000000000e+02  1.327320281500e-02
   18500  3.700000000000e+02  1.196706323193e-02
   18550  3.710000000000e+02  1.068061457797e-02
   18600  3.720000000000e+02  9.428069846275e-03
   18650  3.730000000000e+02  8.222562352093e-03
   18700  3.740000000000e+02  7.076032477599e-03
   18750  3.750000000000e+02  5.999057896739e-03
   18800  3.760000000000e+02  5.000766072446e-03
   18850  3.770000000000e+02  4.088755987153e-03
   18900  3.780000000000e+02  3.269039073345e-03
   18950  3.790000000000e+02  2.546030415654e-03
   19000  3.800000000000e+02  1.922541634273e-03
   19050  3.810000000000e+02  1.399818957199e-03
   19100  3.820000000000e+02  9.775877581276e-04
   19150  3.830000000000e+02  6.541334608212e-04
   19200  3.840000000000e+02  4.263901786220e-04
   19250  3.850000000000e+02  2.900496001444e-04
   19300  3.860000000000e+02  2.396886744333e-04
   19350  3.870000000000e+02  2.689085479826e-04
   19400  3.880000000000e+02  3.704845412561e-04
   19450  3.890000000000e+02  5.365230734905e-04
   19500  3.900000000000e+02  7.586216724796e-04
   19550  3.910000000000e+02  1.028031868193e-03
   19600  3.920000000000e+02  1.335815083527e-03
   19650  3.930000000000e+02  1.672995372901e-03
   19700  3.940000000000e+02  2.030705861969e-03
   19750  3.950000000000e+02  2.400318249305e-03
   19800  3.960000000000e+02  2.773576069866e-03
   19850  3.970000000000e+02  3.142700512171e-03
   19900  3.980000000000e+02  3.500484483529e-03
   19950  3.990000000000e+02  3.840373589509e-03
   20000  4.000000000000e+02  4.156536986919e-03
   20050  4.010000000000e+02  4.443906610652e-03
   20100  4.020000000000e+02  4.698220858260e-03
   20150  4.030000000000e+02  4.916035910528e-03
   20200  4.040000000000e+02  5.094742278604e-03
   20250  4.050000000000e+02  5.232546717750e-03
   20300  4.060000000000e+02  5.328447893362e-03
   20350  4.070000000000e+02  5.382216479167e-03
   20400  4.080000000000e+02  5.394337294986e-03
   20450  4.090000000000e+02  5.365967538327e-03
   20500  4.100000000000e+02  5.298871395104e-03
   20550  4.110000000000e+02  5.195352670185e-03
   20600  4.120000000000e+02  5.058180002306e-03
   20650  4.130000000000e+02  4.890506930501e-03
   20700  4.140000000000e+02  4.695796821070e-03
   20750  4.150000000000e+02  4.477739311601e-03
   20800  4.160000000000e+02  4.240190473450e-03
   20850  4.170000000000e+02  3.987067488585e-03
   20900  4.180000000000e+02  3.722300071734e-03
   20950  4.190000000000e+02  3.449764921154e-03
   21000  4.200000000000e+02  3.173209497577e-03
   21050  4.210000000000e+02  2.896207912286e-03
   21100  4.220000000000e+02  2.622108031443e-03
   21150  4.230000000000e+02  2.353979207337e-03
   21200  4.240000000000e+02  2.094590493916e-03
   21250  4.250000000000e+02  1.846371173315e-03
   21300  4.260000000000e+02  1.611402401170e-03
   21350  4.270000000000e+02  1.391403028319e-03
   21400  4.280000000000e+02  1.187720599526e-03
   21450  4.290000000000e+02  1.001338720076e-03
   21500  4.300000000000e+02  8.328865975807e-04
   21550  4.310000000000e+02  6.826604626317e-04
   21600  4.320000000000e+02  5.506397296892e-04
   21650  4.330000000000e+02  4.365166500425e-04
   21700  4.340000000000e+02  3.397234322397e-04
   21750  4.350000000000e+02  2.594639411222e-04
   21800  4.360000000000e+02  1.947522509061e-04
   21850  4.370000000000e+02  1.444466887166e-04
   21900  4.380000000000e+02  1.072840897300e-04
   21950  4.390000000000e+02  8.191240893257e-05
   22000  4.400000000000e+02  6.692399640840e-05
   22050  4.410000000000e+02  6.088741229840e-05
   22100  4.420000000000e+02  6.237615800248e-05
   22150  4.430000000000e+02  6.999519575746e-05
   22200  4.440000000000e+02  8.240485480929e-05
   22250  4.450000000000e+02  9.834200493366e-05
   22300  4.460000000000e+02  1.166376915678e-04
   22350  4.470000000000e+02  1.362310639287e-04
   22400  4.480000000000e+02  1.561787467500e-04
   22450  4.490000000000e+02  1.756608120283e-04
   22500  4.500000000000e+02  1.939849437860e-04
   22550  4.510000000000e+02  2.105866918153e-04
   22600  4.520000000000e+02  2.250241101647e-04
   22650  4.530000000000e+02  2.369765953814e-04
   22700  4.540000000000e+02  2.462367350075e-04
   22750  4.550000000000e+02  2.527001329693e-04
   22800  4.560000000000e+02  2.563568531341e-04
   22850  4.570000000000e+02  2.572783956910e-04
   22900  4.580000000000e+02  2.556070351882e-04
   22950  4.590000000000e+02  2.515438571892e-04
   23000  4.600000000000e+02  2.453315275111e-04
   23050  4.610000000000e+02  2.372472414466e-04
   23100  4.620000000000e+02  2.275891690440e-04
   23150  4.630000000000e+02  2.166650404297e-04
   23200  4.640000000000e+02  2.047838184394e-04
   23250  4.650000000000e+02  1.922479872156e-04
   23300  4.660000000000e+02  1.793463536428e-04
   23350  4.670000000000e+02  1.663466998097e-04
   23400  4.680000000000e+02  1.534912635438e-04
   23450  4.690000000000e+02  1.409931138953e-04
   23500  4.700000000000e+02  1.290337969703e-04
   23550  4.710000000000e+02  1.177603663766e-04
   23600  4.720000000000e+02  1.072869177016e-04
   23650  4.730000000000e+02  9.769426733602e-05
   23700  4.740000000000e+02  8.903075017980e-05
   23750  4.750000000000e+02  8.131665839645e-05
   23800  4.760000000000e+02  7.454665432886e-05
   23850  4.770000000000e+02  6.869307962414e-05
   23900  4.780000000000e+02  6.370991434675e-05
   23950  4.790000000000e+02  5.953608212125e-05
   24000  4.800000000000e+02  5.610059954463e-05
   24050  4.810000000000e+02  5.332560630134e-05
   24100  4.820000000000e+02  5.112942428868e-05
   24150  4.830000000000e+02  4.943027678948e-05
   24200  4.840000000000e+02  4.814856360004e-05
   24250  4.850000000000e+02  4.720906224122e-05
   24300  4.860000000000e+02  4.654270549653e-05
   24350  4.870000000000e+02  4.608787051829e-05
   24400  4.880000000000e+02  4.579130041439e-05
   24450  4.890000000000e+02  4.560833253359e-05
   24500  4.900000000000e+02  4.550289524413e-05
   24550  4.910000000000e+02  4.544714839272e-05
   24600  4.920000000000e+02  4.542068034866e-05
   24650  4.930000000000e+02  4.540949204548e-05
   24700  4.940000000000e+02  4.540486659472e-05
   24750  4.950000000000e+02  4.540215014986e-05
   24800  4.960000000000e+02  4.539949972519e-05
   24850  4.970000000000e+02  4.539675178721e-05
   24900  4.980000000000e+02  4.539447775400e-05
   24950  4.990000000000e+02  4.539328104191e-05
   25000  5.000000000000e+02  4.539339827011e-05
   25050  5.010000000000e+02  4.539468853502e-05
   25100  5.020000000000e+02  4.539702008310e-05
   25150  5.030000000000e+02  4.540015922151e-05
   25200  5.040000000000e+02  4.540376670932e-05
   25250  5.050000000000e+02  4.540745759911e-05
   25300  5.060000000000e+02  4.541085544851e-05
   25350  5.070000000000e+02  4.541362003212e-05
   25400  5.080000000000e+02  4.541547253587e-05
   25450  5.090000000000e+02  4.541625958243e-05
   25500  5.100000000000e+02  4.541596039966e-05
   25550  5.110000000000e+02  4.541465122134e-05
   25600  5.120000000000e+02  4.541245918131e-05
   25650  5.130000000000e+02  4.540953914759e-05
   25700  5.140000000000e+02  4.540607719101e-05
   25750  5.150000000000e+02  4.540228287495e-05
   25800  5.160000000000e+02  4.539838474781e-05
   25850  5.170000000000e+02  4.539463483648e-05
   25900  5.180000000000e+02  4.539130939707e-05
   25950  5.190000000000e+02  4.538870010042e-05
   26000  5.200000000000e+02  4.538708273443e-05
   26050  5.210000000000e+02  4.538667244418e-05
   26100  5.220000000000e+02  4.538758964886e-05
   26150  5.230000000000e+02  4.538982720684e-05
   26200  5.240000000000e+02  4.539322776602e-05
   26250  5.250000000000e+02  4.539748194721e-05
   26300  5.260000000000e+02  4.540216021666e-05
   26350  5.270000000000e+02  4.540676748280e-05
   26400  5.280000000000e+02  4.541079745637e-05
   26450  5.290000000000e+02  4.541380192612e-05
   26500  5.300000000000e+02  4.541543216802e-05
   26550  5.310000000000e+02  4.541549446235e-05
   26600  5.320000000000e+02  4.541397445297e-05
   26650  5.330000000000e+02  4.541104734631e-05
   26700  5.340000000000e+02  4.540705484490e-05
   26750  5.350000000000e+02  4.540245629896e-05
   26800  5.360000000000e+02  4.539776763286e-05
   26850  5.370000000000e+02  4.539350602804e-05
   26900  5.380000000000e+02  4.539014134072e-05
   26950  5.390000000000e+02  4.538803868942e-05
   27000  5.400000000000e+02  4.538741998188e-05
   27050  5.410000000000e+02  4.538834699316e-05
   27100  5.420000000000e+02  4.539071402254e-05
   27150  5.430000000000e+02  4.539427093805e-05
   27200  5.440000000000e+02  4.539865733091e-05
   27250  5.450000000000e+02  4.540343538059e-05
   27300  5.460000000000e+02  4.540812893197e-05
   27350  5.470000000000e+02  4.541226963160e-05
   27400  5.480000000000e+02  4.541543668187e-05
   27450  5.490000000000e+02  4.541729927925e-05
   27500  5.500000000000e+02  4.541765457274e-05
   27550  5.510000000000e+02  4.541643697763e-05
   27600  5.520000000000e+02  4.541370683946e-05
   27650  5.530000000000e+02  4.540966038584e-05
   27700  5.540000000000e+02  4.540462247533e-05
   27750  5.550000000000e+02  4.539900725747e-05
   27800  5.560000000000e+02  4.539329241439e-05
   27850  5.570000000000e+02  4.538798835396e-05
   27900  5.580000000000e+02  4.538358254635e-05
   27950  5.590000000000e+02  4.538049019179e-05
   28000  5.600000000000e+02  4.537902215874e-05
   28050  5.610000000000e+02  4.537936512247e-05
   28100  5.620000000000e+02  4.538154335332e-05
   28150  5.630000000000e+02  4.538540027074e-05
   28200  5.640000000000e+02  4.539060419902e-05
   28250  5.650000000000e+02  4.539666771896e-05
   28300  5.660000000000e+02  4.540299430494e-05
   28350  5.670000000000e+02  4.540893990937e-05
   28400  5.680000000000e+02  4.541387468481e-05
   28450  5.690000000000e+02  4.541725869167e-05
   28500  5.700000000000e+02  4.541872228560e-05
   28550  5.710000000000e+02  4.541810522393e-05
   28600  5.720000000000e+02  4.541546113109e-05
   28650  5.730000000000e+02  4.541107083171e-05
   28700  5.740000000000e+02  4.540541999196e-05
