################################################################################
# HEADER
# nspin         1
#%
# nik       186
#  st         1      26
# ust         1      26
# Iter             t            #  iter t Nex(t)  
################################################################################
       0  0.000000000000e+00 -4.808653475408e-15
      50  7.500000000000e-01  5.036263073244e-12
     100  1.500000000000e+00  2.901579670977e-11
     150  2.250000000000e+00  2.697962617204e-10
     200  3.000000000000e+00  1.456606446570e-09
     250  3.750000000000e+00  5.263412879153e-09
     300  4.500000000000e+00  1.467571681540e-08
     350  5.250000000000e+00  3.427918552484e-08
     400  6.000000000000e+00  7.052948396841e-08
     450  6.750000000000e+00  1.320140289307e-07
     500  7.500000000000e+00  2.298956500724e-07
     550  8.250000000000e+00  3.783850061057e-07
     600  9.000000000000e+00  5.952493587133e-07
     650  9.750000000000e+00  9.022619541568e-07
     700  1.050000000000e+01  1.325353864753e-06
     750  1.125000000000e+01  1.894776980219e-06
     800  1.200000000000e+01  2.645119696089e-06
     850  1.275000000000e+01  3.615249947214e-06
     900  1.350000000000e+01  4.848092868520e-06
     950  1.425000000000e+01  6.389649634314e-06
    1000  1.500000000000e+01  8.287836602401e-06
    1050  1.575000000000e+01  1.059244255441e-05
    1100  1.650000000000e+01  1.335493311266e-05
    1150  1.725000000000e+01  1.662757751037e-05
    1200  1.800000000000e+01  2.046278068008e-05
    1250  1.875000000000e+01  2.491216848371e-05
    1300  1.950000000000e+01  3.002524003211e-05
    1350  2.025000000000e+01  3.584717998886e-05
    1400  2.100000000000e+01  4.241735480933e-05
    1450  2.175000000000e+01  4.976737263881e-05
    1500  2.250000000000e+01  5.791994774654e-05
    1550  2.325000000000e+01  6.688739999986e-05
    1600  2.400000000000e+01  7.666978244296e-05
    1650  2.475000000000e+01  8.725210539258e-05
    1700  2.550000000000e+01  9.860390746887e-05
    1750  2.625000000000e+01  1.106791730912e-04
    1800  2.700000000000e+01  1.234164675954e-04
    1850  2.775000000000e+01  1.367391578807e-04
    1900  2.850000000000e+01  1.505540072255e-04
    1950  2.925000000000e+01  1.647513138179e-04
    2000  3.000000000000e+01  1.792044422526e-04
    2050  3.075000000000e+01  1.937689402479e-04
    2100  3.150000000000e+01  2.082854453337e-04
    2150  3.225000000000e+01  2.225804054174e-04
    2200  3.300000000000e+01  2.364683564371e-04
    2250  3.375000000000e+01  2.497545495372e-04
    2300  3.450000000000e+01  2.622362063433e-04
    2350  3.525000000000e+01  2.737064548186e-04
    2400  3.600000000000e+01  2.839564787872e-04
    2450  3.675000000000e+01  2.927799415410e-04
    2500  3.750000000000e+01  2.999771665735e-04
    2550  3.825000000000e+01  3.053597099258e-04
    2600  3.900000000000e+01  3.087551004603e-04
    2650  3.975000000000e+01  3.100114876411e-04
    2700  4.050000000000e+01  3.090007313342e-04
    2750  4.125000000000e+01  3.056242255677e-04
    2800  4.200000000000e+01  2.998176751098e-04
    2850  4.275000000000e+01  2.915583155822e-04
    2900  4.350000000000e+01  2.808707689754e-04
    2950  4.425000000000e+01  2.678309136601e-04
    3000  4.500000000000e+01  2.525698547406e-04
    3050  4.575000000000e+01  2.352769388885e-04
    3100  4.650000000000e+01  2.162027455534e-04
    3150  4.725000000000e+01  1.956632432654e-04
    3200  4.800000000000e+01  1.740425258141e-04
    3250  4.875000000000e+01  1.517941328299e-04
    3300  4.950000000000e+01  1.294417930069e-04
    3350  5.025000000000e+01  1.075790467744e-04
    3400  5.100000000000e+01  8.686764174012e-05
    3450  5.175000000000e+01  6.803484577445e-05
    3500  5.250000000000e+01  5.187031359911e-05
    3550  5.325000000000e+01  3.922217045629e-05
    3600  5.400000000000e+01  3.099113637123e-05
    3650  5.475000000000e+01  2.812394857345e-05
    3700  5.550000000000e+01  3.160571312481e-05
    3750  5.625000000000e+01  4.245155401573e-05
    3800  5.700000000000e+01  6.169741889776e-05
    3850  5.775000000000e+01  9.038962074703e-05
    3900  5.850000000000e+01  1.295730947162e-04
    3950  5.925000000000e+01  1.802783935256e-04
    4000  6.000000000000e+01  2.435087504268e-04
    4050  6.075000000000e+01  3.202259064401e-04
    4100  6.150000000000e+01  4.113357229249e-04
    4150  6.225000000000e+01  5.176740361162e-04
    4200  6.300000000000e+01  6.399903595410e-04
    4250  6.375000000000e+01  7.789319309670e-04
    4300  6.450000000000e+01  9.350297800222e-04
    4350  6.525000000000e+01  1.108686314826e-03
    4400  6.600000000000e+01  1.300163268583e-03
    4450  6.675000000000e+01  1.509568092165e-03
    4500  6.750000000000e+01  1.736841167539e-03
    4550  6.825000000000e+01  1.981745560269e-03
    4600  6.900000000000e+01  2.243855052920e-03
    4650  6.975000000000e+01  2.522547708318e-03
    4700  7.050000000000e+01  2.816998582271e-03
    4750  7.125000000000e+01  3.126175747958e-03
    4800  7.200000000000e+01  3.448841360152e-03
    4850  7.275000000000e+01  3.783552067186e-03
    4900  7.350000000000e+01  4.128661002859e-03
    4950  7.425000000000e+01  4.482321283531e-03
    5000  7.500000000000e+01  4.842490974811e-03
    5050  7.575000000000e+01  5.206948861636e-03
    5100  7.650000000000e+01  5.573307007065e-03
    5150  7.725000000000e+01  5.939026653631e-03
    5200  7.800000000000e+01  6.301434398817e-03
    5250  7.875000000000e+01  6.657745165102e-03
    5300  7.950000000000e+01  7.005080863855e-03
    5350  8.025000000000e+01  7.340499178139e-03
    5400  8.100000000000e+01  7.661017898751e-03
    5450  8.175000000000e+01  7.963645155243e-03
    5500  8.250000000000e+01  8.245411390523e-03
    5550  8.325000000000e+01  8.503402342393e-03
    5600  8.400000000000e+01  8.734788132639e-03
    5650  8.475000000000e+01  8.936859183890e-03
    5700  8.550000000000e+01  9.107059017457e-03
    5750  8.625000000000e+01  9.243022186190e-03
    5800  8.700000000000e+01  9.342607073369e-03
    5850  8.775000000000e+01  9.403931619267e-03
    5900  8.850000000000e+01  9.425403445645e-03
    5950  8.925000000000e+01  9.405752281235e-03
    6000  9.000000000000e+01  9.344062444205e-03
    6050  9.075000000000e+01  9.239805163641e-03
    6100  9.150000000000e+01  9.092866038447e-03
    6150  9.225000000000e+01  8.903566727340e-03
    6200  9.300000000000e+01  8.672679266481e-03
    6250  9.375000000000e+01  8.401443856829e-03
    6300  9.450000000000e+01  8.091578790028e-03
    6350  9.525000000000e+01  7.745286570596e-03
    6400  9.600000000000e+01  7.365260923183e-03
    6450  9.675000000000e+01  6.954689578212e-03
    6500  9.750000000000e+01  6.517243488926e-03
    6550  9.825000000000e+01  6.057066999047e-03
    6600  9.900000000000e+01  5.578754883666e-03
    6650  9.975000000000e+01  5.087334708866e-03
    6700  1.005000000000e+02  4.588240376644e-03
    6750  1.012500000000e+02  4.087279347902e-03
    6800  1.020000000000e+02  3.590595439087e-03
    6850  1.027500000000e+02  3.104626389336e-03
    6900  1.035000000000e+02  2.636054940890e-03
    6950  1.042500000000e+02  2.191758613645e-03
    7000  1.050000000000e+02  1.778752518296e-03
    7050  1.057500000000e+02  1.404133541219e-03
    7100  1.065000000000e+02  1.075017935486e-03
    7150  1.072500000000e+02  7.984745468261e-04
    7200  1.080000000000e+02  5.814556500128e-04
    7250  1.087500000000e+02  4.307266871813e-04
    7300  1.095000000000e+02  3.527940862980e-04
    7350  1.102500000000e+02  3.538322892559e-04
    7400  1.110000000000e+02  4.396119011947e-04
    7450  1.117500000000e+02  6.154289308275e-04
    7500  1.125000000000e+02  8.860368023510e-04
    7550  1.132500000000e+02  1.255580310059e-03
    7600  1.140000000000e+02  1.727532884115e-03
    7650  1.147500000000e+02  2.304638116863e-03
    7700  1.155000000000e+02  2.988857213604e-03
    7750  1.162500000000e+02  3.781321043575e-03
    7800  1.170000000000e+02  4.682283479821e-03
    7850  1.177500000000e+02  5.691085741956e-03
    7900  1.185000000000e+02  6.806128770657e-03
    7950  1.192500000000e+02  8.024856284676e-03
    8000  1.200000000000e+02  9.343737230274e-03
    8050  1.207500000000e+02  1.075826730493e-02
    8100  1.215000000000e+02  1.226296961358e-02
    8150  1.222500000000e+02  1.385141483050e-02
    8200  1.230000000000e+02  1.551624839658e-02
    8250  1.237500000000e+02  1.724922077662e-02
    8300  1.245000000000e+02  1.904122877288e-02
    8350  1.252500000000e+02  2.088236829748e-02
    8400  1.260000000000e+02  2.276198909461e-02
    8450  1.267500000000e+02  2.466877199407e-02
    8500  1.275000000000e+02  2.659079473597e-02
    8550  1.282500000000e+02  2.851561958404e-02
    8600  1.290000000000e+02  3.043038656021e-02
    8650  1.297500000000e+02  3.232191472913e-02
    8700  1.305000000000e+02  3.417679688091e-02
    8750  1.312500000000e+02  3.598151921764e-02
    8800  1.320000000000e+02  3.772257268209e-02
    8850  1.327500000000e+02  3.938657654596e-02
    8900  1.335000000000e+02  4.096038524677e-02
    8950  1.342500000000e+02  4.243121431286e-02
    9000  1.350000000000e+02  4.378675531217e-02
    9050  1.357500000000e+02  4.501529375328e-02
    9100  1.365000000000e+02  4.610582795913e-02
    9150  1.372500000000e+02  4.704818843589e-02
    9200  1.380000000000e+02  4.783313493266e-02
    9250  1.387500000000e+02  4.845246625724e-02
    9300  1.395000000000e+02  4.889911250397e-02
    9350  1.402500000000e+02  4.916723274771e-02
    9400  1.410000000000e+02  4.925228987207e-02
    9450  1.417500000000e+02  4.915111671181e-02
    9500  1.425000000000e+02  4.886198133223e-02
    9550  1.432500000000e+02  4.838463836300e-02
    9600  1.440000000000e+02  4.772036657459e-02
    9650  1.447500000000e+02  4.687200385556e-02
    9700  1.455000000000e+02  4.584394809153e-02
    9750  1.462500000000e+02  4.464218431138e-02
    9800  1.470000000000e+02  4.327427227392e-02
    9850  1.477500000000e+02  4.174932806984e-02
    9900  1.485000000000e+02  4.007799126524e-02
    9950  1.492500000000e+02  3.827238637065e-02
   10000  1.500000000000e+02  3.634606315682e-02
   10050  1.507500000000e+02  3.431392391071e-02
   10100  1.515000000000e+02  3.219213098643e-02
   10150  1.522500000000e+02  2.999801272899e-02
   10200  1.530000000000e+02  2.774995580343e-02
   10250  1.537500000000e+02  2.546727077546e-02
   10300  1.545000000000e+02  2.317006521351e-02
   10350  1.552500000000e+02  2.087908611219e-02
   10400  1.560000000000e+02  1.861557430163e-02
   10450  1.567500000000e+02  1.640109396641e-02
   10500  1.575000000000e+02  1.425736224976e-02
   10550  1.582500000000e+02  1.220606280806e-02
   10600  1.590000000000e+02  1.026866308634e-02
   10650  1.597500000000e+02  8.466222578761e-03
   10700  1.605000000000e+02  6.819207301423e-03
   10750  1.612500000000e+02  5.347295482468e-03
   10800  1.620000000000e+02  4.069193637187e-03
   10850  1.627500000000e+02  3.002448051179e-03
   10900  1.635000000000e+02  2.163264431520e-03
   10950  1.642500000000e+02  1.566336106211e-03
   11000  1.650000000000e+02  1.224680788043e-03
   11050  1.657500000000e+02  1.149488857407e-03
   11100  1.665000000000e+02  1.349985374275e-03
   11150  1.672500000000e+02  1.833306650563e-03
   11200  1.680000000000e+02  2.604393728595e-03
   11250  1.687500000000e+02  3.665904270195e-03
   11300  1.695000000000e+02  5.018145429044e-03
   11350  1.702500000000e+02  6.659024951525e-03
   11400  1.710000000000e+02  8.584024257705e-03
   11450  1.717500000000e+02  1.078619373835e-02
   11500  1.725000000000e+02  1.325616693909e-02
   11550  1.732500000000e+02  1.598220370471e-02
   11600  1.740000000000e+02  1.895025166213e-02
   11650  1.747500000000e+02  2.214402335431e-02
   11700  1.755000000000e+02  2.554511089823e-02
   11750  1.762500000000e+02  2.913310405043e-02
   11800  1.770000000000e+02  3.288573762893e-02
   11850  1.777500000000e+02  3.677905325715e-02
   11900  1.785000000000e+02  4.078758841577e-02
   11950  1.792500000000e+02  4.488456835747e-02
   12000  1.800000000000e+02  4.904211014487e-02
   12050  1.807500000000e+02  5.323144494176e-02
   12100  1.815000000000e+02  5.742313832593e-02
   12150  1.822500000000e+02  6.158732150464e-02
   12200  1.830000000000e+02  6.569393357704e-02
   12250  1.837500000000e+02  6.971296636911e-02
   12300  1.845000000000e+02  7.361471040550e-02
   12350  1.852500000000e+02  7.736999627116e-02
   12400  1.860000000000e+02  8.095042550104e-02
   12450  1.867500000000e+02  8.432860061054e-02
   12500  1.875000000000e+02  8.747834595278e-02
   12550  1.882500000000e+02  9.037492655620e-02
   12600  1.890000000000e+02  9.299525718510e-02
   12650  1.897500000000e+02  9.531809898055e-02
   12700  1.905000000000e+02  9.732423975721e-02
   12750  1.912500000000e+02  9.899666298118e-02
   12800  1.920000000000e+02  1.003206946367e-01
   12850  1.927500000000e+02  1.012841485989e-01
   12900  1.935000000000e+02  1.018774401160e-01
   12950  1.942500000000e+02  1.020936979088e-01
   13000  1.950000000000e+02  1.019288500470e-01
   13050  1.957500000000e+02  1.013816979450e-01
   13100  1.965000000000e+02  1.004539502520e-01
   13150  1.972500000000e+02  9.915024741272e-02
   13200  1.980000000000e+02  9.747816255039e-02
   13250  1.987500000000e+02  9.544819162338e-02
   13300  1.995000000000e+02  9.307372502345e-02
   13350  2.002500000000e+02  9.037098175638e-02
   13400  2.010000000000e+02  8.735893430178e-02
   13450  2.017500000000e+02  8.405920411456e-02
   13500  2.025000000000e+02  8.049592618303e-02
   13550  2.032500000000e+02  7.669561318452e-02
   13600  2.040000000000e+02  7.268699617295e-02
   13650  2.047500000000e+02  6.850083507586e-02
   13700  2.055000000000e+02  6.416971690834e-02
   13750  2.062500000000e+02  5.972782284603e-02
   13800  2.070000000000e+02  5.521068025007e-02
   13850  2.077500000000e+02  5.065489928858e-02
   13900  2.085000000000e+02  4.609790362513e-02
   13950  2.092500000000e+02  4.157765156947e-02
   14000  2.100000000000e+02  3.713234046602e-02
   14050  2.107500000000e+02  3.280010221256e-02
   14100  2.115000000000e+02  2.861868451453e-02
   14150  2.122500000000e+02  2.462513135086e-02
   14200  2.130000000000e+02  2.085545788084e-02
   14250  2.137500000000e+02  1.734434183990e-02
   14300  2.145000000000e+02  1.412480528748e-02
   14350  2.152500000000e+02  1.122791096273e-02
   14400  2.160000000000e+02  8.682462586851e-03
   14450  2.167500000000e+02  6.514725272532e-03
   14500  2.175000000000e+02  4.748157928262e-03
   14550  2.182500000000e+02  3.403177442112e-03
   14600  2.190000000000e+02  2.496943034614e-03
   14650  2.197500000000e+02  2.043168387386e-03
   14700  2.205000000000e+02  2.051961766488e-03
   14750  2.212500000000e+02  2.529699400845e-03
   14800  2.220000000000e+02  3.478932857094e-03
   14850  2.227500000000e+02  4.898332709542e-03
   14900  2.235000000000e+02  6.782669602228e-03
   14950  2.242500000000e+02  9.122836718544e-03
   15000  2.250000000000e+02  1.190590404031e-02
   15050  2.257500000000e+02  1.511521246858e-02
   15100  2.265000000000e+02  1.873050152457e-02
   15150  2.272500000000e+02  2.272808680538e-02
   15200  2.280000000000e+02  2.708105429071e-02
   15250  2.287500000000e+02  3.175949649421e-02
   15300  2.295000000000e+02  3.673076241654e-02
   15350  2.302500000000e+02  4.195974742268e-02
   15400  2.310000000000e+02  4.740918909969e-02
   15450  2.317500000000e+02  5.303998441760e-02
   15500  2.325000000000e+02  5.881153104054e-02
   15550  2.332500000000e+02  6.468206371824e-02
   15600  2.340000000000e+02  7.060900738254e-02
   15650  2.347500000000e+02  7.654933139602e-02
   15700  2.355000000000e+02  8.245990077110e-02
   15750  2.362500000000e+02  8.829781519950e-02
   15800  2.370000000000e+02  9.402075235562e-02
   15850  2.377500000000e+02  9.958728250297e-02
   15900  2.385000000000e+02  1.049571866835e-01
   15950  2.392500000000e+02  1.100917510675e-01
   16000  2.400000000000e+02  1.149540517998e-01
   16050  2.407500000000e+02  1.195092091809e-01
   16100  2.415000000000e+02  1.237246333391e-01
   16150  2.422500000000e+02  1.275702484752e-01
   16200  2.430000000000e+02  1.310186901261e-01
   16250  2.437500000000e+02  1.340454890593e-01
   16300  2.445000000000e+02  1.366292233199e-01
   16350  2.452500000000e+02  1.387516685057e-01
   16400  2.460000000000e+02  1.403979032652e-01
   16450  2.467500000000e+02  1.415563942924e-01
   16500  2.475000000000e+02  1.422190624105e-01
   16550  2.482500000000e+02  1.423813333867e-01
   16600  2.490000000000e+02  1.420421478301e-01
   16650  2.497500000000e+02  1.412039916134e-01
   16700  2.505000000000e+02  1.398728512081e-01
   16750  2.512500000000e+02  1.380581571684e-01
   16800  2.520000000000e+02  1.357727410243e-01
   16850  2.527500000000e+02  1.330327513110e-01
   16900  2.535000000000e+02  1.298575510549e-01
   16950  2.542500000000e+02  1.262695964039e-01
   17000  2.550000000000e+02  1.222942898680e-01
   17050  2.557500000000e+02  1.179598170472e-01
   17100  2.565000000000e+02  1.132969606339e-01
   17150  2.572500000000e+02  1.083389029818e-01
   17200  2.580000000000e+02  1.031210019098e-01
   17250  2.587500000000e+02  9.768055701354e-02
   17300  2.595000000000e+02  9.205656454825e-02
   17350  2.602500000000e+02  8.628944736095e-02
   17400  2.610000000000e+02  8.042076385850e-02
   17450  2.617500000000e+02  7.449290749198e-02
   17500  2.625000000000e+02  6.854878953355e-02
   17550  2.632500000000e+02  6.263150708837e-02
   17600  2.640000000000e+02  5.678402190726e-02
   17650  2.647500000000e+02  5.104881502948e-02
   17700  2.655000000000e+02  4.546754967090e-02
   17750  2.662500000000e+02  4.008072300251e-02
   17800  2.670000000000e+02  3.492732419092e-02
   17850  2.677500000000e+02  3.004449967435e-02
   17900  2.685000000000e+02  2.546723112235e-02
   17950  2.692500000000e+02  2.122802697514e-02
   18000  2.700000000000e+02  1.735663109502e-02
   18050  2.707500000000e+02  1.387975300306e-02
   18100  2.715000000000e+02  1.082083004935e-02
   18150  2.722500000000e+02  8.199803524158e-03
   18200  2.730000000000e+02  6.032935179089e-03
   18250  2.737500000000e+02  4.332657692074e-03
   18300  2.745000000000e+02  3.107463242698e-03
   18350  2.752500000000e+02  2.361829149208e-03
   18400  2.760000000000e+02  2.096182739777e-03
   18450  2.767500000000e+02  2.306908084066e-03
   18500  2.775000000000e+02  2.986396141386e-03
   18550  2.782500000000e+02  4.123136958365e-03
   18600  2.790000000000e+02  5.701852284186e-03
   18650  2.797500000000e+02  7.703665804333e-03
   18700  2.805000000000e+02  1.010631159301e-02
   18750  2.812500000000e+02  1.288437168822e-02
   18800  2.820000000000e+02  1.600954524463e-02
   18850  2.827500000000e+02  1.945093983191e-02
   18900  2.835000000000e+02  2.317539251558e-02
   18950  2.842500000000e+02  2.714779327897e-02
   19000  2.850000000000e+02  3.133143161900e-02
   19050  2.857500000000e+02  3.568834198920e-02
   19100  2.865000000000e+02  4.017967081125e-02
   19150  2.872500000000e+02  4.476601800628e-02
   19200  2.880000000000e+02  4.940780280503e-02
   19250  2.887500000000e+02  5.406559324687e-02
   19300  2.895000000000e+02  5.870044416395e-02
   19350  2.902500000000e+02  6.327419831255e-02
   19400  2.910000000000e+02  6.774980310470e-02
   19450  2.917500000000e+02  7.209157596337e-02
   19500  2.925000000000e+02  7.626548006036e-02
   19550  2.932500000000e+02  8.023935753153e-02
   19600  2.940000000000e+02  8.398313234847e-02
   19650  2.947500000000e+02  8.746899999759e-02
   19700  2.955000000000e+02  9.067159668645e-02
   19750  2.962500000000e+02  9.356813980456e-02
   19800  2.970000000000e+02  9.613854587304e-02
   19850  2.977500000000e+02  9.836553026915e-02
   19900  2.985000000000e+02  1.002346646680e-01
   19950  2.992500000000e+02  1.017344232870e-01
   20000  3.000000000000e+02  1.028562126145e-01
   20050  3.007500000000e+02  1.035943591653e-01
   20100  3.015000000000e+02  1.039460962098e-01
   20150  3.022500000000e+02  1.039115300349e-01
   20200  3.030000000000e+02  1.034935952409e-01
   20250  3.037500000000e+02  1.026979807809e-01
   20300  3.045000000000e+02  1.015330489745e-01
   20350  3.052500000000e+02  1.000097337931e-01
   20400  3.060000000000e+02  9.814144002612e-02
   20450  3.067500000000e+02  9.594391200367e-02
   20500  3.075000000000e+02  9.343509935966e-02
   20550  3.082500000000e+02  9.063501139875e-02
   20600  3.090000000000e+02  8.756555642526e-02
   20650  3.097500000000e+02  8.425036511378e-02
   20700  3.105000000000e+02  8.071462306897e-02
   20750  3.112500000000e+02  7.698488903176e-02
   20800  3.120000000000e+02  7.308889121827e-02
   20850  3.127500000000e+02  6.905533020065e-02
   20900  3.135000000000e+02  6.491367674414e-02
   20950  3.142500000000e+02  6.069395212282e-02
   21000  3.150000000000e+02  5.642651173434e-02
   21050  3.157500000000e+02  5.214182187757e-02
   21100  3.165000000000e+02  4.787023866122e-02
   21150  3.172500000000e+02  4.364178709895e-02
   21200  3.180000000000e+02  3.948593718685e-02
   21250  3.187500000000e+02  3.543137769201e-02
   21300  3.195000000000e+02  3.150579755232e-02
   21350  3.202500000000e+02  2.773566871797e-02
   21400  3.210000000000e+02  2.414605898402e-02
   21450  3.217500000000e+02  2.076042687252e-02
   21500  3.225000000000e+02  1.760044104656e-02
   21550  3.232500000000e+02  1.468580241285e-02
   21600  3.240000000000e+02  1.203409080173e-02
   21650  3.247500000000e+02  9.660625554965e-03
   21700  3.255000000000e+02  7.578344602853e-03
   21750  3.262500000000e+02  5.797705420672e-03
   21800  3.270000000000e+02  4.326600254832e-03
   21850  3.277500000000e+02  3.170301874186e-03
   21900  3.285000000000e+02  2.331430785755e-03
   21950  3.292500000000e+02  1.809947911872e-03
   22000  3.300000000000e+02  1.603175325200e-03
   22050  3.307500000000e+02  1.705843446588e-03
   22100  3.315000000000e+02  2.110165392807e-03
   22150  3.322500000000e+02  2.805936230661e-03
   22200  3.330000000000e+02  3.780655290148e-03
   22250  3.337500000000e+02  5.019673003174e-03
   22300  3.345000000000e+02  6.506355402995e-03
   22350  3.352500000000e+02  8.222270228597e-03
   22400  3.360000000000e+02  1.014738420121e-02
   22450  3.367500000000e+02  1.226027225886e-02
   22500  3.375000000000e+02  1.453834725649e-02
   22550  3.382500000000e+02  1.695808794126e-02
   22600  3.390000000000e+02  1.949527603115e-02
   22650  3.397500000000e+02  2.212523132266e-02
   22700  3.405000000000e+02  2.482305769381e-02
   22750  3.412500000000e+02  2.756387299962e-02
   22800  3.420000000000e+02  3.032303213902e-02
   22850  3.427500000000e+02  3.307634647805e-02
   22900  3.435000000000e+02  3.580028607554e-02
   22950  3.442500000000e+02  3.847216375258e-02
   23000  3.450000000000e+02  4.107030867834e-02
   23050  3.457500000000e+02  4.357422702416e-02
   23100  3.465000000000e+02  4.596473726276e-02
   23150  3.472500000000e+02  4.822409486970e-02
   23200  3.480000000000e+02  5.033610264413e-02
   23250  3.487500000000e+02  5.228619773357e-02
   23300  3.495000000000e+02  5.406151798893e-02
   23350  3.502500000000e+02  5.565095007410e-02
   23400  3.510000000000e+02  5.704516261276e-02
   23450  3.517500000000e+02  5.823661869320e-02
   23500  3.525000000000e+02  5.921957128811e-02
   23550  3.532500000000e+02  5.999004171778e-02
   23600  3.540000000000e+02  6.054578149067e-02
   23650  3.547500000000e+02  6.088622759482e-02
   23700  3.555000000000e+02  6.101245345458e-02
   23750  3.562500000000e+02  6.092708594073e-02
   23800  3.570000000000e+02  6.063422943216e-02
   23850  3.577500000000e+02  6.013938806655e-02
   23900  3.585000000000e+02  5.944937206743e-02
   23950  3.592500000000e+02  5.857219551073e-02
   24000  3.600000000000e+02  5.751697925232e-02
   24050  3.607500000000e+02  5.629382944153e-02
   24100  3.615000000000e+02  5.491374397222e-02
   24150  3.622500000000e+02  5.338849047854e-02
   24200  3.630000000000e+02  5.173050421808e-02
   24250  3.637500000000e+02  4.995277512494e-02
   24300  3.645000000000e+02  4.806874124827e-02
   24350  3.652500000000e+02  4.609218162940e-02
   24400  3.660000000000e+02  4.403711069153e-02
   24450  3.667500000000e+02  4.191766974401e-02
   24500  3.675000000000e+02  3.974803204546e-02
   24550  3.682500000000e+02  3.754230255276e-02
   24600  3.690000000000e+02  3.531441897588e-02
   24650  3.697500000000e+02  3.307805303430e-02
   24700  3.705000000000e+02  3.084652053360e-02
   24750  3.712500000000e+02  2.863269462025e-02
   24800  3.720000000000e+02  2.644892084182e-02
   24850  3.727500000000e+02  2.430693782235e-02
   24900  3.735000000000e+02  2.221781001765e-02
   24950  3.742500000000e+02  2.019185849005e-02
   25000  3.750000000000e+02  1.823860346123e-02
   25050  3.757500000000e+02  1.636670858780e-02
   25100  3.765000000000e+02  1.458393747901e-02
   25150  3.772500000000e+02  1.289711357338e-02
   25200  3.780000000000e+02  1.131209015522e-02
   25250  3.787500000000e+02  9.833728607375e-03
   25300  3.795000000000e+02  8.465890297407e-03
   25350  3.802500000000e+02  7.211430039887e-03
   25400  3.810000000000e+02  6.072203103480e-03
   25450  3.817500000000e+02  5.049080678256e-03
   25500  3.825000000000e+02  4.141970457769e-03
   25550  3.832500000000e+02  3.349850921444e-03
   25600  3.840000000000e+02  2.670809227684e-03
   25650  3.847500000000e+02  2.102090261752e-03
   25700  3.855000000000e+02  1.640150764139e-03
   25750  3.862500000000e+02  1.280721749235e-03
   25800  3.870000000000e+02  1.018876319358e-03
   25850  3.877500000000e+02  8.491002516943e-04
   25900  3.885000000000e+02  7.653700986321e-04
   25950  3.892500000000e+02  7.612315375003e-04
   26000  3.900000000000e+02  8.298800477492e-04
   26050  3.907500000000e+02  9.642411456310e-04
   26100  3.915000000000e+02  1.157050491296e-03
   26150  3.922500000000e+02  1.400932772325e-03
   26200  3.930000000000e+02  1.688477965712e-03
   26250  3.937500000000e+02  2.012314598901e-03
   26300  3.945000000000e+02  2.365179126772e-03
   26350  3.952500000000e+02  2.739980137521e-03
   26400  3.960000000000e+02  3.129859082031e-03
   26450  3.967500000000e+02  3.528244695067e-03
   26500  3.975000000000e+02  3.928899748595e-03
   26550  3.982500000000e+02  4.325963307910e-03
   26600  3.990000000000e+02  4.713984102427e-03
   26650  3.997500000000e+02  5.087946853390e-03
   26700  4.005000000000e+02  5.443294252766e-03
   26750  4.012500000000e+02  5.775942013637e-03
   26800  4.020000000000e+02  6.082288652636e-03
   26850  4.027500000000e+02  6.359222426749e-03
   26900  4.035000000000e+02  6.604120432920e-03
   26950  4.042500000000e+02  6.814845467916e-03
   27000  4.050000000000e+02  6.989738677486e-03
   27050  4.057500000000e+02  7.127606917446e-03
   27100  4.065000000000e+02  7.227714212987e-03
   27150  4.072500000000e+02  7.289763446182e-03
   27200  4.080000000000e+02  7.313880242197e-03
   27250  4.087500000000e+02  7.300589469205e-03
   27300  4.095000000000e+02  7.250791638173e-03
   27350  4.102500000000e+02  7.165739157955e-03
   27400  4.110000000000e+02  7.047009047663e-03
   27450  4.117500000000e+02  6.896479028165e-03
   27500  4.125000000000e+02  6.716299396174e-03
   27550  4.132500000000e+02  6.508863376866e-03
   27600  4.140000000000e+02  6.276773268250e-03
   27650  4.147500000000e+02  6.022808933307e-03
   27700  4.155000000000e+02  5.749891410849e-03
   27750  4.162500000000e+02  5.461052229954e-03
   27800  4.170000000000e+02  5.159399370154e-03
   27850  4.177500000000e+02  4.848082403388e-03
   27900  4.185000000000e+02  4.530258208077e-03
   27950  4.192500000000e+02  4.209056484656e-03
   28000  4.200000000000e+02  3.887546133717e-03
   28050  4.207500000000e+02  3.568702106694e-03
   28100  4.215000000000e+02  3.255374149363e-03
   28150  4.222500000000e+02  2.950258888092e-03
   28200  4.230000000000e+02  2.655870775994e-03
   28250  4.237500000000e+02  2.374518399927e-03
   28300  4.245000000000e+02  2.108282711524e-03
   28350  4.252500000000e+02  1.858998602182e-03
   28400  4.260000000000e+02  1.628241165976e-03
   28450  4.267500000000e+02  1.417315850878e-03
   28500  4.275000000000e+02  1.227252256270e-03
   28550  4.282500000000e+02  1.058801052864e-03
   28600  4.290000000000e+02  9.124369724642e-04
   28650  4.297500000000e+02  7.883639101779e-04
   28700  4.305000000000e+02  6.865238676862e-04
   28750  4.312500000000e+02  6.066091663105e-04
   28800  4.320000000000e+02  5.480775239663e-04
   28850  4.327500000000e+02  5.101696966103e-04
   28900  4.335000000000e+02  4.919303120828e-04
   28950  4.342500000000e+02  4.922308272799e-04
   29000  4.350000000000e+02  5.097941681981e-04
   29050  4.357500000000e+02  5.432205488273e-04
   29100  4.365000000000e+02  5.910137005810e-04
   29150  4.372500000000e+02  6.516073562618e-04
   29200  4.380000000000e+02  7.233907850933e-04
   29250  4.387500000000e+02  8.047329881668e-04
   29300  4.395000000000e+02  8.940061557760e-04
   29350  4.402500000000e+02  9.896068792511e-04
   29400  4.410000000000e+02  1.089975257665e-03
   29450  4.417500000000e+02  1.193612765598e-03
   29500  4.425000000000e+02  1.299099086669e-03
   29550  4.432500000000e+02  1.405105267264e-03
   29600  4.440000000000e+02  1.510404918986e-03
   29650  4.447500000000e+02  1.613883966255e-03
   29700  4.455000000000e+02  1.714545905989e-03
   29750  4.462500000000e+02  1.811516051425e-03
   29800  4.470000000000e+02  1.904042683154e-03
   29850  4.477500000000e+02  1.991495956734e-03
   29900  4.485000000000e+02  2.073365103563e-03
   29950  4.492500000000e+02  2.149253577275e-03
   30000  4.500000000000e+02  2.218873010787e-03
   30050  4.507500000000e+02  2.282035731493e-03
   30100  4.515000000000e+02  2.338646403735e-03
   30150  4.522500000000e+02  2.388694236961e-03
   30200  4.530000000000e+02  2.432242771988e-03
   30250  4.537500000000e+02  2.469421921867e-03
   30300  4.545000000000e+02  2.500416698775e-03
   30350  4.552500000000e+02  2.525458544351e-03
   30400  4.560000000000e+02  2.544814152581e-03
   30450  4.567500000000e+02  2.558778664480e-03
   30500  4.575000000000e+02  2.567664658779e-03
   30550  4.582500000000e+02  2.571796697682e-03
   30600  4.590000000000e+02  2.571501736183e-03
   30650  4.597500000000e+02  2.567103143471e-03
   30700  4.605000000000e+02  2.558914395831e-03
   30750  4.612500000000e+02  2.547238117386e-03
   30800  4.620000000000e+02  2.532360568613e-03
   30850  4.627500000000e+02  2.514550025735e-03
   30900  4.635000000000e+02  2.494056415044e-03
   30950  4.642500000000e+02  2.471109321939e-03
   31000  4.650000000000e+02  2.445917579327e-03
   31050  4.657500000000e+02  2.418670516680e-03
   31100  4.665000000000e+02  2.389539224337e-03
   31150  4.672500000000e+02  2.358677878484e-03
   31200  4.680000000000e+02  2.326225706606e-03
   31250  4.687500000000e+02  2.292308037705e-03
   31300  4.695000000000e+02  2.257040643786e-03
   31350  4.702500000000e+02  2.220532668868e-03
   31400  4.710000000000e+02  2.182889801607e-03
   31450  4.717500000000e+02  2.144216740113e-03
   31500  4.725000000000e+02  2.104620988201e-03
   31550  4.732500000000e+02  2.064213694598e-03
   31600  4.740000000000e+02  2.023113176172e-03
   31650  4.747500000000e+02  1.981445324922e-03
   31700  4.755000000000e+02  1.939345750810e-03
   31750  4.762500000000e+02  1.896959932975e-03
   31800  4.770000000000e+02  1.854445306677e-03
   31850  4.777500000000e+02  1.811969344612e-03
   31900  4.785000000000e+02  1.769707282537e-03
   31950  4.792500000000e+02  1.727841745647e-03
   32000  4.800000000000e+02  1.686560151479e-03
   32050  4.807500000000e+02  1.646053217486e-03
   32100  4.815000000000e+02  1.606511678735e-03
   32150  4.822500000000e+02  1.568124249503e-03
   32200  4.830000000000e+02  1.531074076781e-03
   32250  4.837500000000e+02  1.495535512448e-03
   32300  4.845000000000e+02  1.461672462077e-03
   32350  4.852500000000e+02  1.429635958388e-03
   32400  4.860000000000e+02  1.399561718848e-03
   32450  4.867500000000e+02  1.371568497915e-03
   32500  4.875000000000e+02  1.345756652031e-03
   32550  4.882500000000e+02  1.322207397172e-03
   32600  4.890000000000e+02  1.300982676024e-03
   32650  4.897500000000e+02  1.282126052213e-03
   32700  4.905000000000e+02  1.265662672736e-03
   32750  4.912500000000e+02  1.251601366336e-03
   32800  4.920000000000e+02  1.239934843942e-03
   32850  4.927500000000e+02  1.230639004615e-03
   32900  4.935000000000e+02  1.223675429680e-03
   32950  4.942500000000e+02  1.218991179259e-03
   33000  4.950000000000e+02  1.216520033338e-03
   33050  4.957500000000e+02  1.216182324800e-03
   33100  4.965000000000e+02  1.217884926812e-03
   33150  4.972500000000e+02  1.221521176889e-03
   33200  4.980000000000e+02  1.226968301646e-03
   33250  4.987500000000e+02  1.234087572580e-03
   33300  4.995000000000e+02  1.242722259380e-03
   33350  5.002500000000e+02  1.252697753939e-03
   33400  5.010000000000e+02  1.263962089612e-03
   33450  5.017500000000e+02  1.276580523005e-03
   33500  5.025000000000e+02  1.290511203820e-03
   33550  5.032500000000e+02  1.305635945148e-03
   33600  5.040000000000e+02  1.321802989444e-03
   33650  5.047500000000e+02  1.338832434340e-03
   33700  5.055000000000e+02  1.356522513377e-03
   33750  5.062500000000e+02  1.374652831341e-03
   33800  5.070000000000e+02  1.393007909128e-03
   33850  5.077500000000e+02  1.411371684294e-03
   33900  5.085000000000e+02  1.429526645645e-03
   33950  5.092500000000e+02  1.447255760490e-03
   34000  5.100000000000e+02  1.464332913614e-03
   34050  5.107500000000e+02  1.480530329200e-03
   34100  5.115000000000e+02  1.495631569521e-03
   34150  5.122500000000e+02  1.509438805450e-03
   34200  5.130000000000e+02  1.521783229154e-03
   34250  5.137500000000e+02  1.532512234639e-03
   34300  5.145000000000e+02  1.541479896804e-03
   34350  5.152500000000e+02  1.548576210151e-03
   34400  5.160000000000e+02  1.553735936518e-03
   34450  5.167500000000e+02  1.556928476998e-03
   34500  5.175000000000e+02  1.558160082571e-03
   34550  5.182500000000e+02  1.557472712394e-03
   34600  5.190000000000e+02  1.554936904426e-03
   34650  5.197500000000e+02  1.550647725625e-03
   34700  5.205000000000e+02  1.544721482429e-03
   34750  5.212500000000e+02  1.537295765295e-03
   34800  5.220000000000e+02  1.528538935296e-03
   34850  5.227500000000e+02  1.518642642649e-03
   34900  5.235000000000e+02  1.507808960424e-03
   34950  5.242500000000e+02  1.496242088960e-03
   35000  5.250000000000e+02  1.484151396183e-03
   35050  5.257500000000e+02  1.471751441136e-03
   35100  5.265000000000e+02  1.459261786535e-03
   35150  5.272500000000e+02  1.446899791240e-03
   35200  5.280000000000e+02  1.434874908176e-03
   35250  5.287500000000e+02  1.423384299233e-03
   35300  5.295000000000e+02  1.412608885562e-03
   35350  5.302500000000e+02  1.402710878284e-03
   35400  5.310000000000e+02  1.393836337558e-03
   35450  5.317500000000e+02  1.386118462985e-03
   35500  5.325000000000e+02  1.379671371070e-03
   35550  5.332500000000e+02  1.374594090199e-03
   35600  5.340000000000e+02  1.370969332054e-03
   35650  5.347500000000e+02  1.368858532437e-03
   35700  5.355000000000e+02  1.368303322870e-03
   35750  5.362500000000e+02  1.369330902886e-03
   35800  5.370000000000e+02  1.371951936748e-03
   35850  5.377500000000e+02  1.376160589103e-03
   35900  5.385000000000e+02  1.381937716138e-03
   35950  5.392500000000e+02  1.389246078455e-03
   36000  5.400000000000e+02  1.398026467396e-03
   36050  5.407500000000e+02  1.408197471247e-03
   36100  5.415000000000e+02  1.419657448401e-03
   36150  5.422500000000e+02  1.432291538195e-03
   36200  5.430000000000e+02  1.445970965224e-03
   36250  5.437500000000e+02  1.460550751904e-03
   36300  5.445000000000e+02  1.475868660154e-03
   36350  5.452500000000e+02  1.491743874638e-03
   36400  5.460000000000e+02  1.507979001804e-03
   36450  5.467500000000e+02  1.524364782497e-03
   36500  5.475000000000e+02  1.540686398730e-03
   36550  5.482500000000e+02  1.556724410294e-03
   36600  5.490000000000e+02  1.572258629253e-03
   36650  5.497500000000e+02  1.587073354723e-03
   36700  5.505000000000e+02  1.600958913518e-03
   36750  5.512500000000e+02  1.613714190131e-03
   36800  5.520000000000e+02  1.625154270398e-03
   36850  5.527500000000e+02  1.635118241633e-03
   36900  5.535000000000e+02  1.643472393986e-03
   36950  5.542500000000e+02  1.650112545598e-03
   37000  5.550000000000e+02  1.654964219439e-03
   37050  5.557500000000e+02  1.657982342720e-03
   37100  5.565000000000e+02  1.659154361588e-03
   37150  5.572500000000e+02  1.658503819055e-03
   37200  5.580000000000e+02  1.656089860394e-03
   37250  5.587500000000e+02  1.652007779600e-03
   37300  5.595000000000e+02  1.646381342566e-03
   37350  5.602500000000e+02  1.639356213540e-03
   37400  5.610000000000e+02  1.631100676209e-03
   37450  5.617500000000e+02  1.621798612523e-03
   37500  5.625000000000e+02  1.611647505555e-03
   37550  5.632500000000e+02  1.600858827250e-03
   37600  5.640000000000e+02  1.589646587482e-03
   37650  5.647500000000e+02  1.578220295198e-03
   37700  5.655000000000e+02  1.566780427720e-03
   37750  5.662500000000e+02  1.555515976886e-03
   37800  5.670000000000e+02  1.544606184106e-03
   37850  5.677500000000e+02  1.534214880717e-03
   37900  5.685000000000e+02  1.524491057201e-03
   37950  5.692500000000e+02  1.515569072194e-03
   38000  5.700000000000e+02  1.507564613266e-03
   38050  5.707500000000e+02  1.500574287875e-03
   38100  5.715000000000e+02  1.494674430764e-03
   38150  5.722500000000e+02  1.489919411376e-03
   38200  5.730000000000e+02  1.486345062331e-03
   38250  5.737500000000e+02  1.483971173582e-03
   38300  5.745000000000e+02  1.482801733156e-03
   38350  5.752500000000e+02  1.482822653993e-03
   38400  5.760000000000e+02  1.484001435153e-03
   38450  5.767500000000e+02  1.486289272405e-03
   38500  5.775000000000e+02  1.489621587361e-03
   38550  5.782500000000e+02  1.493919456754e-03
   38600  5.790000000000e+02  1.499094720061e-03
   38650  5.797500000000e+02  1.505046527427e-03
   38700  5.805000000000e+02  1.511664614441e-03
   38750  5.812500000000e+02  1.518832342851e-03
   38800  5.820000000000e+02  1.526424649343e-03
   38850  5.827500000000e+02  1.534314003660e-03
   38900  5.835000000000e+02  1.542371593143e-03
   38950  5.842500000000e+02  1.550469367145e-03
   39000  5.850000000000e+02  1.558483096745e-03
   39050  5.857500000000e+02  1.566292040763e-03
   39100  5.865000000000e+02  1.573781287449e-03
   39150  5.872500000000e+02  1.580847203766e-03
   39200  5.880000000000e+02  1.587398009986e-03
   39250  5.887500000000e+02  1.593354493102e-03
   39300  5.895000000000e+02  1.598649616025e-03
   39350  5.902500000000e+02  1.603230169343e-03
   39400  5.910000000000e+02  1.607052226553e-03
   39450  5.917500000000e+02  1.610084721821e-03
   39500  5.925000000000e+02  1.612313506156e-03
   39550  5.932500000000e+02  1.613735893627e-03
   39600  5.940000000000e+02  1.614362981420e-03
   39650  5.947500000000e+02  1.614219952950e-03
   39700  5.955000000000e+02  1.613341561699e-03
   39750  5.962500000000e+02  1.611767282014e-03
   39800  5.970000000000e+02  1.609546053909e-03
   39850  5.977500000000e+02  1.606735362726e-03
   39900  5.985000000000e+02  1.603401123984e-03
   39950  5.992500000000e+02  1.599614327838e-03
   40000  6.000000000000e+02  1.595445825158e-03
   40050  6.007500000000e+02  1.590966970134e-03
   40100  6.015000000000e+02  1.586249649611e-03
   40150  6.022500000000e+02  1.581364961796e-03
   40200  6.030000000000e+02  1.576383263016e-03
   40250  6.037500000000e+02  1.571371574509e-03
   40300  6.045000000000e+02  1.566395177817e-03
   40350  6.052500000000e+02  1.561515059983e-03
   40400  6.060000000000e+02  1.556785784708e-03
   40450  6.067500000000e+02  1.552255955779e-03
   40500  6.075000000000e+02  1.547970625291e-03
   40550  6.082500000000e+02  1.543969888466e-03
   40600  6.090000000000e+02  1.540289076725e-03
   40650  6.097500000000e+02  1.536955604414e-03
   40700  6.105000000000e+02  1.533991322814e-03
   40750  6.112500000000e+02  1.531412375779e-03
   40800  6.120000000000e+02  1.529230033458e-03
   40850  6.127500000000e+02  1.527450625053e-03
   40900  6.135000000000e+02  1.526071573831e-03
   40950  6.142500000000e+02  1.525085545118e-03
   41000  6.150000000000e+02  1.524481289636e-03
   41050  6.157500000000e+02  1.524243381500e-03
   41100  6.165000000000e+02  1.524350487159e-03
   41150  6.172500000000e+02  1.524774067211e-03
   41200  6.180000000000e+02  1.525482445926e-03
   41250  6.187500000000e+02  1.526442548514e-03
   41300  6.195000000000e+02  1.527615478890e-03
   41350  6.202500000000e+02  1.528957391534e-03
   41400  6.210000000000e+02  1.530421630013e-03
   41450  6.217500000000e+02  1.531958860549e-03
   41500  6.225000000000e+02  1.533520189659e-03
   41550  6.232500000000e+02  1.535053286957e-03
   41600  6.240000000000e+02  1.536504671941e-03
   41650  6.247500000000e+02  1.537821050795e-03
   41700  6.255000000000e+02  1.538946909367e-03
   41750  6.262500000000e+02  1.539830383433e-03
   41800  6.270000000000e+02  1.540422819999e-03
   41850  6.277500000000e+02  1.540678554273e-03
   41900  6.285000000000e+02  1.540558656669e-03
   41950  6.292500000000e+02  1.540030425159e-03
   42000  6.300000000000e+02  1.539066468503e-03
   42050  6.307500000000e+02  1.537647738299e-03
   42100  6.315000000000e+02  1.535764656859e-03
   42150  6.322500000000e+02  1.533418881665e-03
   42200  6.330000000000e+02  1.530621080766e-03
   42250  6.337500000000e+02  1.527391283123e-03
   42300  6.345000000000e+02  1.523758753993e-03
   42350  6.352500000000e+02  1.519762183735e-03
   42400  6.360000000000e+02  1.515449692162e-03
   42450  6.367500000000e+02  1.510879783849e-03
   42500  6.375000000000e+02  1.506117224866e-03
   42550  6.382500000000e+02  1.501230273896e-03
   42600  6.390000000000e+02  1.496291539430e-03
   42650  6.397500000000e+02  1.491377076726e-03
   42700  6.405000000000e+02  1.486564515211e-03
   42750  6.412500000000e+02  1.481927393188e-03
   42800  6.420000000000e+02  1.477536553877e-03
   42850  6.427500000000e+02  1.473461175911e-03
   42900  6.435000000000e+02  1.469763743181e-03
   42950  6.442500000000e+02  1.466500542810e-03
   43000  6.450000000000e+02  1.463717902918e-03
   43050  6.457500000000e+02  1.461451657313e-03
   43100  6.465000000000e+02  1.459730433751e-03
   43150  6.472500000000e+02  1.458571560577e-03
   43200  6.480000000000e+02  1.457981977666e-03
   43250  6.487500000000e+02  1.457958104495e-03
   43300  6.495000000000e+02  1.458485910415e-03
   43350  6.502500000000e+02  1.459539974039e-03
   43400  6.510000000000e+02  1.461083421094e-03
   43450  6.517500000000e+02  1.463067433339e-03
   43500  6.525000000000e+02  1.465434302777e-03
   43550  6.532500000000e+02  1.468116668718e-03
   43600  6.540000000000e+02  1.471039020544e-03
   43650  6.547500000000e+02  1.474118192787e-03
   43700  6.555000000000e+02  1.477263867249e-03
   43750  6.562500000000e+02  1.480382675014e-03
   43800  6.570000000000e+02  1.483378194582e-03
   43850  6.577500000000e+02  1.486152557804e-03
   43900  6.585000000000e+02  1.488610011470e-03
   43950  6.592500000000e+02  1.490656833014e-03
   44000  6.600000000000e+02  1.492203027085e-03
   44050  6.607500000000e+02  1.493167160017e-03
   44100  6.615000000000e+02  1.493477637518e-03
   44150  6.622500000000e+02  1.493076687052e-03
   44200  6.630000000000e+02  1.491919184130e-03
   44250  6.637500000000e+02  1.489974124616e-03
   44300  6.645000000000e+02  1.487226952313e-03
   44350  6.652500000000e+02  1.483678294503e-03
   44400  6.660000000000e+02  1.479344321094e-03
   44450  6.667500000000e+02  1.474256729591e-03
   44500  6.675000000000e+02  1.468462341672e-03
   44550  6.682500000000e+02  1.462021939014e-03
   44600  6.690000000000e+02  1.455007210848e-03
   44650  6.697500000000e+02  1.447498357452e-03
   44700  6.705000000000e+02  1.439584334090e-03
   44750  6.712500000000e+02  1.431359266603e-03
   44800  6.720000000000e+02  1.422921099316e-03
   44850  6.727500000000e+02  1.414368121269e-03
   44900  6.735000000000e+02  1.405798356455e-03
   44950  6.742500000000e+02  1.397308824414e-03
   45000  6.750000000000e+02  1.388991577216e-03
   45050  6.757500000000e+02  1.380933758366e-03
   45100  6.765000000000e+02  1.373216519333e-03
   45150  6.772500000000e+02  1.365913614261e-03
   45200  6.780000000000e+02  1.359088206953e-03
   45250  6.787500000000e+02  1.352792923694e-03
   45300  6.795000000000e+02  1.347070942354e-03
   45350  6.802500000000e+02  1.341955326033e-03
   45400  6.810000000000e+02  1.337471720525e-03
   45450  6.817500000000e+02  1.333636949866e-03
   45500  6.825000000000e+02  1.330460438541e-03
   45550  6.832500000000e+02  1.327941855809e-03
   45600  6.840000000000e+02  1.326071889282e-03
   45650  6.847500000000e+02  1.324832327986e-03
   45700  6.855000000000e+02  1.324198430681e-03
   45750  6.862500000000e+02  1.324139738574e-03
   45800  6.870000000000e+02  1.324620878378e-03
   45850  6.877500000000e+02  1.325602639957e-03
   45900  6.885000000000e+02  1.327039982233e-03
   45950  6.892500000000e+02  1.328881993787e-03
   46000  6.900000000000e+02  1.331075611856e-03
   46050  6.907500000000e+02  1.333564784478e-03
   46100  6.915000000000e+02  1.336290736603e-03
   46150  6.922500000000e+02  1.339193914637e-03
   46200  6.930000000000e+02  1.342215138284e-03
   46250  6.937500000000e+02  1.345295176254e-03
   46300  6.945000000000e+02  1.348374221280e-03
   46350  6.952500000000e+02  1.351390898725e-03
   46400  6.960000000000e+02  1.354284984130e-03
   46450  6.967500000000e+02  1.356997374781e-03
   46500  6.975000000000e+02  1.359472426305e-03
   46550  6.982500000000e+02  1.361654670013e-03
   46600  6.990000000000e+02  1.363488938356e-03
   46650  6.997500000000e+02  1.364920624488e-03
