################################################################################
# HEADER
# nspin         1
#%
# nik       217
#  st         1      26
# ust         1      26
# Iter             t            #  iter t Nex(t)  
################################################################################
       0  0.000000000000e+00 -2.560451850542e-15
      50  1.000000000000e+00  1.161675269867e-10
     100  2.000000000000e+00  1.882171363210e-10
     150  3.000000000000e+00  2.559895767584e-10
     200  4.000000000000e+00  4.528079439181e-10
     250  5.000000000000e+00  1.294850289491e-09
     300  6.000000000000e+00  3.993317766737e-09
     350  7.000000000000e+00  1.053987571525e-08
     400  8.000000000000e+00  2.439350239858e-08
     450  9.000000000000e+00  5.076827486877e-08
     500  1.000000000000e+01  9.719769857724e-08
     550  1.100000000000e+01  1.736861188276e-07
     600  1.200000000000e+01  2.928742863853e-07
     650  1.300000000000e+01  4.698099284606e-07
     700  1.400000000000e+01  7.221951372344e-07
     750  1.500000000000e+01  1.070231213360e-06
     800  1.600000000000e+01  1.536675180928e-06
     850  1.700000000000e+01  2.145953494730e-06
     900  1.800000000000e+01  2.923912234012e-06
     950  1.900000000000e+01  3.896927121501e-06
    1000  2.000000000000e+01  5.089878900875e-06
    1050  2.100000000000e+01  6.525321745325e-06
    1100  2.200000000000e+01  8.222905549103e-06
    1150  2.300000000000e+01  1.019702279204e-05
    1200  2.400000000000e+01  1.245577940854e-05
    1250  2.500000000000e+01  1.500071865405e-05
    1300  2.600000000000e+01  1.782383388056e-05
    1350  2.700000000000e+01  2.090847832546e-05
    1400  2.800000000000e+01  2.422898860646e-05
    1450  2.900000000000e+01  2.774953758185e-05
    1500  3.000000000000e+01  3.142363950964e-05
    1550  3.100000000000e+01  3.519294838398e-05
    1600  3.200000000000e+01  3.898839757886e-05
    1650  3.300000000000e+01  4.273074805891e-05
    1700  3.400000000000e+01  4.633092398509e-05
    1750  3.500000000000e+01  4.969429519577e-05
    1800  3.600000000000e+01  5.272162645176e-05
    1850  3.700000000000e+01  5.531119119405e-05
    1900  3.800000000000e+01  5.736327515657e-05
    1950  3.900000000000e+01  5.878510962088e-05
    2000  4.000000000000e+01  5.949441179675e-05
    2050  4.100000000000e+01  5.942344848514e-05
    2100  4.200000000000e+01  5.852222995086e-05
    2150  4.300000000000e+01  5.676570399694e-05
    2200  4.400000000000e+01  5.415437735848e-05
    2250  4.500000000000e+01  5.071929550640e-05
    2300  4.600000000000e+01  4.652630188916e-05
    2350  4.700000000000e+01  4.167879992609e-05
    2400  4.800000000000e+01  3.632128228578e-05
    2450  4.900000000000e+01  3.064071373327e-05
    2500  5.000000000000e+01  2.486685004061e-05
    2550  5.100000000000e+01  1.927290579493e-05
    2600  5.200000000000e+01  1.417479938172e-05
    2650  5.300000000000e+01  9.927954067721e-06
    2700  5.400000000000e+01  6.925152869007e-06
    2750  5.500000000000e+01  5.590920473524e-06
    2800  5.600000000000e+01  6.376391765782e-06
    2850  5.700000000000e+01  9.752333624588e-06
    2900  5.800000000000e+01  1.620138583903e-05
    2950  5.900000000000e+01  2.620790325428e-05
    3000  6.000000000000e+01  4.024823138025e-05
    3050  6.100000000000e+01  5.877946791190e-05
    3100  6.200000000000e+01  8.222743843438e-05
    3150  6.300000000000e+01  1.109753475369e-04
    3200  6.400000000000e+01  1.453517350668e-04
    3250  6.500000000000e+01  1.856172069300e-04
    3300  6.600000000000e+01  2.319525069481e-04
    3350  6.700000000000e+01  2.844499706499e-04
    3400  6.800000000000e+01  3.431038533932e-04
    3450  6.900000000000e+01  4.078002133457e-04
    3500  7.000000000000e+01  4.783076190857e-04
    3550  7.100000000000e+01  5.542701804410e-04
    3600  7.200000000000e+01  6.352104443851e-04
    3650  7.300000000000e+01  7.205224562719e-04
    3700  7.400000000000e+01  8.094798766550e-04
    3750  7.500000000000e+01  9.012329018323e-04
    3800  7.600000000000e+01  9.948121653168e-04
    3850  7.700000000000e+01  1.089144773773e-03
    3900  7.800000000000e+01  1.183068931428e-03
    3950  7.900000000000e+01  1.275346167108e-03
    4000  8.000000000000e+01  1.364679033082e-03
    4050  8.100000000000e+01  1.449719589731e-03
    4100  8.200000000000e+01  1.529100366145e-03
    4150  8.300000000000e+01  1.601464881072e-03
    4200  8.400000000000e+01  1.665482270665e-03
    4250  8.500000000000e+01  1.719882639421e-03
    4300  8.600000000000e+01  1.763470910459e-03
    4350  8.700000000000e+01  1.795166556741e-03
    4400  8.800000000000e+01  1.814042260687e-03
    4450  8.900000000000e+01  1.819336941813e-03
    4500  9.000000000000e+01  1.810493221436e-03
    4550  9.100000000000e+01  1.787164920369e-03
    4600  9.200000000000e+01  1.749249899700e-03
    4650  9.300000000000e+01  1.696913069831e-03
    4700  9.400000000000e+01  1.630593101977e-03
    4750  9.500000000000e+01  1.551011359595e-03
    4800  9.600000000000e+01  1.459172410054e-03
    4850  9.700000000000e+01  1.356378884561e-03
    4900  9.800000000000e+01  1.244226779705e-03
    4950  9.900000000000e+01  1.124598111344e-03
    5000  1.000000000000e+02  9.996416350790e-04
    5050  1.010000000000e+02  8.717490483351e-04
    5100  1.020000000000e+02  7.435416808049e-04
    5150  1.030000000000e+02  6.178385307099e-04
    5200  1.040000000000e+02  4.976179682271e-04
    5250  1.050000000000e+02  3.859690864004e-04
    5300  1.060000000000e+02  2.860519371954e-04
    5350  1.070000000000e+02  2.010481035841e-04
    5400  1.080000000000e+02  1.341129544049e-04
    5450  1.090000000000e+02  8.831764168970e-05
    5500  1.100000000000e+02  6.659278402475e-05
    5550  1.110000000000e+02  7.167327288698e-05
    5600  1.120000000000e+02  1.060434957210e-04
    5650  1.130000000000e+02  1.718823861006e-04
    5700  1.140000000000e+02  2.710100607152e-04
    5750  1.150000000000e+02  4.048377873638e-04
    5800  1.160000000000e+02  5.743263984288e-04
    5850  1.170000000000e+02  7.799457576916e-04
    5900  1.180000000000e+02  1.021639052165e-03
    5950  1.190000000000e+02  1.298794850860e-03
    6000  1.200000000000e+02  1.610234383540e-03
    6050  1.210000000000e+02  1.954205707322e-03
    6100  1.220000000000e+02  2.328379910892e-03
    6150  1.230000000000e+02  2.729856414195e-03
    6200  1.240000000000e+02  3.155178099648e-03
    6250  1.250000000000e+02  3.600372869062e-03
    6300  1.260000000000e+02  4.060986263352e-03
    6350  1.270000000000e+02  4.532127429798e-03
    6400  1.280000000000e+02  5.008525761386e-03
    6450  1.290000000000e+02  5.484587671960e-03
    6500  1.300000000000e+02  5.954492659891e-03
    6550  1.310000000000e+02  6.412261010717e-03
    6600  1.320000000000e+02  6.851845698127e-03
    6650  1.330000000000e+02  7.267217935116e-03
    6700  1.340000000000e+02  7.652462691638e-03
    6750  1.350000000000e+02  8.001881869620e-03
    6800  1.360000000000e+02  8.310084034291e-03
    6850  1.370000000000e+02  8.572082335276e-03
    6900  1.380000000000e+02  8.783387465406e-03
    6950  1.390000000000e+02  8.940091331617e-03
    7000  1.400000000000e+02  9.038949722581e-03
    7050  1.410000000000e+02  9.077464840741e-03
    7100  1.420000000000e+02  9.053946642335e-03
    7150  1.430000000000e+02  8.967570118050e-03
    7200  1.440000000000e+02  8.818405710796e-03
    7250  1.450000000000e+02  8.607489889924e-03
    7300  1.460000000000e+02  8.336798727287e-03
    7350  1.470000000000e+02  8.009283584011e-03
    7400  1.480000000000e+02  7.628858321112e-03
    7450  1.490000000000e+02  7.200359613427e-03
    7500  1.500000000000e+02  6.729528892776e-03
    7550  1.510000000000e+02  6.222944069518e-03
    7600  1.520000000000e+02  5.687952705300e-03
    7650  1.530000000000e+02  5.132596209205e-03
    7700  1.540000000000e+02  4.565497627089e-03
    7750  1.550000000000e+02  3.995754901913e-03
    7800  1.560000000000e+02  3.432812662373e-03
    7850  1.570000000000e+02  2.886341996475e-03
    7900  1.580000000000e+02  2.366098726676e-03
    7950  1.590000000000e+02  1.881761705851e-03
    8000  1.600000000000e+02  1.442801461352e-03
    8050  1.610000000000e+02  1.058321130861e-03
    8100  1.620000000000e+02  7.369264635306e-04
    8150  1.630000000000e+02  4.865706260310e-04
    8200  1.640000000000e+02  3.144142084353e-04
    8250  1.650000000000e+02  2.267032355129e-04
    8300  1.660000000000e+02  2.286466634123e-04
    8350  1.670000000000e+02  3.243122360943e-04
    8400  1.680000000000e+02  5.165338163708e-04
    8450  1.690000000000e+02  8.068358295462e-04
    8500  1.700000000000e+02  1.195375617489e-03
    8550  1.710000000000e+02  1.680906765805e-03
    8600  1.720000000000e+02  2.260755165734e-03
    8650  1.730000000000e+02  2.930818990435e-03
    8700  1.740000000000e+02  3.685600450583e-03
    8750  1.750000000000e+02  4.518241268009e-03
    8800  1.760000000000e+02  5.420605773552e-03
    8850  1.770000000000e+02  6.383353417483e-03
    8900  1.780000000000e+02  7.396057017309e-03
    8950  1.790000000000e+02  8.447313051757e-03
    9000  1.800000000000e+02  9.524916583901e-03
    9050  1.810000000000e+02  1.061601260050e-02
    9100  1.820000000000e+02  1.170725939335e-02
    9150  1.830000000000e+02  1.278500940725e-02
    9200  1.840000000000e+02  1.383548645960e-02
    9250  1.850000000000e+02  1.484501287286e-02
    9300  1.860000000000e+02  1.580020274735e-02
    9350  1.870000000000e+02  1.668813733475e-02
    9400  1.880000000000e+02  1.749656240437e-02
    9450  1.890000000000e+02  1.821407833039e-02
    9500  1.900000000000e+02  1.883033222009e-02
    9550  1.910000000000e+02  1.933617737753e-02
    9600  1.920000000000e+02  1.972384046126e-02
    9650  1.930000000000e+02  1.998702746004e-02
    9700  1.940000000000e+02  2.012104831472e-02
    9750  1.950000000000e+02  2.012294614680e-02
    9800  1.960000000000e+02  1.999155891816e-02
    9850  1.970000000000e+02  1.972757042420e-02
    9900  1.980000000000e+02  1.933348986968e-02
    9950  1.990000000000e+02  1.881367854653e-02
   10000  2.000000000000e+02  1.817434924873e-02
   10050  2.010000000000e+02  1.742346599364e-02
   10100  2.020000000000e+02  1.657067780058e-02
   10150  2.030000000000e+02  1.562718498668e-02
   10200  2.040000000000e+02  1.460559246498e-02
   10250  2.050000000000e+02  1.351980496264e-02
   10300  2.060000000000e+02  1.238480437926e-02
   10350  2.070000000000e+02  1.121645637551e-02
   10400  2.080000000000e+02  1.003129184507e-02
   10450  2.090000000000e+02  8.846283286247e-03
   10500  2.100000000000e+02  7.678605295684e-03
   10550  2.110000000000e+02  6.545405663692e-03
   10600  2.120000000000e+02  5.463551880998e-03
   10650  2.130000000000e+02  4.449381744867e-03
   10700  2.140000000000e+02  3.518463003444e-03
   10750  2.150000000000e+02  2.685366305399e-03
   10800  2.160000000000e+02  1.963446641275e-03
   10850  2.170000000000e+02  1.364629498961e-03
   10900  2.180000000000e+02  8.992303703094e-04
   10950  2.190000000000e+02  5.757893767035e-04
   11000  2.200000000000e+02  4.009398407153e-04
   11050  2.210000000000e+02  3.792901639749e-04
   11100  2.220000000000e+02  5.133397789221e-04
   11150  2.230000000000e+02  8.034239046111e-04
   11200  2.240000000000e+02  1.247692084850e-03
   11250  2.250000000000e+02  1.842109387507e-03
   11300  2.260000000000e+02  2.580499797712e-03
   11350  2.270000000000e+02  3.454612834318e-03
   11400  2.280000000000e+02  4.454233443150e-03
   11450  2.290000000000e+02  5.567312530036e-03
   11500  2.300000000000e+02  6.780130035755e-03
   11550  2.310000000000e+02  8.077486126623e-03
   11600  2.320000000000e+02  9.442897385863e-03
   11650  2.330000000000e+02  1.085882920137e-02
   11700  2.340000000000e+02  1.230692304106e-02
   11750  2.350000000000e+02  1.376827031021e-02
   11800  2.360000000000e+02  1.522368058929e-02
   11850  2.370000000000e+02  1.665390388555e-02
   11900  2.380000000000e+02  1.803994770132e-02
   11950  2.390000000000e+02  1.936333117376e-02
   12000  2.400000000000e+02  2.060634573649e-02
   12050  2.410000000000e+02  2.175230917832e-02
   12100  2.420000000000e+02  2.278581000859e-02
   12150  2.430000000000e+02  2.369291729379e-02
   12200  2.440000000000e+02  2.446137800809e-02
   12250  2.450000000000e+02  2.508076675287e-02
   12300  2.460000000000e+02  2.554265835300e-02
   12350  2.470000000000e+02  2.584073530469e-02
   12400  2.480000000000e+02  2.597089183865e-02
   12450  2.490000000000e+02  2.593127696873e-02
   12500  2.500000000000e+02  2.572235734130e-02
   12550  2.510000000000e+02  2.534688673640e-02
   12600  2.520000000000e+02  2.480988551982e-02
   12650  2.530000000000e+02  2.411857762248e-02
   12700  2.540000000000e+02  2.328229178903e-02
   12750  2.550000000000e+02  2.231231271166e-02
   12800  2.560000000000e+02  2.122171140924e-02
   12850  2.570000000000e+02  2.002517370773e-02
   12900  2.580000000000e+02  1.873878591892e-02
   12950  2.590000000000e+02  1.737981431201e-02
   13000  2.600000000000e+02  1.596646141022e-02
   13050  2.610000000000e+02  1.451760200422e-02
   13100  2.620000000000e+02  1.305250416245e-02
   13150  2.630000000000e+02  1.159058848963e-02
   13200  2.640000000000e+02  1.015113369326e-02
   13250  2.650000000000e+02  8.753022249428e-03
   13300  2.660000000000e+02  7.414471977168e-03
   13350  2.670000000000e+02  6.152751763350e-03
   13400  2.680000000000e+02  4.983979894256e-03
   13450  2.690000000000e+02  3.922867772388e-03
   13500  2.700000000000e+02  2.982546082453e-03
   13550  2.710000000000e+02  2.174392862311e-03
   13600  2.720000000000e+02  1.507860026233e-03
   13650  2.730000000000e+02  9.903661110661e-04
   13700  2.740000000000e+02  6.271996797090e-04
   13750  2.750000000000e+02  4.214669536741e-04
   13800  2.760000000000e+02  3.740610160027e-04
   13850  2.770000000000e+02  4.836640970493e-04
   13900  2.780000000000e+02  7.467840376061e-04
   13950  2.790000000000e+02  1.157825484477e-03
   14000  2.800000000000e+02  1.709180528182e-03
   14050  2.810000000000e+02  2.391358779223e-03
   14100  2.820000000000e+02  3.193144629705e-03
   14150  2.830000000000e+02  4.101755893023e-03
   14200  2.840000000000e+02  5.103057607512e-03
   14250  2.850000000000e+02  6.181764238922e-03
   14300  2.860000000000e+02  7.321669400483e-03
   14350  2.870000000000e+02  8.505886969199e-03
   14400  2.880000000000e+02  9.717087108735e-03
   14450  2.890000000000e+02  1.093775789542e-02
   14500  2.900000000000e+02  1.215043640962e-02
   14550  2.910000000000e+02  1.333796698560e-02
   14600  2.920000000000e+02  1.448375008555e-02
   14650  2.930000000000e+02  1.557195311400e-02
   14700  2.940000000000e+02  1.658773173208e-02
   14750  2.950000000000e+02  1.751740356014e-02
   14800  2.960000000000e+02  1.834864797652e-02
   14850  2.970000000000e+02  1.907065351609e-02
   14900  2.980000000000e+02  1.967424783001e-02
   14950  2.990000000000e+02  2.015200427132e-02
   15000  3.000000000000e+02  2.049829929509e-02
   15050  3.010000000000e+02  2.070938346041e-02
   15100  3.020000000000e+02  2.078341267640e-02
   15150  3.030000000000e+02  2.072043556276e-02
   15200  3.040000000000e+02  2.052236543650e-02
   15250  3.050000000000e+02  2.019292971992e-02
   15300  3.060000000000e+02  1.973758796244e-02
   15350  3.070000000000e+02  1.916342532389e-02
   15400  3.080000000000e+02  1.847902774531e-02
   15450  3.090000000000e+02  1.769434320889e-02
   15500  3.100000000000e+02  1.682051304516e-02
   15550  3.110000000000e+02  1.586969757962e-02
   15600  3.120000000000e+02  1.485489726747e-02
   15650  3.130000000000e+02  1.378974564593e-02
   15700  3.140000000000e+02  1.268830843631e-02
   15750  3.150000000000e+02  1.156486094848e-02
   15800  3.160000000000e+02  1.043369549490e-02
   15850  3.170000000000e+02  9.308909549475e-03
   15900  3.180000000000e+02  8.204219189339e-03
   15950  3.190000000000e+02  7.132761230035e-03
   16000  3.200000000000e+02  6.106912848053e-03
   16050  3.210000000000e+02  5.138142305071e-03
   16100  3.220000000000e+02  4.236859954041e-03
   16150  3.230000000000e+02  3.412295407935e-03
   16200  3.240000000000e+02  2.672396716142e-03
   16250  3.250000000000e+02  2.023739456396e-03
   16300  3.260000000000e+02  1.471466759860e-03
   16350  3.270000000000e+02  1.019245676495e-03
   16400  3.280000000000e+02  6.692490016865e-04
   16450  3.290000000000e+02  4.221663461599e-04
   16500  3.300000000000e+02  2.772255513138e-04
   16550  3.310000000000e+02  2.322409245529e-04
   16600  3.320000000000e+02  2.836813945084e-04
   16650  3.330000000000e+02  4.267579568196e-04
   16700  3.340000000000e+02  6.555254877385e-04
   16750  3.350000000000e+02  9.630044248426e-04
   16800  3.360000000000e+02  1.341308545296e-03
   16850  3.370000000000e+02  1.781787175763e-03
   16900  3.380000000000e+02  2.275169154376e-03
   16950  3.390000000000e+02  2.811716878642e-03
   17000  3.400000000000e+02  3.381380007948e-03
   17050  3.410000000000e+02  3.973952926536e-03
   17100  3.420000000000e+02  4.579222100193e-03
   17150  3.430000000000e+02  5.187104639497e-03
   17200  3.440000000000e+02  5.787801559278e-03
   17250  3.450000000000e+02  6.371924993155e-03
   17300  3.460000000000e+02  6.930620953428e-03
   17350  3.470000000000e+02  7.455687908591e-03
   17400  3.480000000000e+02  7.939666915936e-03
   17450  3.490000000000e+02  8.375927625009e-03
   17500  3.500000000000e+02  8.758751022292e-03
   17550  3.510000000000e+02  9.083363431713e-03
   17600  3.520000000000e+02  9.345990882972e-03
   17650  3.530000000000e+02  9.543886618710e-03
   17700  3.540000000000e+02  9.675319312414e-03
   17750  3.550000000000e+02  9.739563544854e-03
   17800  3.560000000000e+02  9.736886106096e-03
   17850  3.570000000000e+02  9.668506100601e-03
   17900  3.580000000000e+02  9.536545120715e-03
   17950  3.590000000000e+02  9.343961576552e-03
   18000  3.600000000000e+02  9.094477636919e-03
   18050  3.610000000000e+02  8.792503363286e-03
   18100  3.620000000000e+02  8.443045393091e-03
   18150  3.630000000000e+02  8.051606042219e-03
   18200  3.640000000000e+02  7.624085950024e-03
   18250  3.650000000000e+02  7.166680404820e-03
   18300  3.660000000000e+02  6.685776469596e-03
   18350  3.670000000000e+02  6.187842485683e-03
   18400  3.680000000000e+02  5.679340884443e-03
   18450  3.690000000000e+02  5.166638151041e-03
   18500  3.700000000000e+02  4.655900143530e-03
   18550  3.710000000000e+02  4.153015770710e-03
   18600  3.720000000000e+02  3.663529745718e-03
   18650  3.730000000000e+02  3.192559440278e-03
   18700  3.740000000000e+02  2.744750308993e-03
   18750  3.750000000000e+02  2.324212515459e-03
   18800  3.760000000000e+02  1.934487712102e-03
   18850  3.770000000000e+02  1.578519195730e-03
   18900  3.780000000000e+02  1.258632335167e-03
   18950  3.790000000000e+02  9.765276622381e-04
   19000  3.800000000000e+02  7.332825533607e-04
   19050  3.810000000000e+02  5.293681223764e-04
   19100  3.820000000000e+02  3.646647444670e-04
   19150  3.830000000000e+02  2.384955284210e-04
   19200  3.840000000000e+02  1.496601217110e-04
   19250  3.850000000000e+02  9.647771065390e-05
   19300  3.860000000000e+02  7.683596388114e-05
   19350  3.870000000000e+02  8.824527852983e-05
   19400  3.880000000000e+02  1.278962520375e-04
   19450  3.890000000000e+02  1.927198962899e-04
   19500  3.900000000000e+02  2.794494142105e-04
   19550  3.910000000000e+02  3.846823879204e-04
   19600  3.920000000000e+02  5.049413127857e-04
   19650  3.930000000000e+02  6.367314402039e-04
   19700  3.940000000000e+02  7.765975480342e-04
   19750  3.950000000000e+02  9.211743969793e-04
   19800  3.960000000000e+02  1.067238098732e-03
   19850  3.970000000000e+02  1.211745470825e-03
   19900  3.980000000000e+02  1.351875694067e-03
   19950  3.990000000000e+02  1.485057973414e-03
   20000  4.000000000000e+02  1.609001400396e-03
   20050  4.010000000000e+02  1.721712783149e-03
   20100  4.020000000000e+02  1.821512798156e-03
   20150  4.030000000000e+02  1.907041687040e-03
   20200  4.040000000000e+02  1.977266432841e-03
   20250  4.050000000000e+02  2.031475055938e-03
   20300  4.060000000000e+02  2.069264731781e-03
   20350  4.070000000000e+02  2.090538647685e-03
   20400  4.080000000000e+02  2.095480669402e-03
   20450  4.090000000000e+02  2.084540245093e-03
   20500  4.100000000000e+02  2.058407858327e-03
   20550  4.110000000000e+02  2.017984705022e-03
   20600  4.120000000000e+02  1.964358830309e-03
   20650  4.130000000000e+02  1.898769164043e-03
   20700  4.140000000000e+02  1.822575488173e-03
   20750  4.150000000000e+02  1.737229595816e-03
   20800  4.160000000000e+02  1.644246460950e-03
   20850  4.170000000000e+02  1.545165055434e-03
   20900  4.180000000000e+02  1.441527140120e-03
   20950  4.190000000000e+02  1.334854665088e-03
   21000  4.200000000000e+02  1.226616685768e-03
   21050  4.210000000000e+02  1.118213926789e-03
   21100  4.220000000000e+02  1.010957802530e-03
   21150  4.230000000000e+02  9.060480060050e-04
   21200  4.240000000000e+02  8.045678936498e-04
   21250  4.250000000000e+02  7.074654916717e-04
   21300  4.260000000000e+02  6.155541073621e-04
   21350  4.270000000000e+02  5.295048286629e-04
   21400  4.280000000000e+02  4.498442051214e-04
   21450  4.290000000000e+02  3.769557501905e-04
   21500  4.300000000000e+02  3.110833582694e-04
   21550  4.310000000000e+02  2.523430736201e-04
   21600  4.320000000000e+02  2.007256310087e-04
   21650  4.330000000000e+02  1.561101683696e-04
   21700  4.340000000000e+02  1.182733663151e-04
   21750  4.350000000000e+02  8.690268147475e-05
   21800  4.360000000000e+02  6.161184214063e-05
   21850  4.370000000000e+02  4.195390246901e-05
   21900  4.380000000000e+02  2.743432626325e-05
   21950  4.390000000000e+02  1.752367937474e-05
   22000  4.400000000000e+02  1.167077300188e-05
   22050  4.410000000000e+02  9.315126252712e-06
   22100  4.420000000000e+02  9.898092231592e-06
   22150  4.430000000000e+02  1.287328447538e-05
   22200  4.440000000000e+02  1.771597163441e-05
   22250  4.450000000000e+02  2.393165695634e-05
   22300  4.460000000000e+02  3.106264507096e-05
   22350  4.470000000000e+02  3.869404484173e-05
   22400  4.480000000000e+02  4.645711950796e-05
   22450  4.490000000000e+02  5.403163913725e-05
   22500  4.500000000000e+02  6.114775453272e-05
   22550  4.510000000000e+02  6.758617500163e-05
   22600  4.520000000000e+02  7.317529336133e-05
   22650  4.530000000000e+02  7.779120055980e-05
   22700  4.540000000000e+02  8.135426319015e-05
   22750  4.550000000000e+02  8.382530287936e-05
   22800  4.560000000000e+02  8.520203471738e-05
   22850  4.570000000000e+02  8.551338245166e-05
   22900  4.580000000000e+02  8.481591338216e-05
   22950  4.590000000000e+02  8.318971034559e-05
   23000  4.600000000000e+02  8.073000578025e-05
   23050  4.610000000000e+02  7.754588599789e-05
   23100  4.620000000000e+02  7.375432178096e-05
   23150  4.630000000000e+02  6.947553349178e-05
   23200  4.640000000000e+02  6.483055142294e-05
   23250  4.650000000000e+02  5.993735674099e-05
   23300  4.660000000000e+02  5.490881033264e-05
   23350  4.670000000000e+02  4.984858276910e-05
   23400  4.680000000000e+02  4.485059187361e-05
   23450  4.690000000000e+02  3.999720904543e-05
   23500  4.700000000000e+02  3.535869403125e-05
   23550  4.710000000000e+02  3.099159777831e-05
   23600  4.720000000000e+02  2.693935376821e-05
   23650  4.730000000000e+02  2.323249970292e-05
   23700  4.740000000000e+02  1.988880266054e-05
   23750  4.750000000000e+02  1.691517733993e-05
   23800  4.760000000000e+02  1.430864203555e-05
   23850  4.770000000000e+02  1.205755659500e-05
   23900  4.780000000000e+02  1.014306176332e-05
   23950  4.790000000000e+02  8.540780646354e-06
   24000  4.800000000000e+02  7.222629734092e-06
   24050  4.810000000000e+02  6.157982006295e-06
   24100  4.820000000000e+02  5.315046237464e-06
   24150  4.830000000000e+02  4.662076322652e-06
   24200  4.840000000000e+02  4.168421139823e-06
   24250  4.850000000000e+02  3.805315447830e-06
   24300  4.860000000000e+02  3.546415949907e-06
   24350  4.870000000000e+02  3.368414792822e-06
   24400  4.880000000000e+02  3.251175273701e-06
   24450  4.890000000000e+02  3.177860356036e-06
   24500  4.900000000000e+02  3.134861693781e-06
   24550  4.910000000000e+02  3.111629866999e-06
   24600  4.920000000000e+02  3.100377959545e-06
   24650  4.930000000000e+02  3.095686386734e-06
   24700  4.940000000000e+02  3.094074013027e-06
   24750  4.950000000000e+02  3.093572629946e-06
   24800  4.960000000000e+02  3.093273872531e-06
   24850  4.970000000000e+02  3.092921237353e-06
   24900  4.980000000000e+02  3.092579113337e-06
   24950  4.990000000000e+02  3.092375514685e-06
   25000  5.000000000000e+02  3.092366376689e-06
   25050  5.010000000000e+02  3.092521209246e-06
   25100  5.020000000000e+02  3.092828041909e-06
   25150  5.030000000000e+02  3.093256122765e-06
   25200  5.040000000000e+02  3.093754983308e-06
   25250  5.050000000000e+02  3.094267197377e-06
   25300  5.060000000000e+02  3.094740987274e-06
   25350  5.070000000000e+02  3.095127229152e-06
   25400  5.080000000000e+02  3.095377042010e-06
   25450  5.090000000000e+02  3.095472792460e-06
   25500  5.100000000000e+02  3.095421225952e-06
   25550  5.110000000000e+02  3.095243928886e-06
   25600  5.120000000000e+02  3.094964143413e-06
   25650  5.130000000000e+02  3.094603018221e-06
   25700  5.140000000000e+02  3.094189532371e-06
   25750  5.150000000000e+02  3.093748198360e-06
   25800  5.160000000000e+02  3.093298673852e-06
   25850  5.170000000000e+02  3.092858656066e-06
   25900  5.180000000000e+02  3.092450787757e-06
   25950  5.190000000000e+02  3.092104349699e-06
   26000  5.200000000000e+02  3.091844402010e-06
   26050  5.210000000000e+02  3.091692215192e-06
   26100  5.220000000000e+02  3.091663124788e-06
   26150  5.230000000000e+02  3.091766362116e-06
   26200  5.240000000000e+02  3.091995945774e-06
   26250  5.250000000000e+02  3.092330046368e-06
   26300  5.260000000000e+02  3.092735453604e-06
   26350  5.270000000000e+02  3.093172320848e-06
   26400  5.280000000000e+02  3.093596409195e-06
   26450  5.290000000000e+02  3.093967074562e-06
   26500  5.300000000000e+02  3.094247758198e-06
   26550  5.310000000000e+02  3.094414843072e-06
   26600  5.320000000000e+02  3.094459382166e-06
   26650  5.330000000000e+02  3.094383741312e-06
   26700  5.340000000000e+02  3.094202398607e-06
   26750  5.350000000000e+02  3.093942185325e-06
   26800  5.360000000000e+02  3.093639274317e-06
   26850  5.370000000000e+02  3.093330827472e-06
   26900  5.380000000000e+02  3.093051963748e-06
   26950  5.390000000000e+02  3.092834420286e-06
   27000  5.400000000000e+02  3.092700165394e-06
   27050  5.410000000000e+02  3.092662810289e-06
   27100  5.420000000000e+02  3.092721940032e-06
   27150  5.430000000000e+02  3.092871524307e-06
   27200  5.440000000000e+02  3.093105156074e-06
   27250  5.450000000000e+02  3.093402712692e-06
   27300  5.460000000000e+02  3.093734175633e-06
   27350  5.470000000000e+02  3.094056386987e-06
   27400  5.480000000000e+02  3.094337097574e-06
   27450  5.490000000000e+02  3.094549512556e-06
   27500  5.500000000000e+02  3.094670292678e-06
   27550  5.510000000000e+02  3.094685057083e-06
   27600  5.520000000000e+02  3.094578398366e-06
   27650  5.530000000000e+02  3.094347556611e-06
   27700  5.540000000000e+02  3.094003391116e-06
   27750  5.550000000000e+02  3.093565508795e-06
   27800  5.560000000000e+02  3.093069394514e-06
   27850  5.570000000000e+02  3.092559091498e-06
   27900  5.580000000000e+02  3.092078320499e-06
   27950  5.590000000000e+02  3.091662839336e-06
   28000  5.600000000000e+02  3.091345653412e-06
   28050  5.610000000000e+02  3.091160356551e-06
   28100  5.620000000000e+02  3.091133578555e-06
   28150  5.630000000000e+02  3.091274119169e-06
   28200  5.640000000000e+02  3.091568829189e-06
   28250  5.650000000000e+02  3.091992364458e-06
   28300  5.660000000000e+02  3.092506423955e-06
   28350  5.670000000000e+02  3.093058809890e-06
   28400  5.680000000000e+02  3.093590206275e-06
   28450  5.690000000000e+02  3.094047537247e-06
   28500  5.700000000000e+02  3.094391754492e-06
   28550  5.710000000000e+02  3.094595838853e-06
   28600  5.720000000000e+02  3.094640881066e-06
   28650  5.730000000000e+02  3.094527684731e-06
   28700  5.740000000000e+02  3.094279000450e-06
   28750  5.750000000000e+02  3.093933396807e-06
   28800  5.760000000000e+02  3.093533129578e-06
   28850  5.770000000000e+02  3.093126140184e-06
   28900  5.780000000000e+02  3.092759110243e-06
   28950  5.790000000000e+02  3.092477423867e-06
