################################################################################
# HEADER
# nspin         1
#%
# nik       186
#  st         1      26
# ust         1      26
# Iter             t            #  iter t Nex(t)  
################################################################################
       0  0.000000000000e+00  5.682954107300e-15
      50  2.500000000000e+00  1.862938830977e-10
     100  5.000000000000e+00  8.899992055833e-09
     150  7.500000000000e+00  7.665419614333e-08
     200  1.000000000000e+01  3.403941641611e-07
     250  1.250000000000e+01  1.074581404956e-06
     300  1.500000000000e+01  2.716994229976e-06
     350  1.750000000000e+01  5.828214198041e-06
     400  2.000000000000e+01  1.101471589536e-05
     450  2.250000000000e+01  1.880557271931e-05
     500  2.500000000000e+01  2.944762975615e-05
     550  2.750000000000e+01  4.269334452641e-05
     600  3.000000000000e+01  5.768546055021e-05
     650  3.250000000000e+01  7.292441286879e-05
     700  3.500000000000e+01  8.633745112523e-05
     750  3.750000000000e+01  9.554021724957e-05
     800  4.000000000000e+01  9.825686997005e-05
     850  4.250000000000e+01  9.287629445965e-05
     900  4.500000000000e+01  7.907410063734e-05
     950  4.750000000000e+01  5.845993887212e-05
    1000  5.000000000000e+01  3.504558862689e-05
    1050  5.250000000000e+01  1.555174210803e-05
    1100  5.500000000000e+01  9.330643445167e-06
    1150  5.750000000000e+01  2.776888383393e-05
    1200  6.000000000000e+01  8.329663436071e-05
    1250  6.250000000000e+01  1.879180674256e-04
    1300  6.500000000000e+01  3.512169741602e-04
    1350  6.750000000000e+01  5.784673647057e-04
    1400  7.000000000000e+01  8.689487074182e-04
    1450  7.250000000000e+01  1.214438557689e-03
    1500  7.500000000000e+01  1.598538740653e-03
    1550  7.750000000000e+01  1.996904226205e-03
    1600  8.000000000000e+01  2.378503988068e-03
    1650  8.250000000000e+01  2.708165186492e-03
    1700  8.500000000000e+01  2.950442837637e-03
    1750  8.750000000000e+01  3.073924349500e-03
    1800  9.000000000000e+01  3.055795695646e-03
    1850  9.250000000000e+01  2.885715485366e-03
    1900  9.500000000000e+01  2.568393383216e-03
    1950  9.750000000000e+01  2.126870443550e-03
    2000  1.000000000000e+02  1.604415272510e-03
    2050  1.025000000000e+02  1.062564437958e-03
    2100  1.050000000000e+02  5.772685513276e-04
    2150  1.075000000000e+02  2.325053180746e-04
    2200  1.100000000000e+02  1.125889337426e-04
    2250  1.125000000000e+02  2.933092733501e-04
    2300  1.150000000000e+02  8.324214250635e-04
    2350  1.175000000000e+02  1.761080376792e-03
    2400  1.200000000000e+02  3.077014888780e-03
    2450  1.225000000000e+02  4.740005993789e-03
    2500  1.250000000000e+02  6.671348762119e-03
    2550  1.275000000000e+02  8.757053268660e-03
    2600  1.300000000000e+02  1.085471698995e-02
    2650  1.325000000000e+02  1.280461299080e-02
    2700  1.350000000000e+02  1.444327418577e-02
    2750  1.375000000000e+02  1.561899281434e-02
    2800  1.400000000000e+02  1.620962254107e-02
    2850  1.425000000000e+02  1.613940646029e-02
    2900  1.450000000000e+02  1.538511497295e-02
    2950  1.475000000000e+02  1.398422463363e-02
    3000  1.500000000000e+02  1.203674420424e-02
    3050  1.525000000000e+02  9.702748104304e-03
    3100  1.550000000000e+02  7.193626843949e-03
    3150  1.575000000000e+02  4.755960069349e-03
    3200  1.600000000000e+02  2.650429029461e-03
    3250  1.625000000000e+02  1.128762966423e-03
    3300  1.650000000000e+02  4.081050661229e-04
    3350  1.675000000000e+02  6.474956415321e-04
    3400  1.700000000000e+02  1.929172283180e-03
    3450  1.725000000000e+02  4.245192446685e-03
    3500  1.750000000000e+02  7.492700358341e-03
    3550  1.775000000000e+02  1.147689115985e-02
    3600  1.800000000000e+02  1.592337723812e-02
    3650  1.825000000000e+02  2.050075467078e-02
    3700  1.850000000000e+02  2.484763421110e-02
    3750  1.875000000000e+02  2.860404461732e-02
    3800  1.900000000000e+02  3.144603483303e-02
    3850  1.925000000000e+02  3.311337457900e-02
    3900  1.950000000000e+02  3.343888157615e-02
    3950  1.975000000000e+02  3.236926569188e-02
    4000  2.000000000000e+02  2.996717690647e-02
    4050  2.025000000000e+02  2.641184721338e-02
    4100  2.050000000000e+02  2.199654592974e-02
    4150  2.075000000000e+02  1.710206864858e-02
    4200  2.100000000000e+02  1.216453910654e-02
    4250  2.125000000000e+02  7.643455801266e-03
    4300  2.150000000000e+02  3.978796883726e-03
    4350  2.175000000000e+02  1.550265429550e-03
    4400  2.200000000000e+02  6.423211170351e-04
    4450  2.225000000000e+02  1.412543720317e-03
    4500  2.250000000000e+02  3.874346975260e-03
    4550  2.275000000000e+02  7.891611406213e-03
    4600  2.300000000000e+02  1.318755828589e-02
    4650  2.325000000000e+02  1.937006033635e-02
    4700  2.350000000000e+02  2.596152872992e-02
    4750  2.375000000000e+02  3.244117661763e-02
    4800  2.400000000000e+02  3.829400034467e-02
    4850  2.425000000000e+02  4.304911849627e-02
    4900  2.450000000000e+02  4.632223830444e-02
    4950  2.475000000000e+02  4.785167835917e-02
    5000  2.500000000000e+02  4.751901216982e-02
    5050  2.525000000000e+02  4.535329112538e-02
    5100  2.550000000000e+02  4.153092433520e-02
    5150  2.575000000000e+02  3.635676925245e-02
    5200  2.600000000000e+02  3.024179267004e-02
    5250  2.625000000000e+02  2.367603825997e-02
    5300  2.650000000000e+02  1.717811382024e-02
    5350  2.675000000000e+02  1.125340340797e-02
    5400  2.700000000000e+02  6.356653475968e-03
    5450  2.725000000000e+02  2.844830598449e-03
    5500  2.750000000000e+02  9.483636332510e-04
    5550  2.775000000000e+02  7.538531862153e-04
    5600  2.800000000000e+02  2.195506627789e-03
    5650  2.825000000000e+02  5.066428015171e-03
    5700  2.850000000000e+02  9.038808699930e-03
    5750  2.875000000000e+02  1.369860614450e-02
    5800  2.900000000000e+02  1.858910711693e-02
    5850  2.925000000000e+02  2.324789875365e-02
    5900  2.950000000000e+02  2.725215054344e-02
    5950  2.975000000000e+02  3.025713273470e-02
    6000  3.000000000000e+02  3.201385322942e-02
    6050  3.025000000000e+02  3.239440401512e-02
    6100  3.050000000000e+02  3.140014045829e-02
    6150  3.075000000000e+02  2.914263153557e-02
    6200  3.100000000000e+02  2.583511932739e-02
    6250  3.125000000000e+02  2.177710709482e-02
    6300  3.150000000000e+02  1.731491799676e-02
    6350  3.175000000000e+02  1.281624124482e-02
    6400  3.200000000000e+02  8.642422743499e-03
    6450  3.225000000000e+02  5.110525451320e-03
    6500  3.250000000000e+02  2.471401871169e-03
    6550  3.275000000000e+02  8.910420263332e-04
    6600  3.300000000000e+02  4.350866566639e-04
    6650  3.325000000000e+02  1.069726360808e-03
    6700  3.350000000000e+02  2.667963891454e-03
    6750  3.375000000000e+02  5.026263427544e-03
    6800  3.400000000000e+02  7.888384931980e-03
    6850  3.425000000000e+02  1.096733212363e-02
    6900  3.450000000000e+02  1.397698321961e-02
    6950  3.475000000000e+02  1.665788675040e-02
    7000  3.500000000000e+02  1.879161433382e-02
    7050  3.525000000000e+02  2.022301848642e-02
    7100  3.550000000000e+02  2.086958965408e-02
    7150  3.575000000000e+02  2.071645359069e-02
    7200  3.600000000000e+02  1.981457537507e-02
    7250  3.625000000000e+02  1.827013202304e-02
    7300  3.650000000000e+02  1.622448477637e-02
    7350  3.675000000000e+02  1.384759588957e-02
    7400  3.700000000000e+02  1.132149930222e-02
    7450  3.725000000000e+02  8.816049845586e-03
    7500  3.750000000000e+02  6.482449484642e-03
    7550  3.775000000000e+02  4.442911642692e-03
    7600  3.800000000000e+02  2.777861727225e-03
    7650  3.825000000000e+02  1.528039714198e-03
    7700  3.850000000000e+02  6.952879668042e-04
    7750  3.875000000000e+02  2.443841690954e-04
    7800  3.900000000000e+02  1.136474885645e-04
    7850  3.925000000000e+02  2.241341208749e-04
    7900  3.950000000000e+02  4.898615591429e-04
    7950  3.975000000000e+02  8.280603480765e-04
    8000  4.000000000000e+02  1.165413847714e-03
    8050  4.025000000000e+02  1.445170230104e-03
    8100  4.050000000000e+02  1.629683975953e-03
    8150  4.075000000000e+02  1.699159165537e-03
    8200  4.100000000000e+02  1.653207416376e-03
    8250  4.125000000000e+02  1.506792919515e-03
    8300  4.150000000000e+02  1.283807073318e-03
    8350  4.175000000000e+02  1.015724294696e-03
    8400  4.200000000000e+02  7.363872200675e-04
    8450  4.225000000000e+02  4.767747085685e-04
    8500  4.250000000000e+02  2.641723196241e-04
    8550  4.275000000000e+02  1.183590830857e-04
    8600  4.300000000000e+02  4.924755974236e-05
    8650  4.325000000000e+02  5.772266081752e-05
    8700  4.350000000000e+02  1.357097864338e-04
    8750  4.375000000000e+02  2.686982734135e-04
    8800  4.400000000000e+02  4.380469940981e-04
    8850  4.425000000000e+02  6.229464340023e-04
    8900  4.450000000000e+02  8.047384853590e-04
    8950  4.475000000000e+02  9.676187845507e-04
    9000  4.500000000000e+02  1.099631104518e-03
    9050  4.525000000000e+02  1.195873269135e-03
    9100  4.550000000000e+02  1.255780920421e-03
    9150  4.575000000000e+02  1.281372196929e-03
    9200  4.600000000000e+02  1.278791491236e-03
    9250  4.625000000000e+02  1.254345840876e-03
    9300  4.650000000000e+02  1.213078115641e-03
    9350  4.675000000000e+02  1.161610456757e-03
    9400  4.700000000000e+02  1.105504947942e-03
    9450  4.725000000000e+02  1.048236658468e-03
    9500  4.750000000000e+02  9.938630181244e-04
    9550  4.775000000000e+02  9.446421316024e-04
    9600  4.800000000000e+02  9.005223387228e-04
    9650  4.825000000000e+02  8.626872017569e-04
    9700  4.850000000000e+02  8.321089514151e-04
    9750  4.875000000000e+02  8.086921234100e-04
    9800  4.900000000000e+02  7.937988478241e-04
    9850  4.925000000000e+02  7.881019516701e-04
    9900  4.950000000000e+02  7.900513173432e-04
    9950  4.975000000000e+02  7.985673076635e-04
   10000  5.000000000000e+02  8.120308008181e-04
   10050  5.025000000000e+02  8.283453263747e-04
   10100  5.050000000000e+02  8.489310879510e-04
   10150  5.075000000000e+02  8.737930791459e-04
   10200  5.100000000000e+02  9.007772519421e-04
   10250  5.125000000000e+02  9.283720227711e-04
   10300  5.150000000000e+02  9.549999590997e-04
   10350  5.175000000000e+02  9.779336598538e-04
   10400  5.200000000000e+02  9.969519857211e-04
   10450  5.225000000000e+02  1.013132074415e-03
   10500  5.250000000000e+02  1.026328126745e-03
   10550  5.275000000000e+02  1.037637096262e-03
   10600  5.300000000000e+02  1.048718127023e-03
   10650  5.325000000000e+02  1.059624348984e-03
   10700  5.350000000000e+02  1.071843271962e-03
   10750  5.375000000000e+02  1.087683990643e-03
   10800  5.400000000000e+02  1.107492683871e-03
   10850  5.425000000000e+02  1.131755365611e-03
   10900  5.450000000000e+02  1.160496296052e-03
   10950  5.475000000000e+02  1.191114511823e-03
   11000  5.500000000000e+02  1.221693865240e-03
   11050  5.525000000000e+02  1.251627961450e-03
   11100  5.550000000000e+02  1.279120879147e-03
   11150  5.575000000000e+02  1.303798498547e-03
   11200  5.600000000000e+02  1.326499858261e-03
   11250  5.625000000000e+02  1.346348237120e-03
   11300  5.650000000000e+02  1.363529113238e-03
   11350  5.675000000000e+02  1.380007112603e-03
   11400  5.700000000000e+02  1.396328938416e-03
   11450  5.725000000000e+02  1.413841961873e-03
   11500  5.750000000000e+02  1.434692939111e-03
   11550  5.775000000000e+02  1.458393073438e-03
   11600  5.800000000000e+02  1.484103009922e-03
   11650  5.825000000000e+02  1.511952671889e-03
   11700  5.850000000000e+02  1.540209688127e-03
   11750  5.875000000000e+02  1.567791648365e-03
   11800  5.900000000000e+02  1.595375341715e-03
   11850  5.925000000000e+02  1.621867841690e-03
   11900  5.950000000000e+02  1.646390940551e-03
   11950  5.975000000000e+02  1.670113501111e-03
   12000  6.000000000000e+02  1.692817580738e-03
   12050  6.025000000000e+02  1.714761677261e-03
   12100  6.050000000000e+02  1.738133447759e-03
   12150  6.075000000000e+02  1.763261822741e-03
   12200  6.100000000000e+02  1.789954149558e-03
   12250  6.125000000000e+02  1.819519229151e-03
   12300  6.150000000000e+02  1.851292089903e-03
   12350  6.175000000000e+02  1.884104709475e-03
   12400  6.200000000000e+02  1.918582452008e-03
   12450  6.225000000000e+02  1.953653195349e-03
   12500  6.250000000000e+02  1.987857824238e-03
   12550  6.275000000000e+02  2.021978180500e-03
   12600  6.300000000000e+02  2.055318659907e-03
   12650  6.325000000000e+02  2.086628802932e-03
   12700  6.350000000000e+02  2.116962195655e-03
   12750  6.375000000000e+02  2.146117732465e-03
   12800  6.400000000000e+02  2.173468775891e-03
   12850  6.425000000000e+02  2.201052352417e-03
   12900  6.450000000000e+02  2.229913174649e-03
   12950  6.475000000000e+02  2.259998041774e-03
   13000  6.500000000000e+02  2.292938427916e-03
   13050  6.525000000000e+02  2.328602063772e-03
   13100  6.550000000000e+02  2.365374730992e-03
   13150  6.575000000000e+02  2.403736355813e-03
   13200  6.600000000000e+02  2.443152750472e-03
   13250  6.625000000000e+02  2.481899813560e-03
   13300  6.650000000000e+02  2.520576187325e-03
   13350  6.675000000000e+02  2.558786733460e-03
   13400  6.700000000000e+02  2.594731273985e-03
   13450  6.725000000000e+02  2.629199540825e-03
   13500  6.750000000000e+02  2.662682696250e-03
   13550  6.775000000000e+02  2.694552496072e-03
   13600  6.800000000000e+02  2.726661865286e-03
   13650  6.825000000000e+02  2.760088435906e-03
   13700  6.850000000000e+02  2.793942558561e-03
   13750  6.875000000000e+02  2.829394598941e-03
   13800  6.900000000000e+02  2.867312191411e-03
   13850  6.925000000000e+02  2.906965205742e-03
   13900  6.950000000000e+02  2.950055640616e-03
   13950  6.975000000000e+02  2.997664163712e-03
   14000  7.000000000000e+02  3.048123274304e-03
