################################################################################
# HEADER
# nspin         1
#%
# nik       217
#  st         1      26
# ust         1      26
# Iter             t            #  iter t Nex(t)  
################################################################################
       0  0.000000000000e+00 -2.560451850542e-15
      50  1.000000000000e+00  1.202903401887e-10
     100  2.000000000000e+00  5.378331460748e-10
     150  3.000000000000e+00  5.422325505267e-09
     200  4.000000000000e+00  3.432450237234e-08
     250  5.000000000000e+00  1.452344173050e-07
     300  6.000000000000e+00  4.699070245209e-07
     350  7.000000000000e+00  1.258007581606e-06
     400  8.000000000000e+00  2.929818012629e-06
     450  9.000000000000e+00  6.127751121736e-06
     500  1.000000000000e+01  1.176058509404e-05
     550  1.100000000000e+01  2.103212588738e-05
     600  1.200000000000e+01  3.545488251777e-05
     650  1.300000000000e+01  5.685586973272e-05
     700  1.400000000000e+01  8.738589169408e-05
     750  1.500000000000e+01  1.295026012390e-04
     800  1.600000000000e+01  1.859403013648e-04
     850  1.700000000000e+01  2.596603879094e-04
     900  1.800000000000e+01  3.537803747601e-04
     950  1.900000000000e+01  4.714640634005e-04
    1000  2.000000000000e+01  6.157657686736e-04
    1050  2.100000000000e+01  7.894593179291e-04
    1100  2.200000000000e+01  9.948663248486e-04
    1150  2.300000000000e+01  1.233705137634e-03
    1200  2.400000000000e+01  1.506963708702e-03
    1250  2.500000000000e+01  1.814764912080e-03
    1300  2.600000000000e+01  2.156217941785e-03
    1350  2.700000000000e+01  2.529348674469e-03
    1400  2.800000000000e+01  2.931032809832e-03
    1450  2.900000000000e+01  3.356915290400e-03
    1500  3.000000000000e+01  3.801338922864e-03
    1550  3.100000000000e+01  4.257281563262e-03
    1600  3.200000000000e+01  4.716384142467e-03
    1650  3.300000000000e+01  5.169040105280e-03
    1700  3.400000000000e+01  5.604552883704e-03
    1750  3.500000000000e+01  6.011406276803e-03
    1800  3.600000000000e+01  6.377532175569e-03
    1850  3.700000000000e+01  6.690664767958e-03
    1900  3.800000000000e+01  6.938795978496e-03
    1950  3.900000000000e+01  7.110702066397e-03
    2000  4.000000000000e+01  7.196457480821e-03
    2050  4.100000000000e+01  7.187897703005e-03
    2100  4.200000000000e+01  7.079065435517e-03
    2150  4.300000000000e+01  6.866761888504e-03
    2200  4.400000000000e+01  6.551033929593e-03
    2250  4.500000000000e+01  6.135669115983e-03
    2300  4.600000000000e+01  5.628629596496e-03
    2350  4.700000000000e+01  5.042427587129e-03
    2400  4.800000000000e+01  4.394473989851e-03
    2450  4.900000000000e+01  3.707325532776e-03
    2500  5.000000000000e+01  3.008810081169e-03
    2550  5.100000000000e+01  2.332025162788e-03
    2600  5.200000000000e+01  1.715185900647e-03
    2650  5.300000000000e+01  1.201339531323e-03
    2700  5.400000000000e+01  8.379908497978e-04
    2750  5.500000000000e+01  6.765484353522e-04
    2800  5.600000000000e+01  7.716281536671e-04
    2850  5.700000000000e+01  1.180204650787e-03
    2900  5.800000000000e+01  1.960625509869e-03
    2950  5.900000000000e+01  3.171456840625e-03
    3000  6.000000000000e+01  4.870199406649e-03
    3050  6.100000000000e+01  7.111906855851e-03
    3100  6.200000000000e+01  9.947736957130e-03
    3150  6.300000000000e+01  1.342350610756e-02
    3200  6.400000000000e+01  1.757818027239e-02
    3250  6.500000000000e+01  2.244236986440e-02
    3300  6.600000000000e+01  2.803694810305e-02
    3350  6.700000000000e+01  3.437179555629e-02
    3400  6.800000000000e+01  4.144464192052e-02
    3450  6.900000000000e+01  4.923999445065e-02
    3500  7.000000000000e+01  5.772820284300e-02
    3550  7.100000000000e+01  6.686480492819e-02
    3600  7.200000000000e+01  7.659027068032e-02
    3650  7.300000000000e+01  8.682998529122e-02
    3700  7.400000000000e+01  9.749463827492e-02
    3750  7.500000000000e+01  1.084807365536e-01
    3800  7.600000000000e+01  1.196714373130e-01
    3850  7.700000000000e+01  1.309378956111e-01
    3900  7.800000000000e+01  1.421408934783e-01
    3950  7.900000000000e+01  1.531327341220e-01
    4000  8.000000000000e+01  1.637592218045e-01
    4050  8.100000000000e+01  1.738618155524e-01
    4100  8.200000000000e+01  1.832802163995e-01
    4150  8.300000000000e+01  1.918551579942e-01
    4200  8.400000000000e+01  1.994313269306e-01
    4250  8.500000000000e+01  2.058604856907e-01
    4300  8.600000000000e+01  2.110045153400e-01
    4350  8.700000000000e+01  2.147387869696e-01
    4400  8.800000000000e+01  2.169555427070e-01
    4450  8.900000000000e+01  2.175668213124e-01
    4500  9.000000000000e+01  2.165072504154e-01
    4550  9.100000000000e+01  2.137367200862e-01
    4600  9.200000000000e+01  2.092429316911e-01
    4650  9.300000000000e+01  2.030435892804e-01
    4700  9.400000000000e+01  1.951878933090e-01
    4750  9.500000000000e+01  1.857578026618e-01
    4800  9.600000000000e+01  1.748691858187e-01
    4850  9.700000000000e+01  1.626723410569e-01
    4900  9.800000000000e+01  1.493522433759e-01
    4950  9.900000000000e+01  1.351279088223e-01
    5000  1.000000000000e+02  1.202511202907e-01
    5050  1.010000000000e+02  1.050045773366e-01
    5100  1.020000000000e+02  8.969926696322e-02
    5150  1.030000000000e+02  7.467121813180e-02
    5200  1.040000000000e+02  6.027732010687e-02
    5250  1.050000000000e+02  4.689039183945e-02
    5300  1.060000000000e+02  3.489364072159e-02
    5350  1.070000000000e+02  2.467458896220e-02
    5400  1.080000000000e+02  1.661845817476e-02
    5450  1.090000000000e+02  1.110091501406e-02
    5500  1.100000000000e+02  8.480521420504e-03
    5550  1.110000000000e+02  9.090973761990e-03
    5600  1.120000000000e+02  1.323337836041e-02
    5650  1.130000000000e+02  2.116876050382e-02
    5700  1.140000000000e+02  3.311089684764e-02
    5750  1.150000000000e+02  4.921975405147e-02
    5800  1.160000000000e+02  6.959574553869e-02
    5850  1.170000000000e+02  9.427486981603e-02
    5900  1.180000000000e+02  1.232251405472e-01
    5950  1.190000000000e+02  1.563431091845e-01
    6000  1.200000000000e+02  1.934546125164e-01
    6050  1.210000000000e+02  2.343131811096e-01
    6100  1.220000000000e+02  2.786036278207e-01
    6150  1.230000000000e+02  3.259430437252e-01
    6200  1.240000000000e+02  3.758874190514e-01
    6250  1.250000000000e+02  4.279337035615e-01
    6300  1.260000000000e+02  4.815307777383e-01
    6350  1.270000000000e+02  5.360822422619e-01
    6400  1.280000000000e+02  5.909589797014e-01
    6450  1.290000000000e+02  6.455044651135e-01
    6500  1.300000000000e+02  6.990487713157e-01
    6550  1.310000000000e+02  7.509160804507e-01
    6600  1.320000000000e+02  8.004361240430e-01
    6650  1.330000000000e+02  8.469548705823e-01
    6700  1.340000000000e+02  8.898438491886e-01
    6750  1.350000000000e+02  9.285100748571e-01
    6800  1.360000000000e+02  9.624043118318e-01
    6850  1.370000000000e+02  9.910286514272e-01
    6900  1.380000000000e+02  1.013943502234e+00
    6950  1.390000000000e+02  1.030772971813e+00
    7000  1.400000000000e+02  1.041210046243e+00
    7050  1.410000000000e+02  1.045021488316e+00
    7100  1.420000000000e+02  1.042051894682e+00
    7150  1.430000000000e+02  1.032227002308e+00
    7200  1.440000000000e+02  1.015558571492e+00
    7250  1.450000000000e+02  9.921474545657e-01
    7300  1.460000000000e+02  9.621851125141e-01
    7350  1.470000000000e+02  9.259565309716e-01
    7400  1.480000000000e+02  8.838413692251e-01
    7450  1.490000000000e+02  8.363142097677e-01
    7500  1.500000000000e+02  7.839445600963e-01
    7550  1.510000000000e+02  7.273951692736e-01
    7600  1.520000000000e+02  6.674197615700e-01
    7650  1.530000000000e+02  6.048593715070e-01
    7700  1.540000000000e+02  5.406361672061e-01
    7750  1.550000000000e+02  4.757462189454e-01
    7800  1.560000000000e+02  4.112500904598e-01
    7850  1.570000000000e+02  3.482611681457e-01
    7900  1.580000000000e+02  2.879299274175e-01
    7950  1.590000000000e+02  2.314272795815e-01
    8000  1.600000000000e+02  1.799244902596e-01
    8050  1.610000000000e+02  1.345710686374e-01
    8100  1.620000000000e+02  9.647138780634e-02
    8150  1.630000000000e+02  6.666124169208e-02
    8200  1.640000000000e+02  4.608345008306e-02
    8250  1.650000000000e+02  3.556558531517e-02
    8300  1.660000000000e+02  3.579837205750e-02
    8350  1.670000000000e+02  4.731584420956e-02
    8400  1.680000000000e+02  7.047653626222e-02
    8450  1.690000000000e+02  1.054473613886e-01
    8500  1.700000000000e+02  1.521893604639e-01
    8550  1.710000000000e+02  2.104482288141e-01
    8600  1.720000000000e+02  2.797497856575e-01
    8650  1.730000000000e+02  3.594038639637e-01
    8700  1.740000000000e+02  4.485140818512e-01
    8750  1.750000000000e+02  5.459951757520e-01
    8800  1.760000000000e+02  6.505996833109e-01
    8850  1.770000000000e+02  7.609482887561e-01
    8900  1.780000000000e+02  8.755697022866e-01
    8950  1.790000000000e+02  9.929452859734e-01
    9000  1.800000000000e+02  1.111557592990e+00
    9050  1.810000000000e+02  1.229933810721e+00
    9100  1.820000000000e+02  1.346676022736e+00
    9150  1.830000000000e+02  1.460477836422e+00
    9200  1.840000000000e+02  1.570111063417e+00
    9250  1.850000000000e+02  1.674406589814e+00
    9300  1.860000000000e+02  1.772221392991e+00
    9350  1.870000000000e+02  1.862433218854e+00
    9400  1.880000000000e+02  1.943943816862e+00
    9450  1.890000000000e+02  2.015718811118e+00
    9500  1.900000000000e+02  2.076827466102e+00
    9550  1.910000000000e+02  2.126480060423e+00
    9600  1.920000000000e+02  2.164049350110e+00
    9650  1.930000000000e+02  2.189074249740e+00
    9700  1.940000000000e+02  2.201250449921e+00
    9750  1.950000000000e+02  2.200417600486e+00
    9800  1.960000000000e+02  2.186547992572e+00
    9850  1.970000000000e+02  2.159737938549e+00
    9900  1.980000000000e+02  2.120200240627e+00
    9950  1.990000000000e+02  2.068257642507e+00
   10000  2.000000000000e+02  2.004338768963e+00
   10050  2.010000000000e+02  1.928985111759e+00
   10100  2.020000000000e+02  1.842872741665e+00
   10150  2.030000000000e+02  1.746846328931e+00
   10200  2.040000000000e+02  1.641951780237e+00
   10250  2.050000000000e+02  1.529454787611e+00
   10300  2.060000000000e+02  1.410833982771e+00
   10350  2.070000000000e+02  1.287740096874e+00
   10400  2.080000000000e+02  1.161935145101e+00
   10450  2.090000000000e+02  1.035218175933e+00
   10500  2.100000000000e+02  9.093723883323e-01
   10550  2.110000000000e+02  7.861441822560e-01
   10600  2.120000000000e+02  6.672648042685e-01
   10650  2.130000000000e+02  5.544962654216e-01
   10700  2.140000000000e+02  4.496682934382e-01
   10750  2.150000000000e+02  3.546712668632e-01
   10800  2.160000000000e+02  2.713938750618e-01
   10850  2.170000000000e+02  2.016273109459e-01
   10900  2.180000000000e+02  1.469678960809e-01
   10950  2.190000000000e+02  1.087455735378e-01
   11000  2.200000000000e+02  8.798661849594e-02
   11050  2.210000000000e+02  8.540371175494e-02
   11100  2.220000000000e+02  1.013963459308e-01
   11150  2.230000000000e+02  1.360475212594e-01
   11200  2.240000000000e+02  1.891092890851e-01
   11250  2.250000000000e+02  2.599821876048e-01
   11300  2.260000000000e+02  3.476968657495e-01
   11350  2.270000000000e+02  4.509003014168e-01
   11400  2.280000000000e+02  5.678598122497e-01
   11450  2.290000000000e+02  6.965036787014e-01
   11500  2.300000000000e+02  8.345198634508e-01
   11550  2.310000000000e+02  9.795052746154e-01
   11600  2.320000000000e+02  1.129134863268e+00
   11650  2.330000000000e+02  1.281320793462e+00
   11700  2.340000000000e+02  1.434327126043e+00
   11750  2.350000000000e+02  1.586790081339e+00
   11800  2.360000000000e+02  1.737554664456e+00
   11850  2.370000000000e+02  1.885311950505e+00
   11900  2.380000000000e+02  2.028215883491e+00
   11950  2.390000000000e+02  2.163802569806e+00
   12000  2.400000000000e+02  2.289351863207e+00
   12050  2.410000000000e+02  2.402470645720e+00
   12100  2.420000000000e+02  2.501524150126e+00
   12150  2.430000000000e+02  2.585752192507e+00
   12200  2.440000000000e+02  2.655081337003e+00
   12250  2.450000000000e+02  2.709807661851e+00
   12300  2.460000000000e+02  2.750337540417e+00
   12350  2.470000000000e+02  2.776979424016e+00
   12400  2.480000000000e+02  2.789738529841e+00
   12450  2.490000000000e+02  2.788232047200e+00
   12500  2.500000000000e+02  2.771844653109e+00
   12550  2.510000000000e+02  2.740038756905e+00
   12600  2.520000000000e+02  2.692630982554e+00
   12650  2.530000000000e+02  2.629893632847e+00
   12700  2.540000000000e+02  2.552439025253e+00
   12750  2.550000000000e+02  2.461013944042e+00
   12800  2.560000000000e+02  2.356408724853e+00
   12850  2.570000000000e+02  2.239559474015e+00
   12900  2.580000000000e+02  2.111743458694e+00
   12950  2.590000000000e+02  1.974669833282e+00
   13000  2.600000000000e+02  1.830392748388e+00
   13050  2.610000000000e+02  1.681122260266e+00
   13100  2.620000000000e+02  1.529057826053e+00
   13150  2.630000000000e+02  1.376288523327e+00
   13200  2.640000000000e+02  1.224742403927e+00
   13250  2.650000000000e+02  1.076185358507e+00
   13300  2.660000000000e+02  9.322883323631e-01
   13350  2.670000000000e+02  7.947427852853e-01
   13400  2.680000000000e+02  6.653463981688e-01
   13450  2.690000000000e+02  5.459967300718e-01
   13500  2.700000000000e+02  4.386218265722e-01
   13550  2.710000000000e+02  3.451028744862e-01
   13600  2.720000000000e+02  2.671700944121e-01
   13650  2.730000000000e+02  2.062540542727e-01
   13700  2.740000000000e+02  1.633610015671e-01
   13750  2.750000000000e+02  1.390390687876e-01
   13800  2.760000000000e+02  1.334365726639e-01
   13850  2.770000000000e+02  1.463893410487e-01
   13900  2.780000000000e+02  1.774555515258e-01
   13950  2.790000000000e+02  2.258717965529e-01
   14000  2.800000000000e+02  2.905140749906e-01
   14050  2.810000000000e+02  3.699767293844e-01
   14100  2.820000000000e+02  4.627196196458e-01
   14150  2.830000000000e+02  5.671473825853e-01
   14200  2.840000000000e+02  6.815424182865e-01
   14250  2.850000000000e+02  8.038497455404e-01
   14300  2.860000000000e+02  9.315172812999e-01
   14350  2.870000000000e+02  1.061784421578e+00
   14400  2.880000000000e+02  1.192365898572e+00
   14450  2.890000000000e+02  1.321805072735e+00
   14500  2.900000000000e+02  1.449085504735e+00
   14550  2.910000000000e+02  1.573144668860e+00
   14600  2.920000000000e+02  1.693011239631e+00
   14650  2.930000000000e+02  1.807890495620e+00
   14700  2.940000000000e+02  1.916379200380e+00
   14750  2.950000000000e+02  2.015888867158e+00
   14800  2.960000000000e+02  2.103415055489e+00
   14850  2.970000000000e+02  2.176720881516e+00
   14900  2.980000000000e+02  2.234890577066e+00
   14950  2.990000000000e+02  2.278473526813e+00
   15000  3.000000000000e+02  2.308955469890e+00
   15050  3.010000000000e+02  2.327509423026e+00
   15100  3.020000000000e+02  2.334363179254e+00
   15150  3.030000000000e+02  2.329207685020e+00
   15200  3.040000000000e+02  2.311454784175e+00
   15250  3.050000000000e+02  2.280178208315e+00
   15300  3.060000000000e+02  2.234607204501e+00
   15350  3.070000000000e+02  2.174953683080e+00
   15400  3.080000000000e+02  2.102571245023e+00
   15450  3.090000000000e+02  2.019424260887e+00
   15500  3.100000000000e+02  1.927688005191e+00
   15550  3.110000000000e+02  1.829602417422e+00
   15600  3.120000000000e+02  1.727090197409e+00
   15650  3.130000000000e+02  1.621321977123e+00
   15700  3.140000000000e+02  1.512619703876e+00
   15750  3.150000000000e+02  1.400679490919e+00
   15800  3.160000000000e+02  1.285299675545e+00
   15850  3.170000000000e+02  1.167287187064e+00
   15900  3.180000000000e+02  1.048476110620e+00
   15950  3.190000000000e+02  9.310321670370e-01
   16000  3.200000000000e+02  8.170530091606e-01
   16050  3.210000000000e+02  7.084991615679e-01
   16100  3.220000000000e+02  6.071393317736e-01
   16150  3.230000000000e+02  5.144035953634e-01
   16200  3.240000000000e+02  4.311704214740e-01
   16250  3.250000000000e+02  3.579428215060e-01
   16300  3.260000000000e+02  2.952477939833e-01
   16350  3.270000000000e+02  2.436027560312e-01
   16400  3.280000000000e+02  2.033257307652e-01
   16450  3.290000000000e+02  1.745714405912e-01
   16500  3.300000000000e+02  1.574451657137e-01
   16550  3.310000000000e+02  1.520536599452e-01
   16600  3.320000000000e+02  1.582990840146e-01
   16650  3.330000000000e+02  1.756190554249e-01
   16700  3.340000000000e+02  2.029413068804e-01
   16750  3.350000000000e+02  2.389069385912e-01
   16800  3.360000000000e+02  2.822454728445e-01
   16850  3.370000000000e+02  3.319288575565e-01
   16900  3.380000000000e+02  3.872939916586e-01
   16950  3.390000000000e+02  4.478029896142e-01
   17000  3.400000000000e+02  5.124159154872e-01
   17050  3.410000000000e+02  5.796925550675e-01
   17100  3.420000000000e+02  6.481016687825e-01
   17150  3.430000000000e+02  7.161322748696e-01
   17200  3.440000000000e+02  7.826178654118e-01
   17250  3.450000000000e+02  8.468286898644e-01
   17300  3.460000000000e+02  9.082564027067e-01
   17350  3.470000000000e+02  9.663477129970e-01
   17400  3.480000000000e+02  1.020575600925e+00
   17450  3.490000000000e+02  1.070469589055e+00
   17500  3.500000000000e+02  1.115237573505e+00
   17550  3.510000000000e+02  1.153612226177e+00
   17600  3.520000000000e+02  1.184331645942e+00
   17650  3.530000000000e+02  1.206837155487e+00
   17700  3.540000000000e+02  1.221272314250e+00
   17750  3.550000000000e+02  1.227873734277e+00
   17800  3.560000000000e+02  1.226954583930e+00
   17850  3.570000000000e+02  1.219165507298e+00
   17900  3.580000000000e+02  1.205167328320e+00
   17950  3.590000000000e+02  1.185270518428e+00
   18000  3.600000000000e+02  1.159467977696e+00
   18050  3.610000000000e+02  1.127857377324e+00
   18100  3.620000000000e+02  1.090847917559e+00
   18150  3.630000000000e+02  1.048805095986e+00
   18200  3.640000000000e+02  1.001910002921e+00
   18250  3.650000000000e+02  9.504500998947e-01
   18300  3.660000000000e+02  8.950900186052e-01
   18350  3.670000000000e+02  8.368922321330e-01
   18400  3.680000000000e+02  7.773096781947e-01
   18450  3.690000000000e+02  7.179564785006e-01
   18500  3.700000000000e+02  6.599698236020e-01
   18550  3.710000000000e+02  6.037346223916e-01
   18600  3.720000000000e+02  5.492536154259e-01
   18650  3.730000000000e+02  4.965828125324e-01
   18700  3.740000000000e+02  4.460596318864e-01
   18750  3.750000000000e+02  3.982201110225e-01
   18800  3.760000000000e+02  3.535820634219e-01
   18850  3.770000000000e+02  3.126239511088e-01
   18900  3.780000000000e+02  2.757659993698e-01
   18950  3.790000000000e+02  2.432496785505e-01
   19000  3.800000000000e+02  2.151361104559e-01
   19050  3.810000000000e+02  1.914266052302e-01
   19100  3.820000000000e+02  1.721423870344e-01
   19150  3.830000000000e+02  1.573193899601e-01
   19200  3.840000000000e+02  1.469035926165e-01
   19250  3.850000000000e+02  1.407052437519e-01
   19300  3.860000000000e+02  1.384373038583e-01
   19350  3.870000000000e+02  1.397506599962e-01
   19400  3.880000000000e+02  1.443224692521e-01
   19450  3.890000000000e+02  1.519469005302e-01
   19500  3.900000000000e+02  1.624536881546e-01
   19550  3.910000000000e+02  1.755319863677e-01
   19600  3.920000000000e+02  1.906686897771e-01
   19650  3.930000000000e+02  2.071866438581e-01
   19700  3.940000000000e+02  2.243515639296e-01
   19750  3.950000000000e+02  2.415229227898e-01
   19800  3.960000000000e+02  2.582269156649e-01
   19850  3.970000000000e+02  2.741828361003e-01
   19900  3.980000000000e+02  2.892922586553e-01
   19950  3.990000000000e+02  3.036098777692e-01
   20000  4.000000000000e+02  3.171605492623e-01
   20050  4.010000000000e+02  3.296753349191e-01
   20100  4.020000000000e+02  3.406994678800e-01
   20150  4.030000000000e+02  3.498258574766e-01
   20200  4.040000000000e+02  3.568649262880e-01
   20250  4.050000000000e+02  3.618623650544e-01
   20300  4.060000000000e+02  3.649620210136e-01
   20350  4.070000000000e+02  3.663743376453e-01
   20400  4.080000000000e+02  3.662194354696e-01
   20450  4.090000000000e+02  3.644981981022e-01
   20500  4.100000000000e+02  3.611816492940e-01
   20550  4.110000000000e+02  3.562849035015e-01
   20600  4.120000000000e+02  3.500487440615e-01
   20650  4.130000000000e+02  3.428670016070e-01
   20700  4.140000000000e+02  3.350839903093e-01
   20750  4.150000000000e+02  3.268199077716e-01
   20800  4.160000000000e+02  3.179738543076e-01
   20850  4.170000000000e+02  3.084037948340e-01
   20900  4.180000000000e+02  2.980638578974e-01
   20950  4.190000000000e+02  2.870336281594e-01
   21000  4.200000000000e+02  2.754869066949e-01
   21050  4.210000000000e+02  2.636543603277e-01
   21100  4.220000000000e+02  2.518304153592e-01
   21150  4.230000000000e+02  2.403063383970e-01
   21200  4.240000000000e+02  2.291512673820e-01
   21250  4.250000000000e+02  2.182287194531e-01
   21300  4.260000000000e+02  2.074881807646e-01
   21350  4.270000000000e+02  1.970320981638e-01
   21400  4.280000000000e+02  1.870038394308e-01
   21450  4.290000000000e+02  1.776417430824e-01
   21500  4.300000000000e+02  1.692402013586e-01
   21550  4.310000000000e+02  1.619719356382e-01
   21600  4.320000000000e+02  1.557811625411e-01
   21650  4.330000000000e+02  1.504798968997e-01
   21700  4.340000000000e+02  1.459175226135e-01
   21750  4.350000000000e+02  1.420231770092e-01
   21800  4.360000000000e+02  1.387735580197e-01
   21850  4.370000000000e+02  1.361770071314e-01
   21900  4.380000000000e+02  1.342378934251e-01
   21950  4.390000000000e+02  1.329300945731e-01
   22000  4.400000000000e+02  1.321886677898e-01
   22050  4.410000000000e+02  1.319122308671e-01
   22100  4.420000000000e+02  1.319862428320e-01
   22150  4.430000000000e+02  1.323137189902e-01
   22200  4.440000000000e+02  1.328317867274e-01
   22250  4.450000000000e+02  1.334913862165e-01
   22300  4.460000000000e+02  1.342378626960e-01
   22350  4.470000000000e+02  1.350097681031e-01
   22400  4.480000000000e+02  1.357436497388e-01
   22450  4.490000000000e+02  1.364047642277e-01
   22500  4.500000000000e+02  1.369846331138e-01
   22550  4.510000000000e+02  1.374709405724e-01
   22600  4.520000000000e+02  1.378584407627e-01
   22650  4.530000000000e+02  1.381639107578e-01
   22700  4.540000000000e+02  1.384108225291e-01
   22750  4.550000000000e+02  1.386110068307e-01
   22800  4.560000000000e+02  1.387567823285e-01
   22850  4.570000000000e+02  1.388072745238e-01
   22900  4.580000000000e+02  1.387394702644e-01
   22950  4.590000000000e+02  1.386098259850e-01
   23000  4.600000000000e+02  1.384827989077e-01
   23050  4.610000000000e+02  1.383648071107e-01
   23100  4.620000000000e+02  1.382155557054e-01
   23150  4.630000000000e+02  1.379850486899e-01
   23200  4.640000000000e+02  1.376652003457e-01
   23250  4.650000000000e+02  1.372547950949e-01
   23300  4.660000000000e+02  1.367423870473e-01
   23350  4.670000000000e+02  1.361622165589e-01
   23400  4.680000000000e+02  1.355817398289e-01
   23450  4.690000000000e+02  1.350487852229e-01
   23500  4.700000000000e+02  1.345883425793e-01
   23550  4.710000000000e+02  1.341994779911e-01
   23600  4.720000000000e+02  1.338478501325e-01
   23650  4.730000000000e+02  1.335031071585e-01
   23700  4.740000000000e+02  1.331628180709e-01
   23750  4.750000000000e+02  1.328400660605e-01
   23800  4.760000000000e+02  1.325461784382e-01
   23850  4.770000000000e+02  1.322805252319e-01
   23900  4.780000000000e+02  1.320388010893e-01
   23950  4.790000000000e+02  1.318263427675e-01
   24000  4.800000000000e+02  1.316498734001e-01
   24050  4.810000000000e+02  1.315095368495e-01
   24100  4.820000000000e+02  1.313968706617e-01
   24150  4.830000000000e+02  1.312998030204e-01
   24200  4.840000000000e+02  1.312155237786e-01
   24250  4.850000000000e+02  1.311517733719e-01
   24300  4.860000000000e+02  1.311122402080e-01
   24350  4.870000000000e+02  1.310898839362e-01
   24400  4.880000000000e+02  1.310750824506e-01
   24450  4.890000000000e+02  1.310648773438e-01
   24500  4.900000000000e+02  1.310611184411e-01
   24550  4.910000000000e+02  1.310612411212e-01
   24600  4.920000000000e+02  1.310587782638e-01
   24650  4.930000000000e+02  1.310504955243e-01
   24700  4.940000000000e+02  1.310398379907e-01
   24750  4.950000000000e+02  1.310326463403e-01
   24800  4.960000000000e+02  1.310287617497e-01
   24850  4.970000000000e+02  1.310251635788e-01
   24900  4.980000000000e+02  1.310236424876e-01
   24950  4.990000000000e+02  1.310272681900e-01
   25000  5.000000000000e+02  1.310338952727e-01
   25050  5.010000000000e+02  1.310392905231e-01
   25100  5.020000000000e+02  1.310445167770e-01
   25150  5.030000000000e+02  1.310524979913e-01
   25200  5.040000000000e+02  1.310611558165e-01
   25250  5.050000000000e+02  1.310666278344e-01
   25300  5.060000000000e+02  1.310670205518e-01
   25350  5.070000000000e+02  1.310623603148e-01
   25400  5.080000000000e+02  1.310539792126e-01
   25450  5.090000000000e+02  1.310429330680e-01
   25500  5.100000000000e+02  1.310301503248e-01
   25550  5.110000000000e+02  1.310187533101e-01
   25600  5.120000000000e+02  1.310148432561e-01
   25650  5.130000000000e+02  1.310206133560e-01
   25700  5.140000000000e+02  1.310304030787e-01
   25750  5.150000000000e+02  1.310380840640e-01
   25800  5.160000000000e+02  1.310418934771e-01
   25850  5.170000000000e+02  1.310425550203e-01
   25900  5.180000000000e+02  1.310423396800e-01
   25950  5.190000000000e+02  1.310420727328e-01
   26000  5.200000000000e+02  1.310415842318e-01
   26050  5.210000000000e+02  1.310433758107e-01
   26100  5.220000000000e+02  1.310490346364e-01
   26150  5.230000000000e+02  1.310557405581e-01
   26200  5.240000000000e+02  1.310594187953e-01
   26250  5.250000000000e+02  1.310569771276e-01
   26300  5.260000000000e+02  1.310493080423e-01
   26350  5.270000000000e+02  1.310411955338e-01
   26400  5.280000000000e+02  1.310339537443e-01
   26450  5.290000000000e+02  1.310235307145e-01
   26500  5.300000000000e+02  1.310104987986e-01
   26550  5.310000000000e+02  1.310030109043e-01
   26600  5.320000000000e+02  1.310051771446e-01
   26650  5.330000000000e+02  1.310132421120e-01
   26700  5.340000000000e+02  1.310221757541e-01
   26750  5.350000000000e+02  1.310282858119e-01
   26800  5.360000000000e+02  1.310301355820e-01
   26850  5.370000000000e+02  1.310280495560e-01
   26900  5.380000000000e+02  1.310217497081e-01
   26950  5.390000000000e+02  1.310126197137e-01
   27000  5.400000000000e+02  1.310078027354e-01
   27050  5.410000000000e+02  1.310137413024e-01
   27100  5.420000000000e+02  1.310277267443e-01
   27150  5.430000000000e+02  1.310396889426e-01
   27200  5.440000000000e+02  1.310422436325e-01
   27250  5.450000000000e+02  1.310346023892e-01
   27300  5.460000000000e+02  1.310210056969e-01
   27350  5.470000000000e+02  1.310103973334e-01
   27400  5.480000000000e+02  1.310078608837e-01
   27450  5.490000000000e+02  1.310086754693e-01
   27500  5.500000000000e+02  1.310091999712e-01
   27550  5.510000000000e+02  1.310110356555e-01
   27600  5.520000000000e+02  1.310162757121e-01
   27650  5.530000000000e+02  1.310244474646e-01
   27700  5.540000000000e+02  1.310342041020e-01
   27750  5.550000000000e+02  1.310455609432e-01
   27800  5.560000000000e+02  1.310560429774e-01
   27850  5.570000000000e+02  1.310584969837e-01
   27900  5.580000000000e+02  1.310467608508e-01
