# coord. kx ky kz (red. coord.), bands:    34 [H]
     0.00000000    0.00000000    0.00000000    0.00000000    -4.58582086    -4.58493302    -2.90209194    -2.90181225    -2.90179127    -2.90173932    -2.90163736    -2.90161624    -0.68174994    -0.67821127    -0.48242824    -0.48206081    -0.48153129    -0.47543227    -0.47498526    -0.45243864    -0.45223160    -0.44261778    -0.44250167    -0.41996261    -0.31219694    -0.14953227    -0.14928369    -0.12159102    -0.11961359    -0.11937873    -0.01596715     0.13997904     0.25064410     0.41859970     0.41860984     0.45605472     0.46285849     0.46287790
     0.01177837    0.03571429   -0.00000000    0.00000000    -4.58582668    -4.58494386    -2.90209686    -2.90181031    -2.90179313    -2.90174119    -2.90163892    -2.90161842    -0.68167670    -0.67818558    -0.48246053    -0.48187947    -0.48113725    -0.47529410    -0.47471814    -0.45253599    -0.45225655    -0.44297131    -0.44248521    -0.41955480    -0.31160812    -0.15145717    -0.14997700    -0.12240826    -0.12190723    -0.11973042    -0.01299609     0.14190225     0.25064263     0.41270955     0.41906184     0.45668015     0.45918880     0.46353059
     0.02355674    0.07142857   -0.00000000    0.00000000    -4.58584378    -4.58497594    -2.90211052    -2.90181301    -2.90179128    -2.90174657    -2.90164375    -2.90162458    -0.68146363    -0.67811179    -0.48232185    -0.48132339    -0.48023497    -0.47486182    -0.47392695    -0.45282895    -0.45230830    -0.44393986    -0.44241672    -0.41844116    -0.30985080    -0.15707213    -0.15204470    -0.12985764    -0.12291139    -0.12077886    -0.00490775     0.14746184     0.25063553     0.39793896     0.42040846     0.44771456     0.45952994     0.46526733
     0.03533511    0.10714286   -0.00000000    0.00000000    -4.58587105    -4.58502789    -2.90213029    -2.90182746    -2.90178151    -2.90175411    -2.90165169    -2.90163444    -0.68113001    -0.67799921    -0.48187219    -0.48044397    -0.47901184    -0.47409867    -0.47262841    -0.45329709    -0.45233988    -0.44525620    -0.44231227    -0.41686756    -0.30695480    -0.16601932    -0.15534714    -0.14025886    -0.12456881    -0.12248884     0.00666638     0.15608121     0.25061281     0.37889251     0.42258720     0.43276740     0.46172584     0.46740532
     0.04711348    0.14285714   -0.00000000    0.00000000    -4.58590677    -4.58509751    -2.90215333    -2.90184873    -2.90177832    -2.90175539    -2.90166250    -2.90164747    -0.68070568    -0.67786121    -0.48115332    -0.47933321    -0.47751413    -0.47292468    -0.47087011    -0.45389260    -0.45228635    -0.44664752    -0.44218516    -0.41507992    -0.30297753    -0.17770697    -0.15970405    -0.15215486    -0.12689763    -0.12480147     0.02036689     0.16693528     0.25055035     0.35855322     0.41605158     0.42547185     0.46187321     0.46895026
     0.05889185    0.17857143   -0.00000000    0.00000000    -4.58594864    -4.58518183    -2.90217727    -2.90187447    -2.90179052    -2.90174424    -2.90167586    -2.90166283    -0.68022774    -0.67771253    -0.48032536    -0.47810816    -0.47573092    -0.47123641    -0.46872161    -0.45454217    -0.45206886    -0.44789273    -0.44204652    -0.41326266    -0.29801473    -0.19137632    -0.16531576    -0.16426384    -0.12990669    -0.12762355     0.03532537     0.17905581     0.25039354     0.33851649     0.39930582     0.42884324     0.45615131     0.46899572
     0.07067022    0.21428571   -0.00000000    0.00000000    -4.58599393    -4.58527728    -2.90220031    -2.90190307    -2.90180826    -2.90173159    -2.90169140    -2.90167931    -0.67973640    -0.67756624    -0.47960908    -0.47689916    -0.47365998    -0.46891733    -0.46627420    -0.45516013    -0.45160976    -0.44881543    -0.44190339    -0.41154009    -0.29221650    -0.20620548    -0.17757590    -0.17046899    -0.13359608    -0.13082849     0.05100716     0.19139066     0.25002041     0.31963388     0.38371825     0.43235424     0.44393991     0.46732333
     0.08244858    0.25000000   -0.00000000    0.00000000    -4.58603969    -4.58537979    -2.90222120    -2.90193301    -2.90182852    -2.90172183    -2.90170741    -2.90169556    -0.67927038    -0.67743132    -0.47916809    -0.47582543    -0.47142679    -0.46585648    -0.46364095    -0.45567926    -0.45085557    -0.44924506    -0.44175796    -0.41000241    -0.28581949    -0.22139199    -0.19019623    -0.17645353    -0.13794541    -0.13426195     0.06705616     0.20285413     0.24916395     0.30241043     0.37016555     0.42978539     0.43546813     0.46465440
     0.09422695    0.28571429   -0.00000000    0.00000000    -4.58608290    -4.58548492    -2.90223909    -2.90196276    -2.90185015    -2.90173037    -2.90171136    -2.90170757    -0.67886232    -0.67731149    -0.47904767    -0.47496813    -0.46924278    -0.46214405    -0.46094627    -0.45601675    -0.44980299    -0.44897360    -0.44160843    -0.40874266    -0.27924114    -0.23610417    -0.20234653    -0.18241460    -0.14289819    -0.13775054     0.08320081     0.21245555     0.24727961     0.28727179     0.35925295     0.41723048     0.43740814     0.46231796
     0.10600532    0.32142857   -0.00000000    0.00000000    -4.58612077    -4.58558804    -2.90225356    -2.90199087    -2.90187206    -2.90174810    -2.90172464    -2.90170133    -0.67853449    -0.67720623    -0.47919988    -0.47435448    -0.46724722    -0.45886921    -0.45837194    -0.45546157    -0.44850183    -0.44766471    -0.44145134    -0.40790122    -0.27349616    -0.24908841    -0.21354463    -0.18808008    -0.14833965    -0.14111200     0.09919862     0.21955161     0.24344743     0.27480510     0.35112767     0.40804173     0.43746784     0.46152259
     0.11778369    0.35714286   -0.00000000    0.00000000    -4.58615102    -4.58568433    -2.90226452    -2.90201597    -2.90189296    -2.90176487    -2.90173639    -2.90169604    -0.67829502    -0.67711427    -0.47952622    -0.47396212    -0.46549511    -0.45817765    -0.45617261    -0.45283673    -0.44706804    -0.44455153    -0.44128597    -0.40770802    -0.27232019    -0.25665378    -0.22304851    -0.19317884    -0.15406373    -0.14416571     0.11479170     0.22405920     0.23677763     0.26567336     0.34531506     0.40297421     0.43585400     0.46237327
     0.12956206    0.39285714   -0.00000000    0.00000000    -4.58617229    -4.58576878    -2.90227222    -2.90203684    -2.90191144    -2.90177917    -2.90174588    -2.90169228    -0.67813696    -0.67703707    -0.47991449    -0.47373969    -0.46401606    -0.45849973    -0.45428913    -0.45074352    -0.44567826    -0.44112181    -0.43920915    -0.40849228    -0.27866775    -0.25644139    -0.22961047    -0.19745716    -0.15972310    -0.14674329     0.12963635     0.22598403     0.22801002     0.25976539     0.34106200     0.40171250     0.43357620     0.46401140
     0.14134043    0.42857143   -0.00000000    0.00000000    -4.58618462    -4.58583603    -2.90227712    -2.90205249    -2.90192604    -2.90179005    -2.90175283    -2.90168985    -0.67804327    -0.67697874    -0.48026524    -0.47362970    -0.46284498    -0.45891477    -0.45290531    -0.44952459    -0.44450491    -0.44097762    -0.43263113    -0.41061312    -0.28561856    -0.25615465    -0.23196735    -0.20069258    -0.16476258    -0.14869915     0.14311778     0.21717366     0.22759244     0.25619983     0.33794933     0.40284671     0.43150300     0.46562331
     0.15311880    0.46428571   -0.00000000    0.00000000    -4.58618988    -4.58588018    -2.90227977    -2.90206218    -2.90193543    -2.90179688    -2.90175704    -2.90168849    -0.67799562    -0.67694281    -0.48050494    -0.47358417    -0.46204345    -0.45926626    -0.45206851    -0.44885933    -0.44371250    -0.44088244    -0.42582882    -0.41429462    -0.29018941    -0.25740606    -0.23137080    -0.20270958    -0.16838530    -0.14992051     0.15378358     0.20829473     0.22779207     0.25428690     0.33598566     0.40451591     0.43011363     0.46673933
     0.16489717    0.50000000   -0.00000000    0.00000000    -4.58619109    -4.58589572    -2.90228062    -2.90206545    -2.90193867    -2.90179927    -2.90175839    -2.90168804    -0.67798121    -0.67693074    -0.48058967    -0.47357247    -0.46174023    -0.45941873    -0.45178974    -0.44864330    -0.44343132    -0.44085049    -0.41999414    -0.41901819    -0.29175169    -0.25813294    -0.23075867    -0.20339497    -0.16972861    -0.15033582     0.15827682     0.20436417     0.22779985     0.25368466     0.33530994     0.40525354     0.42962927     0.46713362
     0.17943973    0.51666667    0.03333333    0.00000000    -4.58618845    -4.58588374    -2.90227898    -2.90206713    -2.90193719    -2.90180997    -2.90174588    -2.90168595    -0.67798043    -0.67694625    -0.48048084    -0.47356586    -0.46186777    -0.45910577    -0.45208170    -0.44887827    -0.44375592    -0.44109554    -0.42510981    -0.41442941    -0.29010878    -0.25729727    -0.23110491    -0.20378186    -0.16879171    -0.15095814     0.15542169     0.20894129     0.22793083     0.25429516     0.33595993     0.40459785     0.42657749     0.46508199
     0.19398230    0.53333333    0.06666667    0.00000000    -4.58618373    -4.58585354    -2.90227253    -2.90207251    -2.90193178    -2.90182423    -2.90172525    -2.90168053    -0.67797342    -0.67698302    -0.48013677    -0.47357144    -0.46202454    -0.45841676    -0.45307742    -0.44959534    -0.44457780    -0.44198334    -0.43028476    -0.41046840    -0.28532615    -0.25571055    -0.23119072    -0.20506652    -0.16621069    -0.15249557     0.14887664     0.22028284     0.22825257     0.25610133     0.33796324     0.40119462     0.41871885     0.46196638
     0.20852486    0.55000000    0.10000000    0.00000000    -4.58617603    -4.58581018    -2.90226050    -2.90208329    -2.90192104    -2.90183400    -2.90170565    -2.90167329    -0.67797244    -0.67703750    -0.47970541    -0.47342315    -0.46205780    -0.45766080    -0.45496400    -0.45064542    -0.44553958    -0.44380370    -0.43413515    -0.40784029    -0.27812189    -0.25472183    -0.22960556    -0.20687718    -0.16253602    -0.15457240     0.14110018     0.22801681     0.23541831     0.25903421     0.34136725     0.39269921     0.40859440     0.46361114
     0.22306742    0.56666667    0.13333333    0.00000000    -4.58616530    -4.58575987    -2.90224351    -2.90209749    -2.90190630    -2.90183728    -2.90169044    -2.90166635    -0.67799660    -0.67709914    -0.47934492    -0.47296691    -0.46221376    -0.45764336    -0.45696605    -0.45160189    -0.44686445    -0.44593628    -0.43642782    -0.40646794    -0.27094997    -0.25302997    -0.22786785    -0.20722756    -0.15867553    -0.15639713     0.13301823     0.22779931     0.25039245     0.26317085     0.34550956     0.38123163     0.39857877     0.47205201
     0.23760999    0.58333333    0.16666667    0.00000000    -4.58615267    -4.58570896    -2.90222602    -2.90210814    -2.90189085    -2.90183379    -2.90168106    -2.90166222    -0.67806388    -0.67715128    -0.47907477    -0.47236959    -0.46307777    -0.46010119    -0.45645050    -0.45205171    -0.44937895    -0.44677927    -0.43781718    -0.40606036    -0.26835367    -0.24615017    -0.22943757    -0.20401358    -0.15778041    -0.15451726     0.12493936     0.22701608     0.25959540     0.27054124     0.34696805     0.37580215     0.39037407     0.48517242
     0.25215255    0.60000000    0.20000000    0.00000000    -4.58614015    -4.58566335    -2.90221790    -2.90210387    -2.90187802    -2.90182405    -2.90167792    -2.90166296    -0.67817511    -0.67718187    -0.47879561    -0.47235823    -0.46427815    -0.46162712    -0.45628687    -0.45173671    -0.45160380    -0.44729787    -0.43885079    -0.40626630    -0.26937466    -0.23664205    -0.23265885    -0.19939021    -0.15642791    -0.15165371     0.11717534     0.22578472     0.26094434     0.27739043     0.34577863     0.38082531     0.38753282     0.49659537
     0.26669511    0.61666667    0.23333333    0.00000000    -4.58613004    -4.58562824    -2.90222366    -2.90208069    -2.90187026    -2.90180933    -2.90168129    -2.90166887    -0.67830560    -0.67719100    -0.47850671    -0.47337961    -0.46467979    -0.46235928    -0.45653556    -0.45323960    -0.45075435    -0.44763546    -0.43973939    -0.40676346    -0.27100200    -0.23991122    -0.22448702    -0.19582565    -0.15254338    -0.14975990     0.11029533     0.22421150     0.25743406     0.27802609     0.34832060     0.38334155     0.39992829     0.48861950
     0.28123768    0.63333333    0.26666667    0.00000000    -4.58612437    -4.58560773    -2.90223542    -2.90204952    -2.90186868    -2.90179198    -2.90169082    -2.90167801    -0.67841670    -0.67718414    -0.47848434    -0.47433443    -0.46555866    -0.46136972    -0.45704921    -0.45425712    -0.44956607    -0.44776129    -0.44052466    -0.40728927    -0.27216857    -0.24505404    -0.21772850    -0.19297252    -0.14902540    -0.14741669     0.10518591     0.22249839     0.25085281     0.27597289     0.35060129     0.39107142     0.41699056     0.47553958
     0.29578024    0.65000000    0.30000000    0.00000000    -4.58612450    -4.58560461    -2.90224598    -2.90202371    -2.90187254    -2.90177580    -2.90170395    -2.90168671    -0.67847217    -0.67716511    -0.47886726    -0.47443169    -0.46647849    -0.45956424    -0.45759906    -0.45477669    -0.44861067    -0.44752623    -0.44115649    -0.40764651    -0.27256000    -0.24942226    -0.21559916    -0.19042173    -0.14921251    -0.14345741     0.10292891     0.22119983     0.24476640     0.27367064     0.35029054     0.40161791     0.43158428     0.46507688
     0.31032280    0.66666667    0.33333333    0.00000000    -4.58613084    -4.58562007    -2.90225187    -2.90201569    -2.90187838    -2.90176908    -2.90171363    -2.90168980    -0.67844881    -0.67713617    -0.47911381    -0.47428602    -0.46659072    -0.45823973    -0.45778172    -0.45468491    -0.44815994    -0.44686903    -0.44145523    -0.40770484    -0.27220968    -0.25243044    -0.21684563    -0.18999140    -0.15022069    -0.14230117     0.10447927     0.22133614     0.24155869     0.27139014     0.34897428     0.40588903     0.43706255     0.46163696
     0.32486537    0.63333333    0.31666667    0.00000000    -4.58613873    -4.58564973    -2.90225094    -2.90203555    -2.90188281    -2.90178483    -2.90170844    -2.90168413    -0.67835650    -0.67711924    -0.47903727    -0.47421560    -0.46564458    -0.45838001    -0.45736381    -0.45358668    -0.44783081    -0.44647366    -0.44090155    -0.40748150    -0.27135882    -0.25364797    -0.21985267    -0.19309466    -0.15187610    -0.14495599     0.11027126     0.22335607     0.24212406     0.26913128     0.34761708     0.39967040     0.43022337     0.46467227
     0.33940793    0.60000000    0.30000000    0.00000000    -4.58615029    -4.58569533    -2.90224332    -2.90207320    -2.90189043    -2.90181236    -2.90169639    -2.90167213    -0.67819355    -0.67710090    -0.47892964    -0.47383141    -0.46392165    -0.45853300    -0.45716761    -0.45238706    -0.44761060    -0.44639037    -0.43921897    -0.40691932    -0.27041232    -0.25293416    -0.22400031    -0.19960718    -0.15438125    -0.15068403     0.11997117     0.22595453     0.24711602     0.26684801     0.34662087     0.38835039     0.41312126     0.47089747
     0.35395049    0.56666667    0.28333333    0.00000000    -4.58616306    -4.58575340    -2.90222916    -2.90211868    -2.90190441    -2.90184286    -2.90168414    -2.90165843    -0.67798808    -0.67708691    -0.47929831    -0.47244695    -0.46229832    -0.45836570    -0.45665241    -0.45175780    -0.44762137    -0.44623355    -0.43640896    -0.40613169    -0.26937928    -0.25152055    -0.22850659    -0.20794160    -0.15892838    -0.15722806     0.13265741     0.22785141     0.25515117     0.26449030     0.34651169     0.37705764     0.39318312     0.47604865
     0.36849306    0.53333333    0.26666667    0.00000000    -4.58617400    -4.58581897    -2.90220937    -2.90216405    -2.90192469    -2.90187162    -2.90167387    -2.90164707    -0.67777737    -0.67707971    -0.47998303    -0.47040366    -0.46169887    -0.45709695    -0.45593215    -0.45168564    -0.44753440    -0.44606456    -0.43267393    -0.40537014    -0.26795928    -0.25330400    -0.23014904    -0.21659292    -0.16639018    -0.16202679     0.14713569     0.22911728     0.26119708     0.26215184     0.34850909     0.36817106     0.37632766     0.47841064
     0.38303562    0.50000000    0.25000000    0.00000000    -4.58618014    -4.58588567    -2.90220403    -2.90218524    -2.90194927    -2.90189528    -2.90166638    -2.90164022    -0.67760167    -0.67707364    -0.48064651    -0.46870625    -0.46133148    -0.45552406    -0.45519953    -0.45165678    -0.44711953    -0.44605664    -0.42825023    -0.40506612    -0.26661287    -0.25961038    -0.22643910    -0.22511806    -0.17258586    -0.16741267     0.16217541     0.22997114     0.25903080     0.26075261     0.35135655     0.35913522     0.37280969     0.47525452
     0.39757818    0.46666667    0.23333333    0.00000000    -4.58617990    -4.58594529    -2.90223365    -2.90216085    -2.90197411    -2.90191130    -2.90166231    -2.90163806    -0.67749666    -0.67705509    -0.48111363    -0.46821747    -0.46039044    -0.45495140    -0.45418527    -0.45117672    -0.44646572    -0.44617049    -0.42340264    -0.40581977    -0.27151253    -0.26017835    -0.23334917    -0.22022186    -0.17667950    -0.17269702     0.17647851     0.23043657     0.25096581     0.25760525     0.34498247     0.35910258     0.38414591     0.46194415
     0.41212075    0.43333333    0.21666667    0.00000000    -4.58617560    -4.58598618    -2.90225119    -2.90214140    -2.90199187    -2.90191796    -2.90166256    -2.90163917    -0.67747283    -0.67702206    -0.48131622    -0.46868111    -0.45957497    -0.45465764    -0.45351444    -0.45046293    -0.44641644    -0.44562781    -0.41856998    -0.40819321    -0.27833461    -0.25646674    -0.23983004    -0.21463617    -0.18002881    -0.17501544     0.18795558     0.23050442     0.23849894     0.25597249     0.33925063     0.36202532     0.40217073     0.44391360
     0.42666331    0.40000000    0.20000000    0.00000000    -4.58617500    -4.58599274    -2.90225608    -2.90213453    -2.90199274    -2.90191440    -2.90166751    -2.90164183    -0.67750858    -0.67699603    -0.48124009    -0.46950837    -0.45935674    -0.45481365    -0.45317915    -0.44997928    -0.44636232    -0.44506814    -0.41561590    -0.41118566    -0.28193752    -0.25458256    -0.24065448    -0.21304879    -0.18079085    -0.17368917     0.19087595     0.22929570     0.23145567     0.25548987     0.33720550     0.36648308     0.41520107     0.43135127
     0.44120587    0.36666667    0.18333333    0.00000000    -4.58618038    -4.58595721    -2.90225077    -2.90213811    -2.90197482    -2.90190067    -2.90167559    -2.90164581    -0.67758599    -0.67699464    -0.48090050    -0.47042815    -0.45951491    -0.45548514    -0.45354776    -0.45005776    -0.44603276    -0.44488335    -0.42048052    -0.40917457    -0.28148422    -0.25530876    -0.23468340    -0.21659002    -0.17646367    -0.17019917     0.17958345     0.22927663     0.23468606     0.25624268     0.33840089     0.37262489     0.40228683     0.44439040
     0.45574844    0.33333333    0.16666667    0.00000000    -4.58618173    -4.58588709    -2.90224209    -2.90213676    -2.90194640    -2.90187776    -2.90168418    -2.90165180    -0.67770822    -0.67702169    -0.48033602    -0.47136779    -0.46007554    -0.45629328    -0.45484957    -0.45060743    -0.44591318    -0.44516140    -0.42782149    -0.40701174    -0.27735826    -0.25489430    -0.22844560    -0.21931156    -0.16925277    -0.16523712     0.16088577     0.22922242     0.24337390     0.25810009     0.34179531     0.37986760     0.38832202     0.45959977
     0.47029100    0.30000000    0.15000000    0.00000000    -4.58617071    -4.58579166    -2.90223775    -2.90211675    -2.90191453    -2.90184752    -2.90169097    -2.90166029    -0.67789519    -0.67707452    -0.47961784    -0.47234557    -0.46138088    -0.45716829    -0.45667154    -0.45138888    -0.44669544    -0.44598655    -0.43472118    -0.40617872    -0.27139499    -0.25311263    -0.22870548    -0.21140648    -0.16129912    -0.15925977     0.13992708     0.22841199     0.25194464     0.26170395     0.34535832     0.37850590     0.39148789     0.47155184
     0.48483356    0.26666667    0.13333333    0.00000000    -4.58614483    -4.58567786    -2.90223609    -2.90207844    -2.90188278    -2.90181245    -2.90169438    -2.90167138    -0.67817314    -0.67715044    -0.47887029    -0.47341587    -0.46348086    -0.46017653    -0.45677034    -0.45265253    -0.44903661    -0.44720292    -0.43911231    -0.40651383    -0.26955092    -0.24790968    -0.22475041    -0.20020209    -0.15361496    -0.15262710     0.11829576     0.22585236     0.25474744     0.27076289     0.34784542     0.38155003     0.40246662     0.47951580
     0.49937613    0.23333333    0.11666667    0.00000000    -4.58610530    -4.58555217    -2.90223083    -2.90202976    -2.90185292    -2.90177554    -2.90169430    -2.90168403    -0.67856076    -0.67725080    -0.47829298    -0.47462254    -0.46619293    -0.46367991    -0.45729756    -0.45541204    -0.45047432    -0.44867918    -0.44085806    -0.40763899    -0.27500413    -0.23607743    -0.21500841    -0.18869448    -0.14656381    -0.14580358     0.09662217     0.21970601     0.25345731     0.28417745     0.35302697     0.39271646     0.41432645     0.48383419
     0.51391869    0.20000000    0.10000000    0.00000000    -4.58605555    -4.58542154    -2.90221869    -2.90197741    -2.90182588    -2.90174126    -2.90170097    -2.90168608    -0.67905731    -0.67737972    -0.47816280    -0.47594825    -0.46944004    -0.46695600    -0.46115884    -0.45565339    -0.45079628    -0.44970210    -0.44152023    -0.40925155    -0.28301129    -0.22080325    -0.20195912    -0.17762622    -0.14002553    -0.13949277     0.07526309     0.20882293     0.25180148     0.30050784     0.36362435     0.40779625     0.42541547     0.48588026
     0.52846125    0.16666667    0.08333333    0.00000000    -4.58600030    -4.58529342    -2.90219927    -2.90192638    -2.90180210    -2.90173104    -2.90169561    -2.90167769    -0.67963742    -0.67753815    -0.47875476    -0.47727369    -0.47278402    -0.46961785    -0.46522624    -0.45510090    -0.45164703    -0.44914169    -0.44184638    -0.41118665    -0.29109695    -0.20423408    -0.18734826    -0.16730309    -0.13419813    -0.13393167     0.05449923     0.19436556     0.25094455     0.31971560     0.37897252     0.42222283     0.43499271     0.48589133
     0.54300382    0.13333333    0.06666667    0.00000000    -4.58594497    -4.58517542    -2.90217408    -2.90188051    -2.90178209    -2.90174793    -2.90166965    -2.90166677    -0.68025232    -0.67771822    -0.47996231    -0.47856003    -0.47564138    -0.47172904    -0.46870521    -0.45437838    -0.45222267    -0.44786847    -0.44206397    -0.41334800    -0.29833046    -0.18774700    -0.17286662    -0.15738775    -0.12962840    -0.12889513     0.03464936     0.17860494     0.25066559     0.34162546     0.39731842     0.42859152     0.44631729     0.48134817
     0.55754638    0.10000000    0.05000000    0.00000000    -4.58589497    -4.58507476    -2.90214601    -2.90184271    -2.90177368    -2.90176030    -2.90165564    -2.90164668    -0.68083664    -0.67790149    -0.48120232    -0.47988314    -0.47789707    -0.47333068    -0.47148465    -0.45362614    -0.45240995    -0.44623591    -0.44224211    -0.41561078    -0.30425927    -0.17266286    -0.16124457    -0.14633325    -0.12611599    -0.12480867     0.01622183     0.16361329     0.25062046     0.36551564     0.41494624     0.43063699     0.45533067     0.47417032
     0.57208894    0.06666667    0.03333333    0.00000000    -4.58585524    -4.58499780    -2.90211932    -2.90181501    -2.90179064    -2.90175012    -2.90164600    -2.90162990    -0.68131967    -0.67806184    -0.48205588    -0.48106943    -0.47965111    -0.47445858    -0.47348165    -0.45298126    -0.45238400    -0.44451406    -0.44239139    -0.41774073    -0.30863000    -0.16036865    -0.15421821    -0.13388613    -0.12360360    -0.12186321     0.00019896     0.15117966     0.25063191     0.38960762     0.42033860     0.44250331     0.45829330     0.46776313
     0.58663151    0.03333333    0.01666667    0.00000000    -4.58582968    -4.58494949    -2.90209944    -2.90180673    -2.90179670    -2.90174214    -2.90163955    -2.90161974    -0.68163852    -0.67817200    -0.48239953    -0.48185843    -0.48093397    -0.47516775    -0.47463361    -0.45256551    -0.45229135    -0.44313096    -0.44249478    -0.41934799    -0.31129980    -0.15226343    -0.15055275    -0.12359975    -0.12208924    -0.12008813    -0.01149797     0.14289674     0.25064179     0.40988508     0.41925329     0.45648659     0.45771702     0.46396677
     0.60117407    0.00000000    0.00000000    0.00000000    -4.58582086    -4.58493302    -2.90209194    -2.90181225    -2.90179127    -2.90173932    -2.90163736    -2.90161624    -0.68174994    -0.67821127    -0.48242824    -0.48206081    -0.48153129    -0.47543227    -0.47498526    -0.45243864    -0.45223160    -0.44261778    -0.44250167    -0.41996261    -0.31219694    -0.14953227    -0.14928369    -0.12159102    -0.11961359    -0.11937873    -0.01596715     0.13997904     0.25064410     0.41859970     0.41860984     0.45605472     0.46285849     0.46287790
     0.60749572    0.00000000    0.00000000    0.03571429    -4.58581815    -4.58493588    -2.90209059    -2.90181170    -2.90179071    -2.90174019    -2.90163791    -2.90161679    -0.68172396    -0.67820605    -0.48242129    -0.48205370    -0.48148649    -0.47546864    -0.47502203    -0.45239467    -0.45218785    -0.44263602    -0.44251948    -0.42057196    -0.31130358    -0.14943600    -0.14918748    -0.12246977    -0.11970473    -0.11946984    -0.01506365     0.13957850     0.25097930     0.41860131     0.41861144     0.45420059     0.46251991     0.46253922
     0.61381737    0.00000000    0.00000000    0.07142857    -4.58581003    -4.58494444    -2.90208657    -2.90181005    -2.90178906    -2.90174280    -2.90163954    -2.90161842    -0.68164680    -0.67819111    -0.48239990    -0.48203181    -0.48134981    -0.47557667    -0.47513126    -0.45226391    -0.45205771    -0.44269104    -0.44257322    -0.42233152    -0.30869371    -0.14914852    -0.14890018    -0.12502276    -0.11997710    -0.11974212    -0.01243937     0.13838257     0.25198435     0.41861144     0.41862154     0.44892402     0.46152325     0.46154226
     0.62013903    0.00000000    0.00000000    0.10714286    -4.58579661    -4.58495859    -2.90207995    -2.90180731    -2.90178633    -2.90174713    -2.90164223    -2.90162112    -0.68152084    -0.67816850    -0.48236244    -0.48199355    -0.48111452    -0.47575317    -0.47530973    -0.45204972    -0.45184457    -0.44278369    -0.44266379    -0.42506079    -0.30455291    -0.14867374    -0.14842568    -0.12903575    -0.12042755    -0.12019242    -0.00831734     0.13640783     0.25365794     0.41864542     0.41865548     0.44091483     0.45992290     0.45994144
     0.62646068    0.00000000    0.00000000    0.14285714    -4.58577804    -4.58497811    -2.90207087    -2.90180354    -2.90178255    -2.90175319    -2.90164596    -2.90162485    -0.68134993    -0.67814149    -0.48230641    -0.48193642    -0.48076966    -0.47599302    -0.47555226    -0.45175752    -0.45155381    -0.44291525    -0.44279254    -0.42852347    -0.29912593    -0.14801810    -0.14777044    -0.13424007    -0.12105086    -0.12081554    -0.00298054     0.13368048     0.25599868     0.41872713     0.41873714     0.43095697     0.45780093     0.45781887
     0.63278233    0.00000000    0.00000000    0.17857143    -4.58575454    -4.58500277    -2.90205950    -2.90179877    -2.90177778    -2.90176094    -2.90165067    -2.90162957    -0.68113933    -0.67811443    -0.48222867    -0.48185731    -0.48030051    -0.47628934    -0.47585192    -0.45139447    -0.45119262    -0.44308728    -0.44296111    -0.43248050    -0.29266365    -0.14719052    -0.14694336    -0.14037832    -0.12183976    -0.12160419     0.00329421     0.13023458     0.25900600     0.41888677     0.41889674     0.41973330     0.45525694     0.45527419
     0.63910398    0.00000000    0.00000000    0.21428571    -4.58572637    -4.58503221    -2.90204603    -2.90179307    -2.90177209    -2.90177035    -2.90165631    -2.90163521    -0.68089551    -0.67809247    -0.48212576    -0.48175282    -0.47968931    -0.47663371    -0.47620028    -0.45096916    -0.45076956    -0.44330130    -0.44317114    -0.43672124    -0.28539181    -0.14723674    -0.14620217    -0.14595565    -0.12278496    -0.12254910     0.01026925     0.12611018     0.26268076     0.40777365     0.41915830     0.41916825     0.45239795     0.45241445
     0.64542563    0.00000000    0.00000000    0.25000000    -4.58569387    -4.58506606    -2.90203073    -2.90178651    -2.90178143    -2.90176551    -2.90166281    -2.90164172    -0.68062593    -0.67808126    -0.48199427    -0.48161960    -0.47891701    -0.47701579    -0.47658728    -0.45049127    -0.45029432    -0.44355867    -0.44342406    -0.44107419    -0.27750020    -0.15465061    -0.14506664    -0.14482082    -0.12387518    -0.12363901     0.01775262     0.12135174     0.26702556     0.39547103     0.41957687     0.41958682     0.44933000     0.44934574
     0.65174729    0.00000000    0.00000000    0.28571429    -4.58565742    -4.58510385    -2.90201386    -2.90179404    -2.90177917    -2.90175817    -2.90167008    -2.90164900    -0.68033879    -0.67808658    -0.48183116    -0.48145474    -0.47798036    -0.47741255    -0.47699648    -0.44997128    -0.44977745    -0.44540576    -0.44386022    -0.44372084    -0.26914357    -0.16249808    -0.14379928    -0.14355432    -0.12509716    -0.12486071     0.02559206     0.11600679     0.27204442     0.38311343     0.42017641     0.42018640     0.44615227     0.44616725
     0.65806894    0.00000000    0.00000000    0.32142857    -4.58561746    -4.58514509    -2.90199572    -2.90180815    -2.90177115    -2.90175014    -2.90167804    -2.90165696    -0.68004274    -0.67811401    -0.48163412    -0.48125620    -0.47788366    -0.47747298    -0.47672997    -0.44964226    -0.44940562    -0.44921704    -0.44420612    -0.44406176    -0.26044700    -0.17068927    -0.14241758    -0.14217367    -0.12643566    -0.12619900     0.03366577     0.11012505     0.27774213     0.37091217     0.42098771     0.42099779     0.44295356     0.44296781
     0.66439059    0.00000000    0.00000000    0.35714286    -4.58557446    -4.58518923    -2.90197661    -2.90182364    -2.90176255    -2.90174155    -2.90168657    -2.90166552    -0.67974648    -0.67816849    -0.48140192    -0.48102337    -0.47831711    -0.47790691    -0.47534243    -0.45363638    -0.44884478    -0.44865744    -0.44459569    -0.44444621    -0.25151196    -0.17915698    -0.14094108    -0.14069853    -0.12787313    -0.12763649     0.04187388     0.10375774     0.28412320     0.35902307     0.42203681     0.42204702     0.43981066     0.43982422
     0.67071224    0.00000000    0.00000000    0.39285714    -4.58552895    -4.58523570    -2.90195683    -2.90184039    -2.90175347    -2.90173250    -2.90169557    -2.90167455    -0.67945846    -0.67825403    -0.48113497    -0.48075837    -0.47875271    -0.47835172    -0.47367874    -0.45740464    -0.44826122    -0.44807792    -0.44502722    -0.44487256    -0.24242159    -0.18784891    -0.13939212    -0.13915167    -0.12938871    -0.12915275     0.05013180     0.09695729     0.29119053     0.34756143     0.42334382     0.42335423     0.43678794     0.43680086
     0.67703389    0.00000000    0.00000000    0.42857143    -4.58548147    -4.58528390    -2.90193670    -2.90185825    -2.90174405    -2.90172316    -2.90170487    -2.90168395    -0.67918645    -0.67837334    -0.48083653    -0.48047098    -0.47916744    -0.47878545    -0.47173355    -0.46089063    -0.44767661    -0.44749759    -0.44549788    -0.44533809    -0.23324482    -0.19672175    -0.13779945    -0.13756346    -0.13095360    -0.13072063     0.05836538     0.08977708     0.29894397     0.33661237     0.42492204     0.42493271     0.43393766     0.43395000
     0.68335555    0.00000000    0.00000000    0.46428571    -4.58543261    -4.58533320    -2.90191650    -2.90187703    -2.90173441    -2.90171610    -2.90171190    -2.90169358    -0.67893725    -0.67852760    -0.48051742    -0.48021163    -0.47950415    -0.47919008    -0.46949125    -0.46407243    -0.44710029    -0.44692587    -0.44600359    -0.44583883    -0.22403968    -0.20573665    -0.13622060    -0.13600278    -0.13250011    -0.13228381     0.06650755     0.08227147     0.30737869     0.32623816     0.42677724     0.42678823     0.43130067     0.43131249
     0.68967720    0.00000000    0.00000000    0.50000000    -4.58538299    -4.58538298    -2.90189653    -2.90189653    -2.90172470    -2.90172470    -2.90170328    -2.90170328    -0.67871632    -0.67871632    -0.48022783    -0.48022783    -0.47951139    -0.47951139    -0.46693967    -0.46693967    -0.44654233    -0.44654233    -0.44636801    -0.44636801    -0.21485579    -0.21485579    -0.13506943    -0.13506943    -0.13342916    -0.13342916     0.07449597     0.07449597     0.31648336     0.31648336     0.42890592     0.42890592     0.42891968     0.42891968
     0.70145557    0.03571429   -0.00000000    0.50000000    -4.58539134    -4.58539134    -2.90189989    -2.90189989    -2.90172430    -2.90172430    -2.90170555    -2.90170555    -0.67866730    -0.67866730    -0.48006979    -0.48006979    -0.47929348    -0.47929348    -0.46696135    -0.46696135    -0.44642978    -0.44642978    -0.44632203    -0.44632203    -0.21494597    -0.21494597    -0.13625834    -0.13625834    -0.13425179    -0.13425178     0.07599651     0.07599651     0.31639274     0.31639274     0.42530304     0.42530304     0.42934995     0.42934995
     0.71323394    0.07142857   -0.00000000    0.50000000    -4.58541600    -4.58541600    -2.90190940    -2.90190940    -2.90172609    -2.90172609    -2.90170967    -2.90170967    -0.67852540    -0.67852540    -0.47961822    -0.47961822    -0.47863617    -0.47863617    -0.46700989    -0.46700989    -0.44643428    -0.44643428    -0.44583870    -0.44583870    -0.21529123    -0.21529122    -0.14021527    -0.14021526    -0.13605579    -0.13605579     0.08030668     0.08030668     0.31600232     0.31600232     0.41588342     0.41588342     0.43059969     0.43059969
     0.72501230    0.10714286   -0.00000000    0.50000000    -4.58545572    -4.58545572    -2.90192362    -2.90192362    -2.90173540    -2.90173540    -2.90171103    -2.90171103    -0.67830539    -0.67830539    -0.47893694    -0.47893694    -0.47754191    -0.47754191    -0.46702824    -0.46702824    -0.44647343    -0.44647343    -0.44499129    -0.44499129    -0.21613012    -0.21613012    -0.14638098    -0.14638098    -0.13863572    -0.13863572     0.08692368     0.08692368     0.31494142     0.31494142     0.40364788     0.40364788     0.43251776     0.43251776
     0.73679067    0.14285714   -0.00000000    0.50000000    -4.58550854    -4.58550854    -2.90194086    -2.90194086    -2.90175174    -2.90175173    -2.90171055    -2.90171055    -0.67802951    -0.67802951    -0.47811612    -0.47811612    -0.47606517    -0.47606517    -0.46689409    -0.46689409    -0.44650127    -0.44650127    -0.44381112    -0.44381112    -0.21789750    -0.21789750    -0.15362620    -0.15362619    -0.14198645    -0.14198645     0.09519028     0.09519028     0.31258703     0.31258703     0.39149050     0.39149050     0.43488344     0.43488344
     0.74856904    0.17857143   -0.00000000    0.50000000    -4.58557182    -4.58557182    -2.90195962    -2.90195962    -2.90177240    -2.90177240    -2.90171083    -2.90171083    -0.67772423    -0.67772423    -0.47732098    -0.47732098    -0.47429622    -0.47429622    -0.46640132    -0.46640131    -0.44648746    -0.44648746    -0.44230571    -0.44230571    -0.22121638    -0.22121638    -0.16072300    -0.16072300    -0.14597557    -0.14597556     0.10443660     0.10443660     0.30824281     0.30824281     0.38151862     0.38151862     0.43743857     0.43743857
     0.76034741    0.21428571   -0.00000000    0.50000000    -4.58564239    -4.58564239    -2.90197863    -2.90197863    -2.90179576    -2.90179576    -2.90171280    -2.90171280    -0.67741641    -0.67741641    -0.47677528    -0.47677528    -0.47234623    -0.47234623    -0.46531157    -0.46531157    -0.44639652    -0.44639652    -0.44047349    -0.44047349    -0.22670394    -0.22670394    -0.16653555    -0.16653555    -0.15041661    -0.15041661     0.11405976     0.11405976     0.30164383     0.30164383     0.37470462     0.37470462     0.43993116     0.43993116
     0.77212578    0.25000000   -0.00000000    0.50000000    -4.58571672    -4.58571672    -2.90199689    -2.90199689    -2.90182048    -2.90182048    -2.90171659    -2.90171659    -0.67712968    -0.67712968    -0.47661885    -0.47661885    -0.47034202    -0.47034202    -0.46352290    -0.46352290    -0.44619132    -0.44619132    -0.43829657    -0.43829657    -0.23454668    -0.23454668    -0.17043237    -0.17043237    -0.15509605    -0.15509605     0.12355129     0.12355129     0.29335761     0.29335762     0.37072642     0.37072642     0.44215701     0.44215701
     0.78390415    0.28571429   -0.00000000    0.50000000    -4.58579110    -4.58579110    -2.90201365    -2.90201365    -2.90184525    -2.90184525    -2.90172192    -2.90172192    -0.67688147    -0.67688147    -0.47680991    -0.47680991    -0.46841820    -0.46841820    -0.46118467    -0.46118467    -0.44584199    -0.44584199    -0.43574171    -0.43574171    -0.24425720    -0.24425720    -0.17250000    -0.17250000    -0.15978643    -0.15978643     0.13249694     0.13249694     0.28445847     0.28445847     0.36849875     0.36849875     0.44398804     0.44398804
     0.79568252    0.32142857   -0.00000000    0.50000000    -4.58586179    -4.58586179    -2.90202836    -2.90202836    -2.90186880    -2.90186880    -2.90172826    -2.90172826    -0.67668149    -0.67668149    -0.47720932    -0.47720932    -0.46669963    -0.46669963    -0.45861171    -0.45861171    -0.44534076    -0.44534076    -0.43278592    -0.43278592    -0.25492839    -0.25492839    -0.17325005    -0.17325004    -0.16425599    -0.16425599     0.14056583     0.14056583     0.27593595     0.27593595     0.36695516     0.36695516     0.44537950     0.44537950
     0.80746089    0.35714286   -0.00000000    0.50000000    -4.58592523    -4.58592523    -2.90204067    -2.90204067    -2.90188992    -2.90188992    -2.90173491    -2.90173491    -0.67653179    -0.67653179    -0.47768376    -0.47768376    -0.46527825    -0.46527825    -0.45614516    -0.45614516    -0.44471872    -0.44471872    -0.42948139    -0.42948139    -0.26557994    -0.26557994    -0.17323319    -0.17323319    -0.16827473    -0.16827473     0.14749705     0.14749705     0.26846220     0.26846220     0.36545272     0.36545272     0.44635658     0.44635658
     0.81923926    0.39285714   -0.00000000    0.50000000    -4.58597824    -4.58597824    -2.90205035    -2.90205035    -2.90190755    -2.90190755    -2.90174112    -2.90174112    -0.67642826    -0.67642826    -0.47813567    -0.47813567    -0.46419775    -0.46419775    -0.45405837    -0.45405837    -0.44405323    -0.44405323    -0.42604554    -0.42604554    -0.27527779    -0.27527779    -0.17294015    -0.17294015    -0.17156475    -0.17156475     0.15308792     0.15308792     0.26242996     0.26242997     0.36382934     0.36382934     0.44698851     0.44698851
     0.83101763    0.42857143   -0.00000000    0.50000000    -4.58601814    -4.58601814    -2.90205731    -2.90205730    -2.90192081    -2.90192080    -2.90174616    -2.90174616    -0.67636322    -0.67636322    -0.47849934    -0.47849934    -0.46345708    -0.46345708    -0.45251411    -0.45251411    -0.44345544    -0.44345544    -0.42291207    -0.42291207    -0.28312383    -0.28312383    -0.17433176    -0.17433176    -0.17227464    -0.17227464     0.15718613     0.15718613     0.25804372     0.25804372     0.36227980     0.36227980     0.44736017     0.44736017
     0.84279600    0.46428571   -0.00000000    0.50000000    -4.58604291    -4.58604291    -2.90206150    -2.90206150    -2.90192901    -2.90192901    -2.90174945    -2.90174945    -0.67632838    -0.67632838    -0.47873300    -0.47873300    -0.46303058    -0.46303058    -0.45157862    -0.45157862    -0.44303997    -0.44303997    -0.42066695    -0.42066695    -0.28827507    -0.28827507    -0.17588652    -0.17588652    -0.17197148    -0.17197148     0.15968597     0.15968597     0.25539342     0.25539342     0.36114960     0.36114960     0.44754824     0.44754824
     0.85457437    0.50000000   -0.00000000    0.50000000    -4.58605131    -4.58605131    -2.90206293    -2.90206293    -2.90193177    -2.90193177    -2.90175058    -2.90175058    -0.67631752    -0.67631752    -0.47881341    -0.47881341    -0.46289183    -0.46289183    -0.45126660    -0.45126660    -0.44289138    -0.44289138    -0.41984490    -0.41984490    -0.29007709    -0.29007709    -0.17642198    -0.17642197    -0.17185231    -0.17185231     0.16052593     0.16052593     0.25450826     0.25450826     0.36073493     0.36073493     0.44760482     0.44760482
     0.86911693    0.51666667    0.03333333    0.50000000    -4.58604398    -4.58604398    -2.90206230    -2.90206230    -2.90193362    -2.90193362    -2.90174671    -2.90174671    -0.67632268    -0.67632268    -0.47858151    -0.47858151    -0.46306169    -0.46306169    -0.45164092    -0.45164092    -0.44308126    -0.44308126    -0.42030105    -0.42030105    -0.28821997    -0.28821997    -0.17834722    -0.17834722    -0.17061352    -0.17061352     0.16097997     0.16097997     0.25538594     0.25538594     0.35887694     0.35887694     0.44878060     0.44878060
     0.88365949    0.53333333    0.06666667    0.50000000    -4.58602647    -4.58602647    -2.90205869    -2.90205869    -2.90193807    -2.90193807    -2.90173673    -2.90173673    -0.67633107    -0.67633106    -0.47790287    -0.47790287    -0.46353723    -0.46353723    -0.45286713    -0.45286713    -0.44351750    -0.44351750    -0.42148553    -0.42148553    -0.28309889    -0.28309889    -0.18157365    -0.18157365    -0.16917267    -0.16917267     0.16202419     0.16202419     0.25809310     0.25809310     0.35397633     0.35397633     0.45130269     0.45130269
     0.89820206    0.55000000    0.10000000    0.50000000    -4.58600088    -4.58600088    -2.90205104    -2.90205104    -2.90194464    -2.90194464    -2.90172329    -2.90172329    -0.67634835    -0.67634835    -0.47687036    -0.47687036    -0.46416435    -0.46416435    -0.45502813    -0.45502813    -0.44389790    -0.44389789    -0.42312625    -0.42312625    -0.27568347    -0.27568347    -0.18485535    -0.18485535    -0.16822158    -0.16822158     0.16282999     0.16282999     0.26273115     0.26273115     0.34758596     0.34758596     0.45306326     0.45306326
     0.91274462    0.56666667    0.13333333    0.50000000    -4.58597028    -4.58597027    -2.90203897    -2.90203897    -2.90195209    -2.90195209    -2.90170974    -2.90170973    -0.67638071    -0.67638071    -0.47566425    -0.47566425    -0.46477346    -0.46477345    -0.45780160    -0.45780160    -0.44412261    -0.44412261    -0.42497406    -0.42497406    -0.26741690    -0.26741690    -0.18728201    -0.18728201    -0.16775035    -0.16775035     0.16243412     0.16243412     0.26895713     0.26895713     0.34158298     0.34158298     0.45264853     0.45264853
     0.92728718    0.58333333    0.16666667    0.50000000    -4.58593842    -4.58593842    -2.90202439    -2.90202439    -2.90195747    -2.90195747    -2.90169929    -2.90169929    -0.67643081    -0.67643081    -0.47459919    -0.47459919    -0.46531417    -0.46531417    -0.46040859    -0.46040859    -0.44427457    -0.44427457    -0.42686151    -0.42686151    -0.26004854    -0.26004854    -0.18782662    -0.18782662    -0.16760299    -0.16760299     0.16021731     0.16021731     0.27533824     0.27533824     0.33821781     0.33821781     0.45030124     0.45030124
     0.94182975    0.60000000    0.20000000    0.50000000    -4.58590928    -4.58590928    -2.90201386    -2.90201386    -2.90195424    -2.90195424    -2.90169438    -2.90169438    -0.67649463    -0.67649463    -0.47414883    -0.47414883    -0.46601411    -0.46601411    -0.46171063    -0.46171063    -0.44444835    -0.44444835    -0.42866332    -0.42866332    -0.25516936    -0.25516936    -0.18575540    -0.18575540    -0.16756356    -0.16756355     0.15621833     0.15621833     0.27941729     0.27941729     0.33985940     0.33985940     0.44732608     0.44732608
     0.95637231    0.61666667    0.23333333    0.50000000    -4.58588660    -4.58588660    -2.90201337    -2.90201337    -2.90193771    -2.90193771    -2.90169610    -2.90169610    -0.67656066    -0.67656066    -0.47466577    -0.47466577    -0.46667082    -0.46667082    -0.46132352    -0.46132351    -0.44468527    -0.44468527    -0.43024175    -0.43024175    -0.25336182    -0.25336182    -0.18154230    -0.18154230    -0.16735492    -0.16735492     0.15116489     0.15116489     0.27988526     0.27988526     0.34683873     0.34683873     0.44509880     0.44509880
     0.97091487    0.63333333    0.26666667    0.50000000    -4.58587347    -4.58587347    -2.90201850    -2.90201850    -2.90191525    -2.90191525    -2.90170359    -2.90170359    -0.67661217    -0.67661217    -0.47578768    -0.47578768    -0.46680499    -0.46680499    -0.46007936    -0.46007936    -0.44496406    -0.44496406    -0.43141579    -0.43141579    -0.25397881    -0.25397881    -0.17708876    -0.17708876    -0.16665751    -0.16665750     0.14631387     0.14631387     0.27798107     0.27798107     0.35613549     0.35613549     0.44445153     0.44445153
     0.98545744    0.65000000    0.30000000    0.50000000    -4.58587197    -4.58587197    -2.90202416    -2.90202416    -2.90189702    -2.90189702    -2.90171331    -2.90171331    -0.67663217    -0.67663217    -0.47678745    -0.47678745    -0.46659778    -0.46659778    -0.45872047    -0.45872047    -0.44519647    -0.44519647    -0.43196087    -0.43196087    -0.25594742    -0.25594742    -0.17426873    -0.17426873    -0.16565806    -0.16565806     0.14316131     0.14316131     0.27546254     0.27546254     0.36371293     0.36371293     0.44512102     0.44512102
     1.00000000    0.66666667    0.33333333    0.50000000    -4.58588290    -4.58588290    -2.90202821    -2.90202821    -2.90189202    -2.90189202    -2.90171912    -2.90171912    -0.67660918    -0.67660917    -0.47723000    -0.47723000    -0.46628652    -0.46628652    -0.45777069    -0.45777069    -0.44524882    -0.44524882    -0.43164494    -0.43164494    -0.25843200    -0.25843200    -0.17326766    -0.17326766    -0.16578856    -0.16578856     0.14302367     0.14302367     0.27331747     0.27331747     0.36646977     0.36646977     0.44573309     0.44573309
