#iter energy            energy_diff  abs_dens     rel_dens     abs_ev       rel_ev      
    1   -4.47843822E+02 -4.47844E+02  4.56303E+00  8.77506E-02  1.18080E+01  1.80039E-01
    2   -4.52338510E+02 -4.49469E+00  3.39863E+00  6.53583E-02  1.90613E+00  2.82423E-02
    3   -4.51377057E+02  9.61452E-01  4.32866E-01  8.32435E-03  2.69355E-01  4.00691E-03
    4   -4.50395820E+02  9.81237E-01  1.93990E-01  3.73058E-03  2.06841E-01  3.08646E-03
    5   -4.51000950E+02 -6.05130E-01  7.15734E-02  1.37641E-03  2.80798E-01  4.17254E-03
    6   -4.51172448E+02 -1.71498E-01  1.70033E-02  3.26986E-04  1.01767E-01  1.50994E-03
    7   -4.51153940E+02  1.85083E-02  1.10285E-02  2.12087E-04  9.66870E-03  1.43477E-04
    8   -4.51163890E+02 -9.95010E-03  5.29156E-03  1.01761E-04  4.37784E-03  6.49599E-05
    9   -4.51159991E+02  3.89848E-03  9.63525E-04  1.85293E-05  3.22373E-03  4.78371E-05
   10   -4.51157957E+02  2.03399E-03  3.13658E-04  6.03189E-06  1.09567E-03  1.62590E-05
   11   -4.51157505E+02  4.52283E-04  1.34504E-04  2.58661E-06  2.65695E-04  3.94274E-06
   12   -4.51157969E+02 -4.63670E-04  8.49041E-05  1.63277E-06  2.59158E-04  3.84572E-06
   13   -4.51157841E+02  1.27993E-04  4.25214E-05  8.17720E-07  5.95424E-05  8.83568E-07
   14   -4.51157810E+02  3.04936E-05  1.84225E-05  3.54280E-07  3.10524E-06  4.60796E-08
