################################################################################
# HEADER
# nspin         1
#%
# nik       217
#  st         1      26
# ust         1      26
# Iter             t            #  iter t Nex(t)  
################################################################################
       0  0.000000000000e+00 -2.560451850542e-15
      50  1.000000000000e+00  1.164846968882e-10
     100  2.000000000000e+00  2.046926100840e-10
     150  3.000000000000e+00  5.038697584170e-10
     200  4.000000000000e+00  2.077439754944e-09
     250  5.000000000000e+00  8.198768768064e-09
     300  6.000000000000e+00  2.637085720625e-08
     350  7.000000000000e+00  7.043921019384e-08
     400  8.000000000000e+00  1.638529462042e-07
     450  9.000000000000e+00  3.423950011017e-07
     500  1.000000000000e+01  6.568405101354e-07
     550  1.100000000000e+01  1.174565433276e-06
     600  1.200000000000e+01  1.980334516587e-06
     650  1.300000000000e+01  3.176099734908e-06
     700  1.400000000000e+01  4.881908804308e-06
     750  1.500000000000e+01  7.234837022051e-06
     800  1.600000000000e+01  1.038801842620e-05
     850  1.700000000000e+01  1.450683289170e-05
     900  1.800000000000e+01  1.976565646416e-05
     950  1.900000000000e+01  2.634175698282e-05
    1000  2.000000000000e+01  3.440507043485e-05
    1050  2.100000000000e+01  4.410982431120e-05
    1100  2.200000000000e+01  5.558679264624e-05
    1150  2.300000000000e+01  6.893249775580e-05
    1200  2.400000000000e+01  8.420203869825e-05
    1250  2.500000000000e+01  1.014034446343e-04
    1300  2.600000000000e+01  1.204855481645e-04
    1350  2.700000000000e+01  1.413372669750e-04
    1400  2.800000000000e+01  1.637843856382e-04
    1450  2.900000000000e+01  1.875840249728e-04
    1500  3.000000000000e+01  2.124206089352e-04
    1550  3.100000000000e+01  2.379010471821e-04
    1600  3.200000000000e+01  2.635584471878e-04
    1650  3.300000000000e+01  2.888564012635e-04
    1700  3.400000000000e+01  3.131957728495e-04
    1750  3.500000000000e+01  3.359343239697e-04
    1800  3.600000000000e+01  3.563986712926e-04
    1850  3.700000000000e+01  3.739023598955e-04
    1900  3.800000000000e+01  3.877730140466e-04
    1950  3.900000000000e+01  3.973829703833e-04
    2000  4.000000000000e+01  4.021766944324e-04
    2050  4.100000000000e+01  4.016971525224e-04
    2100  4.200000000000e+01  3.956095461820e-04
    2150  4.300000000000e+01  3.837382689065e-04
    2200  4.400000000000e+01  3.660867091352e-04
    2250  4.500000000000e+01  3.428663809001e-04
    2300  4.600000000000e+01  3.145229010474e-04
    2350  4.700000000000e+01  2.817561781454e-04
    2400  4.800000000000e+01  2.455409367443e-04
    2450  4.900000000000e+01  2.071391965717e-04
    2500  5.000000000000e+01  1.681056238912e-04
    2550  5.100000000000e+01  1.302887987110e-04
    2600  5.200000000000e+01  9.582381823060e-05
    2650  5.300000000000e+01  6.711450761090e-05
    2700  5.400000000000e+01  4.681458362610e-05
    2750  5.500000000000e+01  3.779459878302e-05
    2800  5.600000000000e+01  4.310460874924e-05
    2850  5.700000000000e+01  6.592731565373e-05
    2900  5.800000000000e+01  1.095243180739e-04
    2950  5.900000000000e+01  1.771709208350e-04
    3000  6.000000000000e+01  2.720872865524e-04
    3050  6.100000000000e+01  3.973624499134e-04
    3100  6.200000000000e+01  5.558743521940e-04
    3150  6.300000000000e+01  7.502114325606e-04
    3200  6.400000000000e+01  9.825899500352e-04
    3250  6.500000000000e+01  1.254768502603e-03
    3300  6.600000000000e+01  1.567970110951e-03
    3350  6.700000000000e+01  1.922815459616e-03
    3400  6.800000000000e+01  2.319257471438e-03
    3450  6.900000000000e+01  2.756516935653e-03
    3500  7.000000000000e+01  3.233025226098e-03
    3550  7.100000000000e+01  3.746382081799e-03
    3600  7.200000000000e+01  4.293349020622e-03
    3650  7.300000000000e+01  4.869828297249e-03
    3700  7.400000000000e+01  5.470892614640e-03
    3750  7.500000000000e+01  6.090791967672e-03
    3800  7.600000000000e+01  6.722988993447e-03
    3850  7.700000000000e+01  7.360240881585e-03
    3900  7.800000000000e+01  7.994691201266e-03
    3950  7.900000000000e+01  8.617965878890e-03
    4000  8.000000000000e+01  9.221287409903e-03
    4050  8.100000000000e+01  9.795575791149e-03
    4100  8.200000000000e+01  1.033161722588e-02
    4150  8.300000000000e+01  1.082024243330e-02
    4200  8.400000000000e+01  1.125247200251e-02
    4250  8.500000000000e+01  1.161971891616e-02
    4300  8.600000000000e+01  1.191394471560e-02
    4350  8.700000000000e+01  1.212788143488e-02
    4400  8.800000000000e+01  1.225525779785e-02
    4450  8.900000000000e+01  1.229094564263e-02
    4500  9.000000000000e+01  1.223116234897e-02
    4550  9.100000000000e+01  1.207359166273e-02
    4600  9.200000000000e+01  1.181755895634e-02
    4650  9.300000000000e+01  1.146416445602e-02
    4700  9.400000000000e+01  1.101635215401e-02
    4750  9.500000000000e+01  1.047897491228e-02
    4800  9.600000000000e+01  9.858827675797e-03
    4850  9.700000000000e+01  9.164695658908e-03
    4900  9.800000000000e+01  8.407340825540e-03
    4950  9.900000000000e+01  7.599442830243e-03
    5000  1.000000000000e+02  6.755495600278e-03
    5050  1.010000000000e+02  5.891668696920e-03
    5100  1.020000000000e+02  5.025665141183e-03
    5150  1.030000000000e+02  4.176514904614e-03
    5200  1.040000000000e+02  3.364324617530e-03
    5250  1.050000000000e+02  2.609978163574e-03
    5300  1.060000000000e+02  1.934843349595e-03
    5350  1.070000000000e+02  1.360441632542e-03
    5400  1.080000000000e+02  9.081072695295e-04
    5450  1.090000000000e+02  5.986095870847e-04
    5500  1.100000000000e+02  4.517724941473e-04
    5550  1.110000000000e+02  4.860955594345e-04
    5600  1.120000000000e+02  7.183762888926e-04
    5650  1.130000000000e+02  1.163337970838e-03
    5700  1.140000000000e+02  1.833271468764e-03
    5750  1.150000000000e+02  2.737697468021e-03
    5800  1.160000000000e+02  3.883067734675e-03
    5850  1.170000000000e+02  5.272496696256e-03
    5900  1.180000000000e+02  6.905528610648e-03
    5950  1.190000000000e+02  8.777959633689e-03
    6000  1.200000000000e+02  1.088173806876e-02
    6050  1.210000000000e+02  1.320491464988e-02
    6100  1.220000000000e+02  1.573163603701e-02
    6150  1.230000000000e+02  1.844220456840e-02
    6200  1.240000000000e+02  2.131320013788e-02
    6250  1.250000000000e+02  2.431771061760e-02
    6300  1.260000000000e+02  2.742558122234e-02
    6350  1.270000000000e+02  3.060374503760e-02
    6400  1.280000000000e+02  3.381660946978e-02
    6450  1.290000000000e+02  3.702647997266e-02
    6500  1.300000000000e+02  4.019411887056e-02
    6550  1.310000000000e+02  4.327926166655e-02
    6600  1.320000000000e+02  4.624121172343e-02
    6650  1.330000000000e+02  4.903945251155e-02
    6700  1.340000000000e+02  5.163428176136e-02
    6750  1.350000000000e+02  5.398745044065e-02
    6800  1.360000000000e+02  5.606280643471e-02
    6850  1.370000000000e+02  5.782690946094e-02
    6900  1.380000000000e+02  5.924966604374e-02
    6950  1.390000000000e+02  6.030489190854e-02
    7000  1.400000000000e+02  6.097084792754e-02
    7050  1.410000000000e+02  6.123077694532e-02
    7100  1.420000000000e+02  6.107331788162e-02
    7150  1.430000000000e+02  6.049287564037e-02
    7200  1.440000000000e+02  5.948990390518e-02
    7250  1.450000000000e+02  5.807121358018e-02
    7300  1.460000000000e+02  5.624999928713e-02
    7350  1.470000000000e+02  5.404595196358e-02
    7400  1.480000000000e+02  5.148519781489e-02
    7450  1.490000000000e+02  4.860013408574e-02
    7500  1.500000000000e+02  4.542920673338e-02
    7550  1.510000000000e+02  4.201654830769e-02
    7600  1.520000000000e+02  3.841151457727e-02
    7650  1.530000000000e+02  3.466814173002e-02
    7700  1.540000000000e+02  3.084447768747e-02
    7750  1.550000000000e+02  2.700182712632e-02
    7800  1.560000000000e+02  2.320394203899e-02
    7850  1.570000000000e+02  1.951613648461e-02
    7900  1.580000000000e+02  1.600434767161e-02
    7950  1.590000000000e+02  1.273410368037e-02
    8000  1.600000000000e+02  9.769550895457e-03
    8050  1.610000000000e+02  7.172423960688e-03
    8100  1.620000000000e+02  5.001059387443e-03
    8150  1.630000000000e+02  3.309399760827e-03
    8200  1.640000000000e+02  2.146023360739e-03
    8250  1.650000000000e+02  1.553267965134e-03
    8300  1.660000000000e+02  1.566402736999e-03
    8350  1.670000000000e+02  2.212900173898e-03
    8400  1.680000000000e+02  3.511805423417e-03
    8450  1.690000000000e+02  5.473221963047e-03
    8500  1.700000000000e+02  8.097920969230e-03
    8550  1.710000000000e+02  1.137709072908e-02
    8600  1.720000000000e+02  1.529221309478e-02
    8650  1.730000000000e+02  1.981509588861e-02
    8700  1.740000000000e+02  2.490806569355e-02
    8750  1.750000000000e+02  3.052429619311e-02
    8800  1.760000000000e+02  3.660832615046e-02
    8850  1.770000000000e+02  4.309667915554e-02
    8900  1.780000000000e+02  4.991862078550e-02
    8950  1.790000000000e+02  5.699704315864e-02
    9000  1.800000000000e+02  6.424952319915e-02
    9050  1.810000000000e+02  7.158938441587e-02
    9100  1.820000000000e+02  7.892685692213e-02
    9150  1.830000000000e+02  8.617027568642e-02
    9200  1.840000000000e+02  9.322735768311e-02
    9250  1.850000000000e+02  1.000065649051e-01
    9300  1.860000000000e+02  1.064184135602e-01
    9350  1.870000000000e+02  1.123767202149e-01
    9400  1.880000000000e+02  1.177998435206e-01
    9450  1.890000000000e+02  1.226119430736e-01
    9500  1.900000000000e+02  1.267441717145e-01
    9550  1.910000000000e+02  1.301357512142e-01
    9600  1.920000000000e+02  1.327349939223e-01
    9650  1.930000000000e+02  1.345000965943e-01
    9700  1.940000000000e+02  1.353999465636e-01
    9750  1.950000000000e+02  1.354148179545e-01
    9800  1.960000000000e+02  1.345368240193e-01
    9850  1.970000000000e+02  1.327702644475e-01
    9900  1.980000000000e+02  1.301316912751e-01
    9950  1.990000000000e+02  1.266499574718e-01
   10000  2.000000000000e+02  1.223661103054e-01
   10050  2.010000000000e+02  1.173329366373e-01
   10100  2.020000000000e+02  1.116144153865e-01
   10150  2.030000000000e+02  1.052850533733e-01
   10200  2.040000000000e+02  9.842888000686e-02
   10250  2.050000000000e+02  9.113861203828e-02
   10300  2.060000000000e+02  8.351435829773e-02
   10350  2.070000000000e+02  7.566231694650e-02
   10400  2.080000000000e+02  6.769337488880e-02
   10450  2.090000000000e+02  5.972159019759e-02
   10500  2.100000000000e+02  5.186263711394e-02
   10550  2.110000000000e+02  4.423218783827e-02
   10600  2.120000000000e+02  3.694423415449e-02
   10650  2.130000000000e+02  3.010937783945e-02
   10700  2.140000000000e+02  2.383319587043e-02
   10750  2.150000000000e+02  1.821461532955e-02
   10800  2.160000000000e+02  1.334437732864e-02
   10850  2.170000000000e+02  9.303608809935e-03
   10900  2.180000000000e+02  6.162490708094e-03
   10950  2.190000000000e+02  3.979147706484e-03
   11000  2.200000000000e+02  2.798677358918e-03
   11050  2.210000000000e+02  2.652357976770e-03
   11100  2.220000000000e+02  3.557054923816e-03
   11150  2.230000000000e+02  5.514846993038e-03
   11200  2.240000000000e+02  8.512869327990e-03
   11250  2.250000000000e+02  1.252337687131e-02
   11300  2.260000000000e+02  1.750404908445e-02
   11350  2.270000000000e+02  2.339852425536e-02
   11400  2.280000000000e+02  3.013714580690e-02
   11450  2.290000000000e+02  3.763793649695e-02
   11500  2.300000000000e+02  4.580774358007e-02
   11550  2.310000000000e+02  5.454355131074e-02
   11600  2.320000000000e+02  6.373389089981e-02
   11650  2.330000000000e+02  7.326037378160e-02
   11700  2.340000000000e+02  8.299935703994e-02
   11750  2.350000000000e+02  9.282366823953e-02
   11800  2.360000000000e+02  1.026043626151e-01
   11850  2.370000000000e+02  1.122124601653e-01
   11900  2.380000000000e+02  1.215208073910e-01
   11950  2.390000000000e+02  1.304058302112e-01
   12000  2.400000000000e+02  1.387492772564e-01
   12050  2.410000000000e+02  1.464398531768e-01
   12100  2.420000000000e+02  1.533747883857e-01
   12150  2.430000000000e+02  1.594612781547e-01
   12200  2.440000000000e+02  1.646176436681e-01
   12250  2.450000000000e+02  1.687745704577e-01
   12300  2.460000000000e+02  1.718759793486e-01
   12350  2.470000000000e+02  1.738798497331e-01
   12400  2.480000000000e+02  1.747588607689e-01
   12450  2.490000000000e+02  1.745007432609e-01
   12500  2.500000000000e+02  1.731085281540e-01
   12550  2.510000000000e+02  1.706004805754e-01
   12600  2.520000000000e+02  1.670098752660e-01
   12650  2.530000000000e+02  1.623845897478e-01
   12700  2.540000000000e+02  1.567864288624e-01
   12750  2.550000000000e+02  1.502902530361e-01
   12800  2.560000000000e+02  1.429829068668e-01
   12850  2.570000000000e+02  1.349620800501e-01
   12900  2.580000000000e+02  1.263349129940e-01
   12950  2.590000000000e+02  1.172165630553e-01
   13000  2.600000000000e+02  1.077286453246e-01
   13050  2.610000000000e+02  9.799747881443e-02
   13100  2.620000000000e+02  8.815235074328e-02
   13150  2.630000000000e+02  7.832374335349e-02
   13200  2.640000000000e+02  6.864151550557e-02
   13250  2.650000000000e+02  5.923304417028e-02
   13300  2.660000000000e+02  5.022142888441e-02
   13350  2.670000000000e+02  4.172368712620e-02
   13400  2.680000000000e+02  3.384911134970e-02
   13450  2.690000000000e+02  2.669768992533e-02
   13500  2.700000000000e+02  2.035874545876e-02
   13550  2.710000000000e+02  1.490965543696e-02
   13600  2.720000000000e+02  1.041478344429e-02
   13650  2.730000000000e+02  6.924627082342e-03
   13700  2.740000000000e+02  4.475172372248e-03
   13750  2.750000000000e+02  3.087500646470e-03
   13800  2.760000000000e+02  2.767594949682e-03
   13850  2.770000000000e+02  3.506381284978e-03
   13900  2.780000000000e+02  5.280003837293e-03
   13950  2.790000000000e+02  8.050325411228e-03
   14000  2.800000000000e+02  1.176561868194e-02
   14050  2.810000000000e+02  1.636146310533e-02
   14100  2.820000000000e+02  2.176184240308e-02
   14150  2.830000000000e+02  2.788031920084e-02
   14200  2.840000000000e+02  3.462143437070e-02
   14250  2.850000000000e+02  4.188215578527e-02
   14300  2.860000000000e+02  4.955343985652e-02
   14350  2.870000000000e+02  5.752183696248e-02
   14400  2.880000000000e+02  6.567114389959e-02
   14450  2.890000000000e+02  7.388407331055e-02
   14500  2.900000000000e+02  8.204383637427e-02
   14550  2.910000000000e+02  9.003579189885e-02
   14600  2.920000000000e+02  9.774897527842e-02
   14650  2.930000000000e+02  1.050775748031e-01
   14700  2.940000000000e+02  1.119222857122e-01
   14750  2.950000000000e+02  1.181915780889e-01
   14800  2.960000000000e+02  1.238028194127e-01
   14850  2.970000000000e+02  1.286833331600e-01
   14900  2.980000000000e+02  1.327712022590e-01
   14950  2.990000000000e+02  1.360160843444e-01
   15000  3.000000000000e+02  1.383796795916e-01
   15050  3.010000000000e+02  1.398361257566e-01
   15100  3.020000000000e+02  1.403722759566e-01
   15150  3.030000000000e+02  1.399876004388e-01
   15200  3.040000000000e+02  1.386941120996e-01
   15250  3.050000000000e+02  1.365159410708e-01
   15300  3.060000000000e+02  1.334888953032e-01
   15350  3.070000000000e+02  1.296597805276e-01
   15400  3.080000000000e+02  1.250855363974e-01
   15450  3.090000000000e+02  1.198323507974e-01
   15500  3.100000000000e+02  1.139745588327e-01
   15550  3.110000000000e+02  1.075935083007e-01
   15600  3.120000000000e+02  1.007763268994e-01
   15650  3.130000000000e+02  9.361455095113e-02
   15700  3.140000000000e+02  8.620284430479e-02
   15750  3.150000000000e+02  7.863748144442e-02
   15800  3.160000000000e+02  7.101499698598e-02
   15850  3.170000000000e+02  6.343081074209e-02
   15900  3.180000000000e+02  5.597789840408e-02
   15950  3.190000000000e+02  4.874550669221e-02
   16000  3.200000000000e+02  4.181790050319e-02
   16050  3.210000000000e+02  3.527326432985e-02
   16100  3.220000000000e+02  2.918269721221e-02
   16150  3.230000000000e+02  2.360930943414e-02
   16200  3.240000000000e+02  1.860747529404e-02
   16250  3.250000000000e+02  1.422219748404e-02
   16300  3.260000000000e+02  1.048864447829e-02
   16350  3.270000000000e+02  7.431828906864e-03
   16400  3.280000000000e+02  5.066477621841e-03
   16450  3.290000000000e+02  3.397077636682e-03
   16500  3.300000000000e+02  2.418064000128e-03
   16550  3.310000000000e+02  2.114163744374e-03
   16600  3.320000000000e+02  2.460914063000e-03
   16650  3.330000000000e+02  3.425300168016e-03
   16700  3.340000000000e+02  4.966515143305e-03
   16750  3.350000000000e+02  7.036812432398e-03
   16800  3.360000000000e+02  9.582441905156e-03
   16850  3.370000000000e+02  1.254465057089e-02
   16900  3.380000000000e+02  1.586070855814e-02
   16950  3.390000000000e+02  1.946497727073e-02
   17000  3.400000000000e+02  2.328995521507e-02
   17050  3.410000000000e+02  2.726734550586e-02
   17100  3.420000000000e+02  3.132903422887e-02
   17150  3.430000000000e+02  3.540807116342e-02
   17200  3.440000000000e+02  3.943955676426e-02
   17250  3.450000000000e+02  4.336145949234e-02
   17300  3.460000000000e+02  4.711537712282e-02
   17350  3.470000000000e+02  5.064718266445e-02
   17400  3.480000000000e+02  5.390762884705e-02
   17450  3.490000000000e+02  5.685284548405e-02
   17500  3.500000000000e+02  5.944479056513e-02
   17550  3.510000000000e+02  6.165152258720e-02
   17600  3.520000000000e+02  6.344747082059e-02
   17650  3.530000000000e+02  6.481362209807e-02
   17700  3.540000000000e+02  6.573754543555e-02
   17750  3.550000000000e+02  6.621333057147e-02
   17800  3.560000000000e+02  6.624156915232e-02
   17850  3.570000000000e+02  6.582912049210e-02
   17900  3.580000000000e+02  6.498882825297e-02
   17950  3.590000000000e+02  6.373918025154e-02
   18000  3.600000000000e+02  6.210389063467e-02
   18050  3.610000000000e+02  6.011140591771e-02
   18100  3.620000000000e+02  5.779438045529e-02
   18150  3.630000000000e+02  5.518898930970e-02
   18200  3.640000000000e+02  5.233434700801e-02
   18250  3.650000000000e+02  4.927179767612e-02
   18300  3.660000000000e+02  4.604416344313e-02
   18350  3.670000000000e+02  4.269511369492e-02
   18400  3.680000000000e+02  3.926846410439e-02
   18450  3.690000000000e+02  3.580752511498e-02
   18500  3.700000000000e+02  3.235445677696e-02
   18550  3.710000000000e+02  2.894968795655e-02
   18600  3.720000000000e+02  2.563137937156e-02
   18650  3.730000000000e+02  2.243493306988e-02
   18700  3.740000000000e+02  1.939259738529e-02
   18750  3.750000000000e+02  1.653304959807e-02
   18800  3.760000000000e+02  1.388111328664e-02
   18850  3.770000000000e+02  1.145751496430e-02
   18900  3.780000000000e+02  9.278714084518e-03
   18950  3.790000000000e+02  7.356829599828e-03
   19000  3.800000000000e+02  5.699623887743e-03
   19050  3.810000000000e+02  4.310568131772e-03
   19100  3.820000000000e+02  3.188977282615e-03
   19150  3.830000000000e+02  2.330219902217e-03
   19200  3.840000000000e+02  1.725959881954e-03
   19250  3.850000000000e+02  1.364469755458e-03
   19300  3.860000000000e+02  1.230987093798e-03
   19350  3.870000000000e+02  1.308105135598e-03
   19400  3.880000000000e+02  1.576197889788e-03
   19450  3.890000000000e+02  2.013866731079e-03
   19500  3.900000000000e+02  2.598399304061e-03
   19550  3.910000000000e+02  3.306229887008e-03
   19600  3.920000000000e+02  4.113386340182e-03
   19650  3.930000000000e+02  4.995929091049e-03
   19700  3.940000000000e+02  5.930337628343e-03
   19750  3.950000000000e+02  6.893892945123e-03
   19800  3.960000000000e+02  7.864998768993e-03
   19850  3.970000000000e+02  8.823464070176e-03
   19900  3.980000000000e+02  9.750725532881e-03
   19950  3.990000000000e+02  1.063003592429e-02
   20000  4.000000000000e+02  1.144661486023e-02
   20050  4.010000000000e+02  1.218771970101e-02
   20100  4.020000000000e+02  1.284271915591e-02
   20150  4.030000000000e+02  1.340310992203e-02
   20200  4.040000000000e+02  1.386251478501e-02
   20250  4.050000000000e+02  1.421663031166e-02
   20300  4.060000000000e+02  1.446314271884e-02
   20350  4.070000000000e+02  1.460164633530e-02
   20400  4.080000000000e+02  1.463350410637e-02
   20450  4.090000000000e+02  1.456172138782e-02
   20500  4.100000000000e+02  1.439079194855e-02
   20550  4.110000000000e+02  1.412651558794e-02
   20600  4.120000000000e+02  1.377583012973e-02
   20650  4.130000000000e+02  1.334660721117e-02
   20700  4.140000000000e+02  1.284748631399e-02
   20750  4.150000000000e+02  1.228769517352e-02
   20800  4.160000000000e+02  1.167688665645e-02
   20850  4.170000000000e+02  1.102492119351e-02
   20900  4.180000000000e+02  1.034173373311e-02
   20950  4.190000000000e+02  9.637167939570e-03
   21000  4.200000000000e+02  8.920810221927e-03
   21050  4.210000000000e+02  8.201849781410e-03
   21100  4.220000000000e+02  7.488960606238e-03
   21150  4.230000000000e+02  6.790161957439e-03
   21200  4.240000000000e+02  6.112732234618e-03
   21250  4.250000000000e+02  5.463126182216e-03
   21300  4.260000000000e+02  4.846920421717e-03
   21350  4.270000000000e+02  4.268779097901e-03
   21400  4.280000000000e+02  3.732421209946e-03
   21450  4.290000000000e+02  3.240627105382e-03
   21500  4.300000000000e+02  2.795260345413e-03
   21550  4.310000000000e+02  2.397303745513e-03
   21600  4.320000000000e+02  2.046904925935e-03
   21650  4.330000000000e+02  1.743442808228e-03
   21700  4.340000000000e+02  1.485598305445e-03
   21750  4.350000000000e+02  1.271430240494e-03
   21800  4.360000000000e+02  1.098467260574e-03
   21850  4.370000000000e+02  9.638008976821e-04
   21900  4.380000000000e+02  8.641730741686e-04
   21950  4.390000000000e+02  7.960626405309e-04
   22000  4.400000000000e+02  7.557750346909e-04
   22050  4.410000000000e+02  7.395254751103e-04
   22100  4.420000000000e+02  7.435193483635e-04
   22150  4.430000000000e+02  7.640254959612e-04
   22200  4.440000000000e+02  7.974427803062e-04
   22250  4.450000000000e+02  8.403597163744e-04
   22300  4.460000000000e+02  8.896056808377e-04
   22350  4.470000000000e+02  9.422908541044e-04
   22400  4.480000000000e+02  9.958358876755e-04
   22450  4.490000000000e+02  1.047991945325e-03
   22500  4.500000000000e+02  1.096856587129e-03
   22550  4.510000000000e+02  1.140874098784e-03
   22600  4.520000000000e+02  1.178833179966e-03
   22650  4.530000000000e+02  1.209859570629e-03
   22700  4.540000000000e+02  1.233397024371e-03
   22750  4.550000000000e+02  1.249185789169e-03
   22800  4.560000000000e+02  1.257230766557e-03
   22850  4.570000000000e+02  1.257772928028e-03
   22900  4.580000000000e+02  1.251252049296e-03
   22950  4.590000000000e+02  1.238264746503e-03
   23000  4.600000000000e+02  1.219527502043e-03
   23050  4.610000000000e+02  1.195842466862e-03
   23100  4.620000000000e+02  1.168061289297e-03
   23150  4.630000000000e+02  1.137053894452e-03
   23200  4.640000000000e+02  1.103680958497e-03
   23250  4.650000000000e+02  1.068775890474e-03
   23300  4.660000000000e+02  1.033123467938e-03
   23350  4.670000000000e+02  9.974440341359e-04
   23400  4.680000000000e+02  9.623789224354e-04
   23450  4.690000000000e+02  9.284836098012e-04
   23500  4.700000000000e+02  8.962215946890e-04
   23550  4.710000000000e+02  8.659603114737e-04
   23600  4.720000000000e+02  8.379762004683e-04
   23650  4.730000000000e+02  8.124574341836e-04
   23700  4.740000000000e+02  7.895066980255e-04
   23750  4.750000000000e+02  7.691531206894e-04
   23800  4.760000000000e+02  7.513616900332e-04
   23850  4.770000000000e+02  7.360422209724e-04
   23900  4.780000000000e+02  7.230592096095e-04
   23950  4.790000000000e+02  7.122422170940e-04
   24000  4.800000000000e+02  7.033949756401e-04
   24050  4.810000000000e+02  6.963043000831e-04
   24100  4.820000000000e+02  6.907474839840e-04
   24150  4.830000000000e+02  6.865009075998e-04
   24200  4.840000000000e+02  6.833464113668e-04
   24250  4.850000000000e+02  6.810772364845e-04
   24300  4.860000000000e+02  6.795039511511e-04
   24350  4.870000000000e+02  6.784583222455e-04
   24400  4.880000000000e+02  6.777965371860e-04
   24450  4.890000000000e+02  6.774002459940e-04
   24500  4.900000000000e+02  6.771767113860e-04
   24550  4.910000000000e+02  6.770573911855e-04
   24600  4.920000000000e+02  6.769952965114e-04
   24650  4.930000000000e+02  6.769613730338e-04
   24700  4.940000000000e+02  6.769404816815e-04
   24750  4.950000000000e+02  6.769270931555e-04
   24800  4.960000000000e+02  6.769211467176e-04
   24850  4.970000000000e+02  6.769245740285e-04
   24900  4.980000000000e+02  6.769387447352e-04
   24950  4.990000000000e+02  6.769629840534e-04
   25000  5.000000000000e+02  6.769942352463e-04
   25050  5.010000000000e+02  6.770279819676e-04
   25100  5.020000000000e+02  6.770599220049e-04
   25150  5.030000000000e+02  6.770862363589e-04
   25200  5.040000000000e+02  6.771040926736e-04
   25250  5.050000000000e+02  6.771119690091e-04
   25300  5.060000000000e+02  6.771097156422e-04
   25350  5.070000000000e+02  6.770983570825e-04
   25400  5.080000000000e+02  6.770797677420e-04
   25450  5.090000000000e+02  6.770563731517e-04
   25500  5.100000000000e+02  6.770306941501e-04
   25550  5.110000000000e+02  6.770048798194e-04
   25600  5.120000000000e+02  6.769804721860e-04
   25650  5.130000000000e+02  6.769584476450e-04
   25700  5.140000000000e+02  6.769394669733e-04
   25750  5.150000000000e+02  6.769241171983e-04
   25800  5.160000000000e+02  6.769130934327e-04
   25850  5.170000000000e+02  6.769073096459e-04
   25900  5.180000000000e+02  6.769078889781e-04
   25950  5.190000000000e+02  6.769159525060e-04
   26000  5.200000000000e+02  6.769322778602e-04
   26050  5.210000000000e+02  6.769568748814e-04
   26100  5.220000000000e+02  6.769886561017e-04
   26150  5.230000000000e+02  6.770252580708e-04
   26200  5.240000000000e+02  6.770630825015e-04
   26250  5.250000000000e+02  6.770976345589e-04
   26300  5.260000000000e+02  6.771241013453e-04
   26350  5.270000000000e+02  6.771380732732e-04
   26400  5.280000000000e+02  6.771363218140e-04
   26450  5.290000000000e+02  6.771174283949e-04
   26500  5.300000000000e+02  6.770821587219e-04
   26550  5.310000000000e+02  6.770335944698e-04
   26600  5.320000000000e+02  6.769769291194e-04
   26650  5.330000000000e+02  6.769189018640e-04
   26700  5.340000000000e+02  6.768669094981e-04
   26750  5.350000000000e+02  6.768279450665e-04
   26800  5.360000000000e+02  6.768075607280e-04
   26850  5.370000000000e+02  6.768091008715e-04
   26900  5.380000000000e+02  6.768332078586e-04
   26950  5.390000000000e+02  6.768776647283e-04
   27000  5.400000000000e+02  6.769376184669e-04
   27050  5.410000000000e+02  6.770062032399e-04
   27100  5.420000000000e+02  6.770754940391e-04
