################################################################################
# HEADER
# nspin         1
#%
# nik       186
#  st         1      26
# ust         1      26
# Iter             t            #  iter t Nex(t)  
################################################################################
       0  0.000000000000e+00  1.082467449010e-15
      50  2.500000000000e+00  9.741061915425e-10
     100  5.000000000000e+00  5.235502213013e-08
     150  7.500000000000e+00  4.602413248983e-07
     200  1.000000000000e+01  2.061703403673e-06
     250  1.250000000000e+01  6.540214835433e-06
     300  1.500000000000e+01  1.658863774910e-05
     350  1.750000000000e+01  3.566305247883e-05
     400  2.000000000000e+01  6.754394352528e-05
     450  2.250000000000e+01  1.155531284954e-04
     500  2.500000000000e+01  1.812715832334e-04
     550  2.750000000000e+01  2.632431814855e-04
     600  3.000000000000e+01  3.561824305604e-04
     650  3.250000000000e+01  4.507309006413e-04
     700  3.500000000000e+01  5.338226337232e-04
     750  3.750000000000e+01  5.905619210985e-04
     800  4.000000000000e+01  6.068615567023e-04
     850  4.250000000000e+01  5.728333977134e-04
     900  4.500000000000e+01  4.865291595163e-04
     950  4.750000000000e+01  3.579893411468e-04
    1000  5.000000000000e+01  2.126481717849e-04
    1050  5.250000000000e+01  9.336056475653e-05
    1100  5.500000000000e+01  5.948573234755e-05
    1150  5.750000000000e+01  1.830075074634e-04
    1200  6.000000000000e+01  5.420627179282e-04
    1250  6.250000000000e+01  1.211726880368e-03
    1300  6.500000000000e+01  2.252394715793e-03
    1350  6.750000000000e+01  3.697537186798e-03
    1400  7.000000000000e+01  5.542715458443e-03
    1450  7.250000000000e+01  7.736650518185e-03
    1500  7.500000000000e+01  1.017665182905e-02
    1550  7.750000000000e+01  1.271000973416e-02
    1600  8.000000000000e+01  1.514270164339e-02
    1650  8.250000000000e+01  1.725480120612e-02
    1700  8.500000000000e+01  1.882139704311e-02
    1750  8.750000000000e+01  1.964021213702e-02
    1800  9.000000000000e+01  1.956330792234e-02
    1850  9.250000000000e+01  1.851955094717e-02
    1900  9.500000000000e+01  1.653620899955e-02
    1950  9.750000000000e+01  1.375859289070e-02
    2000  1.000000000000e+02  1.045488435859e-02
    2050  1.025000000000e+02  7.005881744240e-03
    2100  1.050000000000e+02  3.882303199467e-03
    2150  1.075000000000e+02  1.607108885086e-03
    2200  1.100000000000e+02  7.070636765662e-04
    2250  1.125000000000e+02  1.655801038166e-03
    2300  1.150000000000e+02  4.813341103530e-03
    2350  1.175000000000e+02  1.037141010317e-02
    2400  1.200000000000e+02  1.830985219187e-02
    2450  1.225000000000e+02  2.837106698245e-02
    2500  1.250000000000e+02  4.005869677020e-02
    2550  1.275000000000e+02  5.266109307676e-02
    2600  1.300000000000e+02  6.529906080741e-02
    2650  1.325000000000e+02  7.699743362324e-02
    2700  1.350000000000e+02  8.677061154514e-02
    2750  1.375000000000e+02  9.371744879104e-02
    2800  1.400000000000e+02  9.711521121903e-02
    2850  1.425000000000e+02  9.650992779935e-02
    2900  1.450000000000e+02  9.177135051912e-02
    2950  1.475000000000e+02  8.314104679195e-02
    3000  1.500000000000e+02  7.124112295817e-02
    3050  1.525000000000e+02  5.705989973638e-02
    3100  1.550000000000e+02  4.189920827256e-02
    3150  1.575000000000e+02  2.727845788968e-02
    3200  1.600000000000e+02  1.481378941821e-02
    3250  1.625000000000e+02  6.068666127621e-03
    3300  1.650000000000e+02  2.388424446780e-03
    3350  1.675000000000e+02  4.745473787395e-03
    3400  1.700000000000e+02  1.360843211183e-02
    3450  1.725000000000e+02  2.885775726691e-02
    3500  1.750000000000e+02  4.976187217150e-02
    3550  1.775000000000e+02  7.501612453656e-02
    3600  1.800000000000e+02  1.028501195959e-01
    3650  1.825000000000e+02  1.311812386765e-01
    3700  1.850000000000e+02  1.577922811633e-01
    3750  1.875000000000e+02  1.805317020033e-01
    3800  1.900000000000e+02  1.974963355965e-01
    3850  1.925000000000e+02  2.071886416358e-01
    3900  1.950000000000e+02  2.086603351043e-01
    3950  1.975000000000e+02  2.016136246382e-01
    4000  2.000000000000e+02  1.864353866717e-01
    4050  2.025000000000e+02  1.642202293978e-01
    4100  2.050000000000e+02  1.367252518392e-01
    4150  2.075000000000e+02  1.062557643792e-01
    4200  2.100000000000e+02  7.550976707900e-02
    4250  2.125000000000e+02  4.736139320697e-02
    4300  2.150000000000e+02  2.459653058414e-02
    4350  2.175000000000e+02  9.636395520137e-03
    4400  2.200000000000e+02  4.260825240503e-03
    4450  2.225000000000e+02  9.382716250913e-03
    4500  2.250000000000e+02  2.491984311939e-02
    4550  2.275000000000e+02  4.978210503710e-02
    4600  2.300000000000e+02  8.199148660244e-02
    4650  2.325000000000e+02  1.188992672952e-01
    4700  2.350000000000e+02  1.574586448909e-01
    4750  2.375000000000e+02  1.945254687404e-01
    4800  2.400000000000e+02  2.271244136224e-01
    4850  2.425000000000e+02  2.526716729366e-01
    4900  2.450000000000e+02  2.691684450953e-01
    4950  2.475000000000e+02  2.753259410543e-01
    5000  2.500000000000e+02  2.706491996451e-01
    5050  2.525000000000e+02  2.554662013269e-01
    5100  2.550000000000e+02  2.309141189599e-01
    5150  2.575000000000e+02  1.988712878363e-01
    5200  2.600000000000e+02  1.618672263591e-01
    5250  2.625000000000e+02  1.229104225313e-01
    5300  2.650000000000e+02  8.525517351224e-02
    5350  2.675000000000e+02  5.213322817038e-02
    5400  2.700000000000e+02  2.643229720508e-02
    5450  2.725000000000e+02  1.038070670819e-02
    5500  2.750000000000e+02  5.294430432838e-03
    5550  2.775000000000e+02  1.141333896844e-02
    5600  2.800000000000e+02  2.788300266373e-02
    5650  2.825000000000e+02  5.288241826294e-02
    5700  2.850000000000e+02  8.386881151578e-02
    5750  2.875000000000e+02  1.178962524708e-01
    5800  2.900000000000e+02  1.519239462421e-01
    5850  2.925000000000e+02  1.830906544690e-01
    5900  2.950000000000e+02  2.089420454682e-01
    5950  2.975000000000e+02  2.275685364648e-01
    6000  3.000000000000e+02  2.376992694124e-01
    6050  3.025000000000e+02  2.387548950260e-01
    6100  3.050000000000e+02  2.308302216363e-01
    6150  3.075000000000e+02  2.146430956308e-01
    6200  3.100000000000e+02  1.914957914286e-01
    6250  3.125000000000e+02  1.631762344876e-01
    6300  3.150000000000e+02  1.318395210490e-01
    6350  3.175000000000e+02  9.987162463069e-02
    6400  3.200000000000e+02  6.969132042543e-02
    6450  3.225000000000e+02  4.354084024788e-02
    6500  3.250000000000e+02  2.328598390594e-02
    6550  3.275000000000e+02  1.021403237520e-02
    6600  3.300000000000e+02  4.892850527290e-03
    6650  3.325000000000e+02  7.113098956184e-03
    6700  3.350000000000e+02  1.592908239158e-02
    6750  3.375000000000e+02  2.981447673173e-02
    6800  3.400000000000e+02  4.688526471854e-02
    6850  3.425000000000e+02  6.515387059893e-02
    6900  3.450000000000e+02  8.276220488271e-02
    6950  3.475000000000e+02  9.813786309332e-02
    7000  3.500000000000e+02  1.100936815082e-01
    7050  3.525000000000e+02  1.178698041405e-01
    7100  3.550000000000e+02  1.211103407553e-01
    7150  3.575000000000e+02  1.198357399850e-01
    7200  3.600000000000e+02  1.143899473978e-01
    7250  3.625000000000e+02  1.053596520087e-01
    7300  3.650000000000e+02  9.351512506062e-02
    7350  3.675000000000e+02  7.976511780633e-02
    7400  3.700000000000e+02  6.507953551683e-02
    7450  3.725000000000e+02  5.043314463272e-02
    7500  3.750000000000e+02  3.675310054958e-02
    7550  3.775000000000e+02  2.483623472339e-02
    7600  3.800000000000e+02  1.529010196615e-02
    7650  3.825000000000e+02  8.487904291463e-03
    7700  3.850000000000e+02  4.528177235860e-03
    7750  3.875000000000e+02  3.237327801642e-03
    7800  3.900000000000e+02  4.204574361511e-03
    7850  3.925000000000e+02  6.844060875880e-03
    7900  3.950000000000e+02  1.048380817984e-02
    7950  3.975000000000e+02  1.445166823134e-02
    8000  4.000000000000e+02  1.815778084189e-02
    8050  4.025000000000e+02  2.115282634614e-02
    8100  4.050000000000e+02  2.314488693714e-02
    8150  4.075000000000e+02  2.400565426485e-02
    8200  4.100000000000e+02  2.375677413303e-02
    8250  4.125000000000e+02  2.252772322807e-02
    8300  4.150000000000e+02  2.052839513694e-02
    8350  4.175000000000e+02  1.801870829049e-02
    8400  4.200000000000e+02  1.526330522585e-02
    8450  4.225000000000e+02  1.250793858401e-02
    8500  4.250000000000e+02  9.958870063645e-03
    8550  4.275000000000e+02  7.757069904218e-03
    8600  4.300000000000e+02  5.978883077747e-03
    8650  4.325000000000e+02  4.645046204242e-03
    8700  4.350000000000e+02  3.726348787662e-03
    8750  4.375000000000e+02  3.162763069323e-03
    8800  4.400000000000e+02  2.880811483534e-03
    8850  4.425000000000e+02  2.803296809061e-03
    8900  4.450000000000e+02  2.860189397320e-03
    8950  4.475000000000e+02  2.992755524182e-03
    9000  4.500000000000e+02  3.154971980698e-03
    9050  4.525000000000e+02  3.314195757541e-03
    9100  4.550000000000e+02  3.446490910028e-03
    9150  4.575000000000e+02  3.536473214581e-03
    9200  4.600000000000e+02  3.576487191119e-03
    9250  4.625000000000e+02  3.561199274575e-03
    9300  4.650000000000e+02  3.490901498484e-03
    9350  4.675000000000e+02  3.373374041380e-03
    9400  4.700000000000e+02  3.220300383463e-03
    9450  4.725000000000e+02  3.050668383479e-03
    9500  4.750000000000e+02  2.888794071971e-03
    9550  4.775000000000e+02  2.756017375293e-03
    9600  4.800000000000e+02  2.667716566394e-03
    9650  4.825000000000e+02  2.627785123134e-03
    9700  4.850000000000e+02  2.626113433740e-03
    9750  4.875000000000e+02  2.644171397344e-03
    9800  4.900000000000e+02  2.661924970382e-03
    9850  4.925000000000e+02  2.666765129503e-03
    9900  4.950000000000e+02  2.657399315691e-03
    9950  4.975000000000e+02  2.641489989414e-03
   10000  5.000000000000e+02  2.630411334214e-03
   10050  5.025000000000e+02  2.630816824719e-03
   10100  5.050000000000e+02  2.642292762744e-03
   10150  5.075000000000e+02  2.657753994154e-03
   10200  5.100000000000e+02  2.667180413442e-03
   10250  5.125000000000e+02  2.664745827444e-03
   10300  5.150000000000e+02  2.651316925614e-03
   10350  5.175000000000e+02  2.634930475041e-03
   10400  5.200000000000e+02  2.626693973311e-03
   10450  5.225000000000e+02  2.633094952683e-03
   10500  5.250000000000e+02  2.652788408114e-03
   10550  5.275000000000e+02  2.676122760433e-03
   10600  5.300000000000e+02  2.690737414761e-03
   10650  5.325000000000e+02  2.689022490597e-03
   10700  5.350000000000e+02  2.671334538043e-03
   10750  5.375000000000e+02  2.647326723311e-03
   10800  5.400000000000e+02  2.629619044279e-03
   10850  5.425000000000e+02  2.626117984584e-03
   10900  5.450000000000e+02  2.636721325279e-03
   10950  5.475000000000e+02  2.653087983227e-03
   11000  5.500000000000e+02  2.664753212600e-03
   11050  5.525000000000e+02  2.664669754673e-03
   11100  5.550000000000e+02  2.652837420865e-03
   11150  5.575000000000e+02  2.637139746147e-03
   11200  5.600000000000e+02  2.627411840791e-03
   11250  5.625000000000e+02  2.630246402068e-03
   11300  5.650000000000e+02  2.644992243873e-03
   11350  5.675000000000e+02  2.663785183154e-03
   11400  5.700000000000e+02  2.677015099628e-03
   11450  5.725000000000e+02  2.677602971199e-03
   11500  5.750000000000e+02  2.665824602636e-03
   11550  5.775000000000e+02  2.648831458134e-03
   11600  5.800000000000e+02  2.634835557797e-03
   11650  5.825000000000e+02  2.629545395315e-03
   11700  5.850000000000e+02  2.633036442662e-03
   11750  5.875000000000e+02  2.640740266197e-03
   11800  5.900000000000e+02  2.647153976551e-03
   11850  5.925000000000e+02  2.648376774793e-03
   11900  5.950000000000e+02  2.644610936126e-03
   11950  5.975000000000e+02  2.638748162089e-03
   12000  6.000000000000e+02  2.634063331726e-03
   12050  6.025000000000e+02  2.632828077495e-03
   12100  6.050000000000e+02  2.634589324024e-03
   12150  6.075000000000e+02  2.637191283833e-03
   12200  6.100000000000e+02  2.638230769143e-03
   12250  6.125000000000e+02  2.636766639660e-03
   12300  6.150000000000e+02  2.634139959577e-03
   12350  6.175000000000e+02  2.632338276771e-03
   12400  6.200000000000e+02  2.632926451926e-03
   12450  6.225000000000e+02  2.635928483300e-03
   12500  6.250000000000e+02  2.640117814298e-03
   12550  6.275000000000e+02  2.644170140247e-03
   12600  6.300000000000e+02  2.646930154596e-03
   12650  6.325000000000e+02  2.648539234089e-03
   12700  6.350000000000e+02  2.649853401776e-03
   12750  6.375000000000e+02  2.651340579189e-03
   12800  6.400000000000e+02  2.653785619470e-03
   12850  6.425000000000e+02  2.658102318072e-03
   12900  6.450000000000e+02  2.664723332500e-03
   12950  6.475000000000e+02  2.674223111975e-03
   13000  6.500000000000e+02  2.686643631163e-03
   13050  6.525000000000e+02  2.699825913284e-03
   13100  6.550000000000e+02  2.711115417947e-03
   13150  6.575000000000e+02  2.718152696600e-03
   13200  6.600000000000e+02  2.718381793423e-03
   13250  6.625000000000e+02  2.712192098453e-03
   13300  6.650000000000e+02  2.702473673579e-03
   13350  6.675000000000e+02  2.692007713003e-03
   13400  6.700000000000e+02  2.684046330163e-03
   13450  6.725000000000e+02  2.680741841769e-03
   13500  6.750000000000e+02  2.682384155842e-03
   13550  6.775000000000e+02  2.690011571710e-03
   13600  6.800000000000e+02  2.706490416811e-03
   13650  6.825000000000e+02  2.734744181941e-03
   13700  6.850000000000e+02  2.776416380881e-03
   13750  6.875000000000e+02  2.829546017768e-03
   13800  6.900000000000e+02  2.884823556573e-03
   13850  6.925000000000e+02  2.929992777331e-03
   13900  6.950000000000e+02  2.955306873669e-03
   13950  6.975000000000e+02  2.954028934831e-03
   14000  7.000000000000e+02  2.928277113520e-03
