################################################################################
# HEADER
# nspin         1
#%
# nik       217
#  st         1      26
# ust         1      26
# Iter             t            #  iter t Nex(t)  
################################################################################
       0  0.000000000000e+00 -4.544975507059e-15
      50  1.000000000000e+00  1.162548043943e-10
     100  2.000000000000e+00  1.862000623132e-10
     150  3.000000000000e+00  2.203160431868e-10
     200  4.000000000000e+00  2.166311297014e-10
     250  5.000000000000e+00  2.897875064911e-10
     300  6.000000000000e+00  7.251733658009e-10
     350  7.000000000000e+00  1.797205599618e-09
     400  8.000000000000e+00  4.055484108256e-09
     450  9.000000000000e+00  8.261288771128e-09
     500  1.000000000000e+01  1.564830255651e-08
     550  1.100000000000e+01  2.783177226184e-08
     600  1.200000000000e+01  4.689068230923e-08
     650  1.300000000000e+01  7.522432125817e-08
     700  1.400000000000e+01  1.156317772574e-07
     750  1.500000000000e+01  1.713130141981e-07
     800  1.600000000000e+01  2.459401324123e-07
     850  1.700000000000e+01  3.434111573442e-07
     900  1.800000000000e+01  4.678847996889e-07
     950  1.900000000000e+01  6.236466609869e-07
    1000  2.000000000000e+01  8.145722265457e-07
    1050  2.100000000000e+01  1.044166055189e-06
    1100  2.200000000000e+01  1.315693787488e-06
    1150  2.300000000000e+01  1.631489902627e-06
    1200  2.400000000000e+01  1.992838700331e-06
    1250  2.500000000000e+01  2.400139078831e-06
    1300  2.600000000000e+01  2.851941381589e-06
    1350  2.700000000000e+01  3.345492934612e-06
    1400  2.800000000000e+01  3.876731803118e-06
    1450  2.900000000000e+01  4.439958837879e-06
    1500  3.000000000000e+01  5.027814285900e-06
    1550  3.100000000000e+01  5.630900096205e-06
    1600  3.200000000000e+01  6.238159191783e-06
    1650  3.300000000000e+01  6.836957090750e-06
    1700  3.400000000000e+01  7.412860348451e-06
    1750  3.500000000000e+01  7.950872213600e-06
    1800  3.600000000000e+01  8.435275973495e-06
    1850  3.700000000000e+01  8.849723693215e-06
    1900  3.800000000000e+01  9.178157569935e-06
    1950  3.900000000000e+01  9.405779832675e-06
    2000  4.000000000000e+01  9.519388258300e-06
    2050  4.100000000000e+01  9.508078855643e-06
    2100  4.200000000000e+01  9.363680669901e-06
    2150  4.300000000000e+01  9.082555367523e-06
    2200  4.400000000000e+01  8.664771776495e-06
    2250  4.500000000000e+01  8.115195793142e-06
    2300  4.600000000000e+01  7.444312045503e-06
    2350  4.700000000000e+01  6.668613396606e-06
    2400  4.800000000000e+01  5.811344695503e-06
    2450  4.900000000000e+01  4.902512869664e-06
    2500  5.000000000000e+01  3.978803720779e-06
    2550  5.100000000000e+01  3.083846429441e-06
    2600  5.200000000000e+01  2.268214539379e-06
    2650  5.300000000000e+01  1.588711235026e-06
    2700  5.400000000000e+01  1.108287703847e-06
    2750  5.500000000000e+01  8.948354317667e-07
    2800  5.600000000000e+01  1.020529226875e-06
    2850  5.700000000000e+01  1.560681881521e-06
    2900  5.800000000000e+01  2.592572883542e-06
    2950  5.900000000000e+01  4.193631081659e-06
    3000  6.000000000000e+01  6.440050351331e-06
    3050  6.100000000000e+01  9.404995757467e-06
    3100  6.200000000000e+01  1.315656537903e-05
    3150  6.300000000000e+01  1.775609365359e-05
    3200  6.400000000000e+01  2.325631971357e-05
    3250  6.500000000000e+01  2.969895452170e-05
    3300  6.600000000000e+01  3.711263883052e-05
    3350  6.700000000000e+01  4.551217345638e-05
    3400  6.800000000000e+01  5.489686889957e-05
    3450  6.900000000000e+01  6.524871601674e-05
    3500  7.000000000000e+01  7.653067518045e-05
    3550  7.100000000000e+01  8.868518721893e-05
    3600  7.200000000000e+01  1.016361752437e-04
    3650  7.300000000000e+01  1.152865595549e-04
    3700  7.400000000000e+01  1.295208899933e-04
    3750  7.500000000000e+01  1.442033920709e-04
    3800  7.600000000000e+01  1.591780642547e-04
    3850  7.700000000000e+01  1.742727012885e-04
    3900  7.800000000000e+01  1.893018238303e-04
    3950  7.900000000000e+01  2.040678727537e-04
    4000  8.000000000000e+01  2.183640626959e-04
    4050  8.100000000000e+01  2.319735194920e-04
    4100  8.200000000000e+01  2.446765662190e-04
    4150  8.300000000000e+01  2.562569354443e-04
    4200  8.400000000000e+01  2.665016070130e-04
    4250  8.500000000000e+01  2.752085649399e-04
    4300  8.600000000000e+01  2.821852550307e-04
    4350  8.700000000000e+01  2.872576479522e-04
    4400  8.800000000000e+01  2.902783877625e-04
    4450  8.900000000000e+01  2.911254531608e-04
    4500  9.000000000000e+01  2.897110596562e-04
    4550  9.100000000000e+01  2.859787140363e-04
    4600  9.200000000000e+01  2.799110625428e-04
    4650  9.300000000000e+01  2.715351429182e-04
    4700  9.400000000000e+01  2.609218290130e-04
    4750  9.500000000000e+01  2.481869635620e-04
    4800  9.600000000000e+01  2.334900880581e-04
    4850  9.700000000000e+01  2.170396362208e-04
    4900  9.800000000000e+01  1.990911699730e-04
    4950  9.900000000000e+01  1.799469078961e-04
    5000  1.000000000000e+02  1.599511453220e-04
    5050  1.010000000000e+02  1.394852119787e-04
    5100  1.020000000000e+02  1.189684277411e-04
    5150  1.030000000000e+02  9.885247941326e-05
    5200  1.040000000000e+02  7.961484813541e-05
    5250  1.050000000000e+02  6.174947416921e-05
    5300  1.060000000000e+02  4.576160202219e-05
    5350  1.070000000000e+02  3.215977566284e-05
    5400  1.080000000000e+02  2.144920820984e-05
    5450  1.090000000000e+02  1.412147760625e-05
    5500  1.100000000000e+02  1.064539789093e-05
    5550  1.110000000000e+02  1.145838815870e-05
    5600  1.120000000000e+02  1.695797181600e-05
    5650  1.130000000000e+02  2.749289886314e-05
    5700  1.140000000000e+02  4.335430187080e-05
    5750  1.150000000000e+02  6.476764348988e-05
    5800  1.160000000000e+02  9.188693672112e-05
    5850  1.170000000000e+02  1.247879093439e-04
    5900  1.180000000000e+02  1.634619276852e-04
    5950  1.190000000000e+02  2.078107891584e-04
    6000  1.200000000000e+02  2.576456509122e-04
    6050  1.210000000000e+02  3.126871466710e-04
    6100  1.220000000000e+02  3.725637232017e-04
    6150  1.230000000000e+02  4.368113926275e-04
    6200  1.240000000000e+02  5.048757501840e-04
    6250  1.250000000000e+02  5.761217407228e-04
    6300  1.260000000000e+02  6.498374946073e-04
    6350  1.270000000000e+02  7.252410236654e-04
    6400  1.280000000000e+02  8.014891617006e-04
    6450  1.290000000000e+02  8.776845453736e-04
    6500  1.300000000000e+02  9.528963214300e-04
    6550  1.310000000000e+02  1.026167511621e-03
    6600  1.320000000000e+02  1.096531047329e-03
    6650  1.330000000000e+02  1.163021651692e-03
    6700  1.340000000000e+02  1.224690825463e-03
    6750  1.350000000000e+02  1.280626273523e-03
    6800  1.360000000000e+02  1.329964096907e-03
    6850  1.370000000000e+02  1.371905920536e-03
    6900  1.380000000000e+02  1.405732674119e-03
    6950  1.390000000000e+02  1.430818158976e-03
    7000  1.400000000000e+02  1.446642272766e-03
    7050  1.410000000000e+02  1.452805371608e-03
    7100  1.420000000000e+02  1.449037045652e-03
    7150  1.430000000000e+02  1.435206348091e-03
    7200  1.440000000000e+02  1.411322626926e-03
    7250  1.450000000000e+02  1.377554803151e-03
    7300  1.460000000000e+02  1.334217914766e-03
    7350  1.470000000000e+02  1.281784779744e-03
    7400  1.480000000000e+02  1.220884368736e-03
    7450  1.490000000000e+02  1.152289699096e-03
    7500  1.500000000000e+02  1.076921149336e-03
    7550  1.510000000000e+02  9.958318761541e-04
    7600  1.520000000000e+02  9.101976971348e-04
    7650  1.530000000000e+02  8.213075357839e-04
    7700  1.540000000000e+02  7.305421125536e-04
    7750  1.550000000000e+02  6.393579972074e-04
    7800  1.560000000000e+02  5.492650727594e-04
    7850  1.570000000000e+02  4.618114665845e-04
    7900  1.580000000000e+02  3.785594373237e-04
    7950  1.590000000000e+02  3.010561361396e-04
    8000  1.600000000000e+02  2.308165732193e-04
    8050  1.610000000000e+02  1.692950220198e-04
    8100  1.620000000000e+02  1.178690502993e-04
    8150  1.630000000000e+02  7.781093577132e-05
    8200  1.640000000000e+02  5.026529896028e-05
    8250  1.650000000000e+02  3.623121280447e-05
    8300  1.660000000000e+02  3.654199090847e-05
    8350  1.670000000000e+02  5.184882401681e-05
    8400  1.680000000000e+02  8.260565895844e-05
    8450  1.690000000000e+02  1.290571995270e-04
    8500  1.700000000000e+02  1.912297944223e-04
    8550  1.710000000000e+02  2.689261170094e-04
    8600  1.720000000000e+02  3.617203608775e-04
    8650  1.730000000000e+02  4.689570747639e-04
    8700  1.740000000000e+02  5.897587905897e-04
    8750  1.750000000000e+02  7.230293710783e-04
    8800  1.760000000000e+02  8.674703506368e-04
    8850  1.770000000000e+02  1.021587905529e-03
    8900  1.780000000000e+02  1.183715470077e-03
    8950  1.790000000000e+02  1.352025374983e-03
    9000  1.800000000000e+02  1.524563963947e-03
    9050  1.810000000000e+02  1.699275025727e-03
    9100  1.820000000000e+02  1.874023080993e-03
    9150  1.830000000000e+02  2.046622725269e-03
    9200  1.840000000000e+02  2.214862867795e-03
    9250  1.850000000000e+02  2.376550595516e-03
    9300  1.860000000000e+02  2.529542381900e-03
    9350  1.870000000000e+02  2.671765964880e-03
    9400  1.880000000000e+02  2.801255147833e-03
    9450  1.890000000000e+02  2.916180336378e-03
    9500  1.900000000000e+02  3.014880373825e-03
    9550  1.910000000000e+02  3.095889494065e-03
    9600  1.920000000000e+02  3.157962647025e-03
    9650  1.930000000000e+02  3.200090172064e-03
    9700  1.940000000000e+02  3.221515957952e-03
    9750  1.950000000000e+02  3.221766472456e-03
    9800  1.960000000000e+02  3.200659200537e-03
    9850  1.970000000000e+02  3.158310381837e-03
    9900  1.980000000000e+02  3.095119930040e-03
    9950  1.990000000000e+02  3.011786006006e-03
   10000  2.000000000000e+02  2.909309248707e-03
   10050  2.010000000000e+02  2.788969749864e-03
   10100  2.020000000000e+02  2.652321579367e-03
   10150  2.030000000000e+02  2.501158941282e-03
   10200  2.040000000000e+02  2.337501924362e-03
   10250  2.050000000000e+02  2.163580391208e-03
   10300  2.060000000000e+02  1.981797487491e-03
   10350  2.070000000000e+02  1.794695546499e-03
   10400  2.080000000000e+02  1.604922195518e-03
   10450  2.090000000000e+02  1.415194588948e-03
   10500  2.100000000000e+02  1.228260257019e-03
   10550  2.110000000000e+02  1.046863228248e-03
   10600  2.120000000000e+02  8.737011890766e-04
   10650  2.130000000000e+02  7.113874290601e-04
   10700  2.140000000000e+02  5.624087987755e-04
   10750  2.150000000000e+02  4.290929386275e-04
   10800  2.160000000000e+02  3.135751176341e-04
   10850  2.170000000000e+02  2.177598063206e-04
   10900  2.180000000000e+02  1.432950655827e-04
   10950  2.190000000000e+02  9.154465405857e-05
   11000  2.200000000000e+02  6.356947389594e-05
   11050  2.210000000000e+02  6.010628779077e-05
   11100  2.220000000000e+02  8.155540775563e-05
   11150  2.230000000000e+02  1.279715008393e-04
   11200  2.240000000000e+02  1.990610824344e-04
   11250  2.250000000000e+02  2.941811115048e-04
   11300  2.260000000000e+02  4.123470623380e-04
   11350  2.270000000000e+02  5.522418499740e-04
   11400  2.280000000000e+02  7.122344869526e-04
   11450  2.290000000000e+02  8.904007866642e-04
   11500  2.300000000000e+02  1.084548449564e-03
   11550  2.310000000000e+02  1.292247177340e-03
   11600  2.320000000000e+02  1.510860420508e-03
   11650  2.330000000000e+02  1.737582903396e-03
   11700  2.340000000000e+02  1.969473287387e-03
   11750  2.350000000000e+02  2.203503221444e-03
   11800  2.360000000000e+02  2.436602053482e-03
   11850  2.370000000000e+02  2.665681781901e-03
   11900  2.380000000000e+02  2.887698200391e-03
   11950  2.390000000000e+02  3.099687946876e-03
   12000  2.400000000000e+02  3.298808501720e-03
   12050  2.410000000000e+02  3.482385788361e-03
   12100  2.420000000000e+02  3.647945316033e-03
   12150  2.430000000000e+02  3.793252085628e-03
   12200  2.440000000000e+02  3.916343640155e-03
   12250  2.450000000000e+02  4.015541609017e-03
   12300  2.460000000000e+02  4.089496964108e-03
   12350  2.470000000000e+02  4.137198062155e-03
   12400  2.480000000000e+02  4.157987308546e-03
   12450  2.490000000000e+02  4.151570225486e-03
   12500  2.500000000000e+02  4.118025580821e-03
   12550  2.510000000000e+02  4.057796506692e-03
   12600  2.520000000000e+02  3.971691925061e-03
   12650  2.530000000000e+02  3.860873112905e-03
   12700  2.540000000000e+02  3.726841395669e-03
   12750  2.550000000000e+02  3.571410787904e-03
   12800  2.560000000000e+02  3.396679123397e-03
   12850  2.570000000000e+02  3.205002756557e-03
   12900  2.580000000000e+02  2.998959299842e-03
   12950  2.590000000000e+02  2.781318058343e-03
   13000  2.600000000000e+02  2.554998038947e-03
   13050  2.610000000000e+02  2.323020005497e-03
   13100  2.620000000000e+02  2.088468454763e-03
   13150  2.630000000000e+02  1.854451740523e-03
   13200  2.640000000000e+02  1.624050432722e-03
   13250  2.650000000000e+02  1.400286299142e-03
   13300  2.660000000000e+02  1.186073930822e-03
   13350  2.670000000000e+02  9.841696534197e-04
   13400  2.680000000000e+02  7.971516650159e-04
   13450  2.690000000000e+02  6.273663992156e-04
   13500  2.700000000000e+02  4.769110561620e-04
   13550  2.710000000000e+02  3.476058348232e-04
   13600  2.720000000000e+02  2.409601655021e-04
   13650  2.730000000000e+02  1.581602153272e-04
   13700  2.740000000000e+02  1.000517917052e-04
   13750  2.750000000000e+02  6.713253830352e-05
   13800  2.760000000000e+02  5.954778094453e-05
   13850  2.770000000000e+02  7.708926695941e-05
   13900  2.780000000000e+02  1.192012137735e-04
   13950  2.790000000000e+02  1.849921124661e-04
   14000  2.800000000000e+02  2.732483875671e-04
   14050  2.810000000000e+02  3.824544060576e-04
   14100  2.820000000000e+02  5.108191623044e-04
   14150  2.830000000000e+02  6.562979438545e-04
   14200  2.840000000000e+02  8.166318809151e-04
   14250  2.850000000000e+02  9.893734755451e-04
   14300  2.860000000000e+02  1.171928687748e-03
   14350  2.870000000000e+02  1.361593533145e-03
   14400  2.880000000000e+02  1.555590727892e-03
   14450  2.890000000000e+02  1.751113964526e-03
   14500  2.900000000000e+02  1.945362376097e-03
   14550  2.910000000000e+02  2.135582381490e-03
   14600  2.920000000000e+02  2.319114388638e-03
   14650  2.930000000000e+02  2.493417590150e-03
   14700  2.940000000000e+02  2.656110523290e-03
   14750  2.950000000000e+02  2.804996981002e-03
   14800  2.960000000000e+02  2.938097299869e-03
   14850  2.970000000000e+02  3.053677692997e-03
   14900  2.980000000000e+02  3.150271039759e-03
   14950  2.990000000000e+02  3.226689313443e-03
   15000  3.000000000000e+02  3.282030556529e-03
   15050  3.010000000000e+02  3.315695986576e-03
   15100  3.020000000000e+02  3.327393690482e-03
   15150  3.030000000000e+02  3.317137099277e-03
   15200  3.040000000000e+02  3.285238392980e-03
   15250  3.050000000000e+02  3.232300633724e-03
   15300  3.060000000000e+02  3.159202802062e-03
   15350  3.070000000000e+02  3.067086521344e-03
   15400  3.080000000000e+02  2.957330336513e-03
   15450  3.090000000000e+02  2.831533823922e-03
   15500  3.100000000000e+02  2.691486374494e-03
   15550  3.110000000000e+02  2.539138325335e-03
   15600  3.120000000000e+02  2.376573589250e-03
   15650  3.130000000000e+02  2.205978641524e-03
   15700  3.140000000000e+02  2.029604908562e-03
   15750  3.150000000000e+02  1.849735895832e-03
   15800  3.160000000000e+02  1.668660369794e-03
   15850  3.170000000000e+02  1.488629769993e-03
   15900  3.180000000000e+02  1.311838205714e-03
   15950  3.190000000000e+02  1.140384582854e-03
   16000  3.200000000000e+02  9.762455821282e-04
   16050  3.210000000000e+02  8.212521289868e-04
   16100  3.220000000000e+02  6.770659144062e-04
   16150  3.230000000000e+02  5.451598338861e-04
   16200  3.240000000000e+02  4.268027321322e-04
   16250  3.250000000000e+02  3.230433238274e-04
   16300  3.260000000000e+02  2.347030174436e-04
   16350  3.270000000000e+02  1.623662345540e-04
   16400  3.280000000000e+02  1.063797964287e-04
   16450  3.290000000000e+02  6.685454506787e-05
   16500  3.300000000000e+02  4.366772088975e-05
   16550  3.310000000000e+02  3.647144246219e-05
   16600  3.320000000000e+02  4.470263153392e-05
   16650  3.330000000000e+02  6.759740031402e-05
   16700  3.340000000000e+02  1.042064385011e-04
   16750  3.350000000000e+02  1.534155934746e-04
   16800  3.360000000000e+02  2.139648432294e-04
   16850  3.370000000000e+02  2.844722525888e-04
   16900  3.380000000000e+02  3.634557436900e-04
   16950  3.390000000000e+02  4.493569481129e-04
   17000  3.400000000000e+02  5.405679197886e-04
   17050  3.410000000000e+02  6.354560213897e-04
   17100  3.420000000000e+02  7.323867119778e-04
   17150  3.430000000000e+02  8.297439168417e-04
   17200  3.440000000000e+02  9.259569920663e-04
   17250  3.450000000000e+02  1.019520080721e-03
   17300  3.460000000000e+02  1.109013641746e-03
   17350  3.470000000000e+02  1.193122397952e-03
   17400  3.480000000000e+02  1.270651269101e-03
   17450  3.490000000000e+02  1.340535004749e-03
   17500  3.500000000000e+02  1.401856075925e-03
   17550  3.510000000000e+02  1.453847594365e-03
   17600  3.520000000000e+02  1.495903530842e-03
   17650  3.530000000000e+02  1.527585365373e-03
   17700  3.540000000000e+02  1.548615525630e-03
   17750  3.550000000000e+02  1.558878098286e-03
   17800  3.560000000000e+02  1.558415440620e-03
   17850  3.570000000000e+02  1.547424492135e-03
   17900  3.580000000000e+02  1.526247548156e-03
   17950  3.590000000000e+02  1.495361070275e-03
   18000  3.600000000000e+02  1.455362940830e-03
   18050  3.610000000000e+02  1.406962195987e-03
   18100  3.620000000000e+02  1.350961005679e-03
   18150  3.630000000000e+02  1.288243943682e-03
   18200  3.640000000000e+02  1.219756279293e-03
   18250  3.650000000000e+02  1.146490057397e-03
   18300  3.660000000000e+02  1.069470918181e-03
   18350  3.670000000000e+02  9.897333239928e-04
   18400  3.680000000000e+02  9.083126732641e-04
   18450  3.690000000000e+02  8.262277686003e-04
   18500  3.700000000000e+02  7.444662184695e-04
   18550  3.710000000000e+02  6.639699188304e-04
   18600  3.720000000000e+02  5.856261166492e-04
   18650  3.730000000000e+02  5.102535684540e-04
   18700  3.740000000000e+02  4.385940971079e-04
   18750  3.750000000000e+02  3.713041332779e-04
   18800  3.760000000000e+02  3.089490460189e-04
   18850  3.770000000000e+02  2.519985602598e-04
   18900  3.780000000000e+02  2.008239619444e-04
   18950  3.790000000000e+02  1.556956222921e-04
   19000  3.800000000000e+02  1.167850013784e-04
   19050  3.810000000000e+02  8.416654647324e-05
   19100  3.820000000000e+02  5.782082698506e-05
   19150  3.830000000000e+02  3.763925819820e-05
   19200  3.840000000000e+02  2.342960864366e-05
   19250  3.850000000000e+02  1.492296839439e-05
   19300  3.860000000000e+02  1.178154624448e-05
   19350  3.870000000000e+02  1.360731268798e-05
   19400  3.880000000000e+02  1.995119633569e-05
   19450  3.890000000000e+02  3.032256571875e-05
   19500  3.900000000000e+02  4.419921653421e-05
   19550  3.910000000000e+02  6.103708134743e-05
   19600  3.920000000000e+02  8.028017718433e-05
   19650  3.930000000000e+02  1.013696200168e-04
   19700  3.940000000000e+02  1.237524356510e-04
   19750  3.950000000000e+02  1.468903770827e-04
   19800  3.960000000000e+02  1.702676716571e-04
   19850  3.970000000000e+02  1.933967154137e-04
   19900  3.980000000000e+02  2.158263584473e-04
   19950  3.990000000000e+02  2.371449917857e-04
   20000  4.000000000000e+02  2.569853177377e-04
   20050  4.010000000000e+02  2.750282236242e-04
   20100  4.020000000000e+02  2.910046368784e-04
   20150  4.030000000000e+02  3.046962217467e-04
   20200  4.040000000000e+02  3.159379075238e-04
   20250  4.050000000000e+02  3.246153762517e-04
   20300  4.060000000000e+02  3.306644407994e-04
   20350  4.070000000000e+02  3.340696821189e-04
   20400  4.080000000000e+02  3.348601986482e-04
   20450  4.090000000000e+02  3.331086043487e-04
   20500  4.100000000000e+02  3.289259562813e-04
   20550  4.110000000000e+02  3.224558925313e-04
   20600  4.120000000000e+02  3.138739376099e-04
   20650  4.130000000000e+02  3.033777400279e-04
   20700  4.140000000000e+02  2.911853332086e-04
   20750  4.150000000000e+02  2.775291237833e-04
   20800  4.160000000000e+02  2.626520126217e-04
   20850  4.170000000000e+02  2.468007913154e-04
   20900  4.180000000000e+02  2.302213300565e-04
   20950  4.190000000000e+02  2.131575472422e-04
   21000  4.200000000000e+02  1.958441020637e-04
   21050  4.210000000000e+02  1.785050430861e-04
   21100  4.220000000000e+02  1.613501422292e-04
   21150  4.230000000000e+02  1.445707039331e-04
   21200  4.240000000000e+02  1.283395825574e-04
   21250  4.250000000000e+02  1.128077641769e-04
   21300  4.260000000000e+02  9.810541602583e-05
   21350  4.270000000000e+02  8.434001141889e-05
   21400  4.280000000000e+02  7.159595679437e-05
   21450  4.290000000000e+02  5.993430075546e-05
   21500  4.300000000000e+02  4.939375684679e-05
   21550  4.310000000000e+02  3.999323296885e-05
   21600  4.320000000000e+02  3.173174722700e-05
   21650  4.330000000000e+02  2.459017409878e-05
   21700  4.340000000000e+02  1.853284831124e-05
   21750  4.350000000000e+02  1.350992695173e-05
   21800  4.360000000000e+02  9.459754694081e-06
   21850  4.370000000000e+02  6.311242187335e-06
   21900  4.380000000000e+02  3.985492792326e-06
   21950  4.390000000000e+02  2.397888965618e-06
   22000  4.400000000000e+02  1.460273162397e-06
   22050  4.410000000000e+02  1.082990894297e-06
   22100  4.420000000000e+02  1.176605153190e-06
   22150  4.430000000000e+02  1.653567660659e-06
   22200  4.440000000000e+02  2.429734403078e-06
   22250  4.450000000000e+02  3.425797577630e-06
   22300  4.460000000000e+02  4.568262831857e-06
   22350  4.470000000000e+02  5.790566717415e-06
   22400  4.480000000000e+02  7.033470467960e-06
   22450  4.490000000000e+02  8.245383319498e-06
   22500  4.500000000000e+02  9.383200127958e-06
   22550  4.510000000000e+02  1.041155773569e-05
   22600  4.520000000000e+02  1.130302334433e-05
   22650  4.530000000000e+02  1.203758627711e-05
   22700  4.540000000000e+02  1.260251955888e-05
   22750  4.550000000000e+02  1.299183425914e-05
   22800  4.560000000000e+02  1.320524894677e-05
   22850  4.570000000000e+02  1.324759690805e-05
   22900  4.580000000000e+02  1.312802280781e-05
   22950  4.590000000000e+02  1.285964162254e-05
   23000  4.600000000000e+02  1.245798700620e-05
   23050  4.610000000000e+02  1.194068269252e-05
   23100  4.620000000000e+02  1.132662486464e-05
   23150  4.630000000000e+02  1.063525998141e-05
   23200  4.640000000000e+02  9.886114302166e-06
   23250  4.650000000000e+02  9.098152121606e-06
   23300  4.660000000000e+02  8.289762628337e-06
   23350  4.670000000000e+02  7.477392172564e-06
   23400  4.680000000000e+02  6.676095841915e-06
   23450  4.690000000000e+02  5.898894908478e-06
   23500  4.700000000000e+02  5.157156418960e-06
   23550  4.710000000000e+02  4.459804031846e-06
   23600  4.720000000000e+02  3.813600253734e-06
   23650  4.730000000000e+02  3.223284051619e-06
   23700  4.740000000000e+02  2.691473762320e-06
   23750  4.750000000000e+02  2.219178541166e-06
   23800  4.760000000000e+02  1.805781263235e-06
   23850  4.770000000000e+02  1.449261761800e-06
   23900  4.780000000000e+02  1.146462039379e-06
   23950  4.790000000000e+02  8.933713141271e-07
   24000  4.800000000000e+02  6.854142443613e-07
   24050  4.810000000000e+02  5.176338875382e-07
   24100  4.820000000000e+02  3.849390061011e-07
   24150  4.830000000000e+02  2.822023789303e-07
   24200  4.840000000000e+02  2.045701568698e-07
   24250  4.850000000000e+02  1.474537415572e-07
   24300  4.860000000000e+02  1.066866626293e-07
   24350  4.870000000000e+02  7.861493285521e-08
   24400  4.880000000000e+02  6.006542951909e-08
   24450  4.890000000000e+02  4.841354490914e-08
   24500  4.900000000000e+02  4.153429689069e-08
   24550  4.910000000000e+02  3.777457684845e-08
   24600  4.920000000000e+02  3.592476289366e-08
   24650  4.930000000000e+02  3.514160946960e-08
   24700  4.940000000000e+02  3.487358138377e-08
   24750  4.950000000000e+02  3.480516563154e-08
   24800  4.960000000000e+02  3.478614506863e-08
   24850  4.970000000000e+02  3.476788147661e-08
   24900  4.980000000000e+02  3.475217361104e-08
   24950  4.990000000000e+02  3.474652334606e-08
   25000  5.000000000000e+02  3.475471052616e-08
   25050  5.010000000000e+02  3.477402674840e-08
   25100  5.020000000000e+02  3.480627633334e-08
   25150  5.030000000000e+02  3.484446569474e-08
   25200  5.040000000000e+02  3.488011977165e-08
   25250  5.050000000000e+02  3.490989870097e-08
   25300  5.060000000000e+02  3.493571578556e-08
   25350  5.070000000000e+02  3.495699020528e-08
   25400  5.080000000000e+02  3.496418203575e-08
   25450  5.090000000000e+02  3.495905069595e-08
   25500  5.100000000000e+02  3.494789229536e-08
   25550  5.110000000000e+02  3.493537029109e-08
   25600  5.120000000000e+02  3.492130955934e-08
   25650  5.130000000000e+02  3.490263004308e-08
   25700  5.140000000000e+02  3.488537072410e-08
   25750  5.150000000000e+02  3.487174427691e-08
   25800  5.160000000000e+02  3.486078817283e-08
   25850  5.170000000000e+02  3.484854077529e-08
   25900  5.180000000000e+02  3.483577509789e-08
   25950  5.190000000000e+02  3.482799012383e-08
   26000  5.200000000000e+02  3.482258544019e-08
   26050  5.210000000000e+02  3.481902162428e-08
   26100  5.220000000000e+02  3.481557509649e-08
   26150  5.230000000000e+02  3.481591717008e-08
   26200  5.240000000000e+02  3.481897566104e-08
   26250  5.250000000000e+02  3.482356098622e-08
   26300  5.260000000000e+02  3.482960704571e-08
   26350  5.270000000000e+02  3.483545576305e-08
   26400  5.280000000000e+02  3.484090628503e-08
   26450  5.290000000000e+02  3.484296721284e-08
   26500  5.300000000000e+02  3.484235366891e-08
   26550  5.310000000000e+02  3.483926058062e-08
   26600  5.320000000000e+02  3.483842066221e-08
   26650  5.330000000000e+02  3.483922391551e-08
   26700  5.340000000000e+02  3.483698511608e-08
   26750  5.350000000000e+02  3.483203128013e-08
   26800  5.360000000000e+02  3.482568999846e-08
   26850  5.370000000000e+02  3.482355655920e-08
   26900  5.380000000000e+02  3.482462663379e-08
   26950  5.390000000000e+02  3.482976184549e-08
   27000  5.400000000000e+02  3.483826912370e-08
   27050  5.410000000000e+02  3.484633752382e-08
   27100  5.420000000000e+02  3.484827205968e-08
   27150  5.430000000000e+02  3.484626712874e-08
   27200  5.440000000000e+02  3.484937724507e-08
   27250  5.450000000000e+02  3.485872678011e-08
   27300  5.460000000000e+02  3.487246738598e-08
   27350  5.470000000000e+02  3.487670151986e-08
   27400  5.480000000000e+02  3.487249371215e-08
   27450  5.490000000000e+02  3.486581591494e-08
   27500  5.500000000000e+02  3.485965831274e-08
   27550  5.510000000000e+02  3.485900651468e-08
   27600  5.520000000000e+02  3.485994183594e-08
   27650  5.530000000000e+02  3.485748539811e-08
   27700  5.540000000000e+02  3.485040826062e-08
   27750  5.550000000000e+02  3.483574571167e-08
   27800  5.560000000000e+02  3.482021782020e-08
   27850  5.570000000000e+02  3.481086037482e-08
   27900  5.580000000000e+02  3.480880450546e-08
   27950  5.590000000000e+02  3.480818013685e-08
   28000  5.600000000000e+02  3.480230113123e-08
   28050  5.610000000000e+02  3.479444826010e-08
   28100  5.620000000000e+02  3.478996746242e-08
   28150  5.630000000000e+02  3.479195769679e-08
   28200  5.640000000000e+02  3.479626375924e-08
   28250  5.650000000000e+02  3.480324616695e-08
   28300  5.660000000000e+02  3.481479562278e-08
   28350  5.670000000000e+02  3.482709746983e-08
   28400  5.680000000000e+02  3.483541783506e-08
   28450  5.690000000000e+02  3.483909440799e-08
   28500  5.700000000000e+02  3.484454346586e-08
   28550  5.710000000000e+02  3.485262110164e-08
   28600  5.720000000000e+02  3.486064320546e-08
   28650  5.730000000000e+02  3.486304304967e-08
   28700  5.740000000000e+02  3.486275282349e-08
   28750  5.750000000000e+02  3.486199120356e-08
   28800  5.760000000000e+02  3.485830563088e-08
   28850  5.770000000000e+02  3.485551999111e-08
   28900  5.780000000000e+02  3.485215951254e-08
   28950  5.790000000000e+02  3.485363371525e-08
   29000  5.800000000000e+02  3.485408971854e-08
   29050  5.810000000000e+02  3.485296910105e-08
   29100  5.820000000000e+02  3.485039620776e-08
   29150  5.830000000000e+02  3.484770998152e-08
   29200  5.840000000000e+02  3.484771276402e-08
   29250  5.850000000000e+02  3.484534672610e-08
   29300  5.860000000000e+02  3.484309441665e-08
   29350  5.870000000000e+02  3.483905725715e-08
   29400  5.880000000000e+02  3.483589358644e-08
   29450  5.890000000000e+02  3.483043373859e-08
   29500  5.900000000000e+02  3.482032376323e-08
   29550  5.910000000000e+02  3.481026365770e-08
   29600  5.920000000000e+02  3.480271353745e-08
   29650  5.930000000000e+02  3.479657027100e-08
   29700  5.940000000000e+02  3.478868708384e-08
   29750  5.950000000000e+02  3.478145765151e-08
   29800  5.960000000000e+02  3.477603142260e-08
   29850  5.970000000000e+02  3.477220430342e-08
   29900  5.980000000000e+02  3.476758707321e-08
   29950  5.990000000000e+02  3.476564591071e-08
   30000  6.000000000000e+02  3.477058754808e-08
