################################################################################
# HEADER
# nspin         1
#%
# nik       186
#  st         1      26
# ust         1      26
# Iter             t            #  iter t Nex(t)  
################################################################################
       0  0.000000000000e+00 -1.090794121694e-14
      50  2.500000000000e+00  3.784070973234e-10
     100  5.000000000000e+00  1.936449278706e-08
     150  7.500000000000e+00  1.686809644186e-07
     200  1.000000000000e+01  7.526742999628e-07
     250  1.250000000000e+01  2.382479832232e-06
     300  1.500000000000e+01  6.034404828624e-06
     350  1.750000000000e+01  1.295956280745e-05
     400  2.000000000000e+01  2.451039608755e-05
     450  2.250000000000e+01  4.186561059503e-05
     500  2.500000000000e+01  6.557194424296e-05
     550  2.750000000000e+01  9.506854461968e-05
     600  3.000000000000e+01  1.284281033982e-04
     650  3.250000000000e+01  1.622879512953e-04
     700  3.500000000000e+01  1.920068485898e-04
     750  3.750000000000e+01  2.122572107994e-04
     800  4.000000000000e+01  2.179699286093e-04
     850  4.250000000000e+01  2.055873785733e-04
     900  4.500000000000e+01  1.744598327579e-04
     950  4.750000000000e+01  1.282546131199e-04
    1000  5.000000000000e+01  7.611726948224e-05
    1050  5.250000000000e+01  3.339165423775e-05
    1100  5.500000000000e+01  2.137242985057e-05
    1150  5.750000000000e+01  6.605476730118e-05
    1200  6.000000000000e+01  1.956076649866e-04
    1250  6.250000000000e+01  4.369959193491e-04
    1300  6.500000000000e+01  8.119233330085e-04
    1350  6.750000000000e+01  1.332432017602e-03
    1400  7.000000000000e+01  1.996846165203e-03
    1450  7.250000000000e+01  2.786577266758e-03
    1500  7.500000000000e+01  3.664659432279e-03
    1550  7.750000000000e+01  4.576186318630e-03
    1600  8.000000000000e+01  5.451199819102e-03
    1650  8.250000000000e+01  6.210320268296e-03
    1700  8.500000000000e+01  6.772198445250e-03
    1750  8.750000000000e+01  7.064374662137e-03
    1800  9.000000000000e+01  7.034400106250e-03
    1850  9.250000000000e+01  6.657542564828e-03
    1900  9.500000000000e+01  5.942722475378e-03
    1950  9.750000000000e+01  4.942048260487e-03
    2000  1.000000000000e+02  3.752293331990e-03
    2050  1.025000000000e+02  2.511114479199e-03
    2100  1.050000000000e+02  1.388471821841e-03
    2150  1.075000000000e+02  5.728226867987e-04
    2200  1.100000000000e+02  2.538550005524e-04
    2250  1.125000000000e+02  6.024254029373e-04
    2300  1.150000000000e+02  1.748941613112e-03
    2350  1.175000000000e+02  3.764165761867e-03
    2400  1.200000000000e+02  6.643296799576e-03
    2450  1.225000000000e+02  1.029645155068e-02
    2500  1.250000000000e+02  1.454784900934e-02
    2550  1.275000000000e+02  1.914248658847e-02
    2600  1.300000000000e+02  2.376290582546e-02
    2650  1.325000000000e+02  2.805425176400e-02
    2700  1.350000000000e+02  3.165398749698e-02
    2750  1.375000000000e+02  3.422799795652e-02
    2800  1.400000000000e+02  3.550648332291e-02
    2850  1.425000000000e+02  3.532136043841e-02
    2900  1.450000000000e+02  3.362175532593e-02
    2950  1.475000000000e+02  3.049466661471e-02
    3000  1.500000000000e+02  2.616631262073e-02
    3050  1.525000000000e+02  2.099715070774e-02
    3100  1.550000000000e+02  1.546261311760e-02
    3150  1.575000000000e+02  1.011423822289e-02
    3200  1.600000000000e+02  5.536200646041e-03
    3250  1.625000000000e+02  2.293104040218e-03
    3300  1.650000000000e+02  8.705840307592e-04
    3350  1.675000000000e+02  1.623204034302e-03
    3400  1.700000000000e+02  4.730251446782e-03
    3450  1.725000000000e+02  1.016552577853e-02
    3500  1.750000000000e+02  1.768703825038e-02
    3550  1.775000000000e+02  2.684426529356e-02
    3600  1.800000000000e+02  3.701109595874e-02
    3650  1.825000000000e+02  4.743727951618e-02
    3700  1.850000000000e+02  5.730769191557e-02
    3750  1.875000000000e+02  6.581844446977e-02
    3800  1.900000000000e+02  7.224885161551e-02
    3850  1.925000000000e+02  7.602191346467e-02
    3900  1.950000000000e+02  7.676573950016e-02
    3950  1.975000000000e+02  7.436057197678e-02
    4000  2.000000000000e+02  6.894032761498e-02
    4050  2.025000000000e+02  6.090466388324e-02
    4100  2.050000000000e+02  5.090283031314e-02
    4150  2.075000000000e+02  3.977705286053e-02
    4200  2.100000000000e+02  2.850462622527e-02
    4250  2.125000000000e+02  1.811912869285e-02
    4300  2.150000000000e+02  9.613526947168e-03
    4350  2.175000000000e+02  3.852816314545e-03
    4400  2.200000000000e+02  1.486830245039e-03
    4450  2.225000000000e+02  2.876531266162e-03
    4500  2.250000000000e+02  8.052988197435e-03
    4550  2.275000000000e+02  1.670290198174e-02
    4600  2.300000000000e+02  2.819551039467e-02
    4650  2.325000000000e+02  4.163949601876e-02
    4700  2.350000000000e+02  5.595819360314e-02
    4750  2.375000000000e+02  6.999543572381e-02
    4800  2.400000000000e+02  8.261666514687e-02
    4850  2.425000000000e+02  9.279762847297e-02
    4900  2.450000000000e+02  9.972084455003e-02
    4950  2.475000000000e+02  1.028359006059e-01
    5000  2.500000000000e+02  1.018973338664e-01
    5050  2.525000000000e+02  9.698655855655e-02
    5100  2.550000000000e+02  8.849932994599e-02
    5150  2.575000000000e+02  7.710595263472e-02
    5200  2.600000000000e+02  6.371862334189e-02
    5250  2.625000000000e+02  4.941650925751e-02
    5300  2.650000000000e+02  3.534721992157e-02
    5350  2.675000000000e+02  2.264521805818e-02
    5400  2.700000000000e+02  1.232878879996e-02
    5450  2.725000000000e+02  5.198169226842e-03
    5500  2.750000000000e+02  1.768748608386e-03
    5550  2.775000000000e+02  2.217984929240e-03
    5600  2.800000000000e+02  6.369664525180e-03
    5650  2.825000000000e+02  1.371792992337e-02
    5700  2.850000000000e+02  2.347959970234e-02
    5750  2.875000000000e+02  3.468534253150e-02
    5800  2.900000000000e+02  4.627486720687e-02
    5850  2.925000000000e+02  5.719373763980e-02
    5900  2.950000000000e+02  6.649959176487e-02
    5950  2.975000000000e+02  7.342896789143e-02
    6000  3.000000000000e+02  7.744515559538e-02
    6050  3.025000000000e+02  7.828553202170e-02
    6100  3.050000000000e+02  7.595907611324e-02
    6150  3.075000000000e+02  7.071919855779e-02
    6200  3.100000000000e+02  6.304823883932e-02
    6250  3.125000000000e+02  5.360429796537e-02
    6300  3.150000000000e+02  4.315377664479e-02
    6350  3.175000000000e+02  3.252519258101e-02
    6400  3.200000000000e+02  2.253251780857e-02
    6450  3.225000000000e+02  1.390242677992e-02
    6500  3.250000000000e+02  7.226297774651e-03
    6550  3.275000000000e+02  2.904624183482e-03
    6600  3.300000000000e+02  1.114071582103e-03
    6650  3.325000000000e+02  1.802830093268e-03
    6700  3.350000000000e+02  4.700098731421e-03
    6750  3.375000000000e+02  9.355737323320e-03
    6800  3.400000000000e+02  1.519083945644e-02
    6850  3.425000000000e+02  2.155917390962e-02
    6900  3.450000000000e+02  2.782146799961e-02
    6950  3.475000000000e+02  3.339634172890e-02
    7000  3.500000000000e+02  3.780720612893e-02
    7050  3.525000000000e+02  4.072651414238e-02
    7100  3.550000000000e+02  4.197921025536e-02
    7150  3.575000000000e+02  4.154256938850e-02
    7200  3.600000000000e+02  3.954114699907e-02
    7250  3.625000000000e+02  3.620919346888e-02
    7300  3.650000000000e+02  3.185878105820e-02
    7350  3.675000000000e+02  2.686253421075e-02
    7400  3.700000000000e+02  2.160565812373e-02
    7450  3.725000000000e+02  1.645181915982e-02
    7500  3.750000000000e+02  1.172755690399e-02
    7550  3.775000000000e+02  7.688625844492e-03
    7600  3.800000000000e+02  4.503646518050e-03
    7650  3.825000000000e+02  2.255261388661e-03
    7700  3.850000000000e+02  9.348491137032e-04
    7750  3.875000000000e+02  4.537881798279e-04
    7800  3.900000000000e+02  6.639559302879e-04
    7850  3.925000000000e+02  1.377220872182e-03
    7900  3.950000000000e+02  2.392142415807e-03
    7950  3.975000000000e+02  3.513496667480e-03
    8000  4.000000000000e+02  4.570106527409e-03
    8050  4.025000000000e+02  5.431647909443e-03
    8100  4.050000000000e+02  6.008481353493e-03
    8150  4.075000000000e+02  6.254379080513e-03
    8200  4.100000000000e+02  6.169305522166e-03
    8250  4.125000000000e+02  5.784829343471e-03
    8300  4.150000000000e+02  5.157695874528e-03
    8350  4.175000000000e+02  4.366885102254e-03
    8400  4.200000000000e+02  3.496072421364e-03
    8450  4.225000000000e+02  2.626884664803e-03
    8500  4.250000000000e+02  1.835184295598e-03
    8550  4.275000000000e+02  1.177335263804e-03
    8600  4.300000000000e+02  6.873958364525e-04
    8650  4.325000000000e+02  3.780408460824e-04
    8700  4.350000000000e+02  2.385000650622e-04
    8750  4.375000000000e+02  2.409560429999e-04
    8800  4.400000000000e+02  3.470450242979e-04
    8850  4.425000000000e+02  5.142237030307e-04
    8900  4.450000000000e+02  7.037505716920e-04
    8950  4.475000000000e+02  8.831099728490e-04
    9000  4.500000000000e+02  1.030306775450e-03
    9050  4.525000000000e+02  1.135617289628e-03
    9100  4.550000000000e+02  1.196015895205e-03
    9150  4.575000000000e+02  1.215376121002e-03
    9200  4.600000000000e+02  1.202759901426e-03
    9250  4.625000000000e+02  1.165336202591e-03
    9300  4.650000000000e+02  1.110170364336e-03
    9350  4.675000000000e+02  1.044960322967e-03
    9400  4.700000000000e+02  9.734269924320e-04
    9450  4.725000000000e+02  8.985076040347e-04
    9500  4.750000000000e+02  8.242068430022e-04
    9550  4.775000000000e+02  7.516602106793e-04
    9600  4.800000000000e+02  6.822725636266e-04
    9650  4.825000000000e+02  6.194437057653e-04
    9700  4.850000000000e+02  5.646823849237e-04
    9750  4.875000000000e+02  5.194070156449e-04
    9800  4.900000000000e+02  4.859521040291e-04
    9850  4.925000000000e+02  4.641074178746e-04
    9900  4.950000000000e+02  4.527603241091e-04
    9950  4.975000000000e+02  4.515595908881e-04
   10000  5.000000000000e+02  4.583403295683e-04
   10050  5.025000000000e+02  4.710751149620e-04
   10100  5.050000000000e+02  4.907267984391e-04
   10150  5.075000000000e+02  5.152902911357e-04
   10200  5.100000000000e+02  5.412357048062e-04
   10250  5.125000000000e+02  5.661399190841e-04
   10300  5.150000000000e+02  5.859537735595e-04
   10350  5.175000000000e+02  5.966567690833e-04
   10400  5.200000000000e+02  5.984429680145e-04
   10450  5.225000000000e+02  5.921228840611e-04
   10500  5.250000000000e+02  5.791953384784e-04
   10550  5.275000000000e+02  5.640911963670e-04
   10600  5.300000000000e+02  5.499147407935e-04
   10650  5.325000000000e+02  5.384131859863e-04
   10700  5.350000000000e+02  5.328198002467e-04
   10750  5.375000000000e+02  5.346066375339e-04
   10800  5.400000000000e+02  5.435218624152e-04
   10850  5.425000000000e+02  5.603338347391e-04
   10900  5.450000000000e+02  5.835562643646e-04
   10950  5.475000000000e+02  6.092016221853e-04
   11000  5.500000000000e+02  6.346552067891e-04
   11050  5.525000000000e+02  6.564230877484e-04
   11100  5.550000000000e+02  6.703301567544e-04
   11150  5.575000000000e+02  6.761809036510e-04
   11200  5.600000000000e+02  6.744389763657e-04
   11250  5.625000000000e+02  6.653400156619e-04
   11300  5.650000000000e+02  6.526937668657e-04
   11350  5.675000000000e+02  6.399991179872e-04
   11400  5.700000000000e+02  6.289814622176e-04
   11450  5.725000000000e+02  6.231683334640e-04
   11500  5.750000000000e+02  6.243902867236e-04
   11550  5.775000000000e+02  6.315495599114e-04
   11600  5.800000000000e+02  6.445890671327e-04
   11650  5.825000000000e+02  6.620772301302e-04
   11700  5.850000000000e+02  6.801049376307e-04
   11750  5.875000000000e+02  6.970757683265e-04
   11800  5.900000000000e+02  7.115868998055e-04
   11850  5.925000000000e+02  7.207553281754e-04
   11900  5.950000000000e+02  7.249232849800e-04
   11950  5.975000000000e+02  7.252091962994e-04
   12000  6.000000000000e+02  7.212505982830e-04
   12050  6.025000000000e+02  7.157438878018e-04
   12100  6.050000000000e+02  7.115572691766e-04
   12150  6.075000000000e+02  7.090355460001e-04
   12200  6.100000000000e+02  7.102064439632e-04
   12250  6.125000000000e+02  7.164898213484e-04
   12300  6.150000000000e+02  7.261156026210e-04
   12350  6.175000000000e+02  7.388244460643e-04
   12400  6.200000000000e+02  7.542718447998e-04
   12450  6.225000000000e+02  7.692930356044e-04
   12500  6.250000000000e+02  7.828146564765e-04
   12550  6.275000000000e+02  7.944713560201e-04
   12600  6.300000000000e+02  8.014863469445e-04
   12650  6.325000000000e+02  8.038153337658e-04
   12700  6.350000000000e+02  8.029629217685e-04
   12750  6.375000000000e+02  7.984850794034e-04
   12800  6.400000000000e+02  7.927490028522e-04
   12850  6.425000000000e+02  7.892578276226e-04
   12900  6.450000000000e+02  7.884802531629e-04
   12950  6.475000000000e+02  7.920461195273e-04
   13000  6.500000000000e+02  8.016206584970e-04
   13050  6.525000000000e+02  8.150731344496e-04
   13100  6.550000000000e+02  8.311882389941e-04
   13150  6.575000000000e+02  8.494248168739e-04
   13200  6.600000000000e+02  8.660429244431e-04
   13250  6.625000000000e+02  8.790377039278e-04
   13300  6.650000000000e+02  8.883556226350e-04
   13350  6.675000000000e+02  8.916638109699e-04
   13400  6.700000000000e+02  8.892531247940e-04
   13450  6.725000000000e+02  8.840130594988e-04
   13500  6.750000000000e+02  8.764250332149e-04
   13550  6.775000000000e+02  8.686863119041e-04
   13600  6.800000000000e+02  8.643891062097e-04
   13650  6.825000000000e+02  8.633864874792e-04
   13700  6.850000000000e+02  8.660320800875e-04
   13750  6.875000000000e+02  8.738474107969e-04
   13800  6.900000000000e+02  8.849994244676e-04
   13850  6.925000000000e+02  8.985532740347e-04
   13900  6.950000000000e+02  9.155449799369e-04
   13950  6.975000000000e+02  9.337490237003e-04
   14000  7.000000000000e+02  9.514386280040e-04
