################################################################################
# HEADER
# nspin         1
#%
# nik       217
#  st         1      26
# ust         1      26
# Iter             t            #  iter t Nex(t)  
################################################################################
       0  0.000000000000e+00 -2.560451850542e-15
      50  1.000000000000e+00  1.160585932913e-10
     100  2.000000000000e+00  1.855478548585e-10
     150  3.000000000000e+00  2.134093110562e-10
     200  4.000000000000e+00  1.733489879419e-10
     250  5.000000000000e+00  1.066738919420e-10
     300  6.000000000000e+00  1.248679631916e-10
     350  7.000000000000e+00  1.958121026435e-10
     400  8.000000000000e+00  3.425149955327e-10
     450  9.000000000000e+00  5.200449376686e-10
     500  1.000000000000e+01  8.224837963478e-10
     550  1.100000000000e+01  1.335294833038e-09
     600  1.200000000000e+01  2.209576140111e-09
     650  1.300000000000e+01  3.589267230653e-09
     700  1.400000000000e+01  5.627319485391e-09
     750  1.500000000000e+01  8.536633948342e-09
     800  1.600000000000e+01  1.259477839383e-08
     850  1.700000000000e+01  1.814786115828e-08
     900  1.800000000000e+01  2.562360550129e-08
     950  1.900000000000e+01  3.554917973880e-08
    1000  2.000000000000e+01  4.845837024703e-08
    1050  2.100000000000e+01  6.497451614240e-08
    1100  2.200000000000e+01  8.591836547084e-08
    1150  2.300000000000e+01  1.121703096449e-07
    1200  2.400000000000e+01  1.447277740291e-07
    1250  2.500000000000e+01  1.847967622814e-07
    1300  2.600000000000e+01  2.335794637501e-07
    1350  2.700000000000e+01  2.924513302291e-07
    1400  2.800000000000e+01  3.630178976241e-07
    1450  2.900000000000e+01  4.470569710327e-07
    1500  3.000000000000e+01  5.465702394777e-07
    1550  3.100000000000e+01  6.636757839892e-07
    1600  3.200000000000e+01  8.006990621853e-07
    1650  3.300000000000e+01  9.602126441535e-07
    1700  3.400000000000e+01  1.144840115909e-06
    1750  3.500000000000e+01  1.357635589491e-06
    1800  3.600000000000e+01  1.601912905207e-06
    1850  3.700000000000e+01  1.881048728447e-06
    1900  3.800000000000e+01  2.198635123213e-06
    1950  3.900000000000e+01  2.558646867268e-06
    2000  4.000000000000e+01  2.965256021913e-06
    2050  4.100000000000e+01  3.422877899339e-06
    2100  4.200000000000e+01  3.936076290401e-06
    2150  4.300000000000e+01  4.510290914750e-06
    2200  4.400000000000e+01  5.150861869675e-06
    2250  4.500000000000e+01  5.863312534743e-06
    2300  4.600000000000e+01  6.653471526855e-06
    2350  4.700000000000e+01  7.527432132004e-06
    2400  4.800000000000e+01  8.491924522784e-06
    2450  4.900000000000e+01  9.553992500876e-06
    2500  5.000000000000e+01  1.072060792860e-05
    2550  5.100000000000e+01  1.199899590029e-05
    2600  5.200000000000e+01  1.339697344615e-05
    2650  5.300000000000e+01  1.492219194660e-05
    2700  5.400000000000e+01  1.658361511828e-05
    2750  5.500000000000e+01  1.838961684001e-05
    2800  5.600000000000e+01  2.034881679966e-05
    2850  5.700000000000e+01  2.247078085118e-05
    2900  5.800000000000e+01  2.476408301010e-05
    2950  5.900000000000e+01  2.723902800542e-05
    3000  6.000000000000e+01  2.990565329948e-05
    3050  6.100000000000e+01  3.277398762577e-05
    3100  6.200000000000e+01  3.585457546783e-05
    3150  6.300000000000e+01  3.915801627529e-05
    3200  6.400000000000e+01  4.269473499147e-05
    3250  6.500000000000e+01  4.647589238217e-05
    3300  6.600000000000e+01  5.051341565822e-05
    3350  6.700000000000e+01  5.481862802491e-05
    3400  6.800000000000e+01  5.940265648147e-05
    3450  6.900000000000e+01  6.427682542043e-05
    3500  7.000000000000e+01  6.945295309163e-05
    3550  7.100000000000e+01  7.494400288397e-05
    3600  7.200000000000e+01  8.076132229055e-05
    3650  7.300000000000e+01  8.691713759094e-05
    3700  7.400000000000e+01  9.342237468309e-05
    3750  7.500000000000e+01  1.002887748304e-04
    3800  7.600000000000e+01  1.075295168521e-04
    3850  7.700000000000e+01  1.151572131292e-04
    3900  7.800000000000e+01  1.231830192570e-04
    3950  7.900000000000e+01  1.316176602118e-04
    4000  8.000000000000e+01  1.404714924680e-04
    4050  8.100000000000e+01  1.497574174734e-04
    4100  8.200000000000e+01  1.594876825200e-04
    4150  8.300000000000e+01  1.696720617925e-04
    4200  8.400000000000e+01  1.803212352043e-04
    4250  8.500000000000e+01  1.914439328392e-04
    4300  8.600000000000e+01  2.030522744111e-04
    4350  8.700000000000e+01  2.151575853075e-04
    4400  8.800000000000e+01  2.277677299582e-04
    4450  8.900000000000e+01  2.408920640712e-04
    4500  9.000000000000e+01  2.545366572242e-04
    4550  9.100000000000e+01  2.687110650447e-04
    4600  9.200000000000e+01  2.834243197033e-04
    4650  9.300000000000e+01  2.986822212340e-04
    4700  9.400000000000e+01  3.144897336374e-04
    4750  9.500000000000e+01  3.308518086087e-04
    4800  9.600000000000e+01  3.477759810092e-04
    4850  9.700000000000e+01  3.652669338402e-04
    4900  9.800000000000e+01  3.833284429724e-04
    4950  9.900000000000e+01  4.019612058860e-04
    5000  1.000000000000e+02  4.211662359927e-04
    5050  1.010000000000e+02  4.409489504555e-04
    5100  1.020000000000e+02  4.613106702494e-04
    5150  1.030000000000e+02  4.822494287506e-04
    5200  1.040000000000e+02  5.037605779423e-04
    5250  1.050000000000e+02  5.258426600954e-04
    5300  1.060000000000e+02  5.484939124736e-04
    5350  1.070000000000e+02  5.717137386095e-04
    5400  1.080000000000e+02  5.954953399587e-04
    5450  1.090000000000e+02  6.198303611478e-04
    5500  1.100000000000e+02  6.447104138823e-04
    5550  1.110000000000e+02  6.701299719572e-04
    5600  1.120000000000e+02  6.960803290679e-04
    5650  1.130000000000e+02  7.225521982754e-04
    5700  1.140000000000e+02  7.495318576511e-04
    5750  1.150000000000e+02  7.770038218546e-04
    5800  1.160000000000e+02  8.049565996421e-04
    5850  1.170000000000e+02  8.333773369630e-04
    5900  1.180000000000e+02  8.622505389337e-04
    5950  1.190000000000e+02  8.915560002708e-04
    6000  1.200000000000e+02  9.212732801920e-04
    6050  1.210000000000e+02  9.513853295459e-04
    6100  1.220000000000e+02  9.818732722366e-04
    6150  1.230000000000e+02  1.012714479172e-03
    6200  1.240000000000e+02  1.043881437733e-03
    6250  1.250000000000e+02  1.075350564966e-03
    6300  1.260000000000e+02  1.107098579314e-03
    6350  1.270000000000e+02  1.139099144565e-03
    6400  1.280000000000e+02  1.171325281259e-03
    6450  1.290000000000e+02  1.203742679635e-03
    6500  1.300000000000e+02  1.236323017948e-03
    6550  1.310000000000e+02  1.269035673908e-03
    6600  1.320000000000e+02  1.301849937322e-03
    6650  1.330000000000e+02  1.334732602433e-03
    6700  1.340000000000e+02  1.367646896366e-03
    6750  1.350000000000e+02  1.400558431496e-03
    6800  1.360000000000e+02  1.433430066355e-03
    6850  1.370000000000e+02  1.466225371720e-03
    6900  1.380000000000e+02  1.498906402866e-03
    6950  1.390000000000e+02  1.531434025183e-03
    7000  1.400000000000e+02  1.563767754254e-03
    7050  1.410000000000e+02  1.595867347323e-03
    7100  1.420000000000e+02  1.627692531625e-03
    7150  1.430000000000e+02  1.659202630590e-03
    7200  1.440000000000e+02  1.690350999278e-03
    7250  1.450000000000e+02  1.721099145130e-03
    7300  1.460000000000e+02  1.751399467749e-03
    7350  1.470000000000e+02  1.781206709619e-03
    7400  1.480000000000e+02  1.810478980852e-03
    7450  1.490000000000e+02  1.839167257193e-03
    7500  1.500000000000e+02  1.867227292724e-03
    7550  1.510000000000e+02  1.894612020964e-03
    7600  1.520000000000e+02  1.921273896877e-03
    7650  1.530000000000e+02  1.947170933910e-03
    7700  1.540000000000e+02  1.972257434571e-03
    7750  1.550000000000e+02  1.996490226778e-03
    7800  1.560000000000e+02  2.019820314661e-03
    7850  1.570000000000e+02  2.042205078777e-03
    7900  1.580000000000e+02  2.063605973044e-03
    7950  1.590000000000e+02  2.083976160920e-03
    8000  1.600000000000e+02  2.103273561507e-03
    8050  1.610000000000e+02  2.121447339135e-03
    8100  1.620000000000e+02  2.138462789061e-03
    8150  1.630000000000e+02  2.154282529646e-03
    8200  1.640000000000e+02  2.168862456443e-03
    8250  1.650000000000e+02  2.182163917977e-03
    8300  1.660000000000e+02  2.194145276654e-03
    8350  1.670000000000e+02  2.204771227356e-03
    8400  1.680000000000e+02  2.214007112699e-03
    8450  1.690000000000e+02  2.221819503457e-03
    8500  1.700000000000e+02  2.228173727513e-03
    8550  1.710000000000e+02  2.233035770320e-03
    8600  1.720000000000e+02  2.236375600055e-03
    8650  1.730000000000e+02  2.238169072601e-03
    8700  1.740000000000e+02  2.238388792866e-03
    8750  1.750000000000e+02  2.237013941113e-03
    8800  1.760000000000e+02  2.234017308395e-03
    8850  1.770000000000e+02  2.229380427316e-03
    8900  1.780000000000e+02  2.223084002968e-03
    8950  1.790000000000e+02  2.215120001989e-03
    9000  1.800000000000e+02  2.205475827617e-03
    9050  1.810000000000e+02  2.194136230070e-03
    9100  1.820000000000e+02  2.181090366935e-03
    9150  1.830000000000e+02  2.166332496453e-03
    9200  1.840000000000e+02  2.149865506213e-03
    9250  1.850000000000e+02  2.131690567538e-03
    9300  1.860000000000e+02  2.111807973137e-03
    9350  1.870000000000e+02  2.090223757359e-03
    9400  1.880000000000e+02  2.066948870576e-03
    9450  1.890000000000e+02  2.041997657686e-03
    9500  1.900000000000e+02  2.015387249623e-03
    9550  1.910000000000e+02  1.987134887587e-03
    9600  1.920000000000e+02  1.957261895592e-03
    9650  1.930000000000e+02  1.925795068163e-03
    9700  1.940000000000e+02  1.892771929863e-03
    9750  1.950000000000e+02  1.858226617079e-03
    9800  1.960000000000e+02  1.822192863707e-03
    9850  1.970000000000e+02  1.784706525652e-03
    9900  1.980000000000e+02  1.745819242386e-03
    9950  1.990000000000e+02  1.705583500231e-03
   10000  2.000000000000e+02  1.664050433981e-03
   10050  2.010000000000e+02  1.621275357528e-03
   10100  2.020000000000e+02  1.577310814828e-03
   10150  2.030000000000e+02  1.532227605726e-03
   10200  2.040000000000e+02  1.486094122050e-03
   10250  2.050000000000e+02  1.438983040564e-03
   10300  2.060000000000e+02  1.390967556971e-03
   10350  2.070000000000e+02  1.342126176254e-03
   10400  2.080000000000e+02  1.292543845190e-03
   10450  2.090000000000e+02  1.242309039742e-03
   10500  2.100000000000e+02  1.191514698749e-03
   10550  2.110000000000e+02  1.140255659893e-03
   10600  2.120000000000e+02  1.088631454323e-03
   10650  2.130000000000e+02  1.036742796629e-03
   10700  2.140000000000e+02  9.846991864892e-04
   10750  2.150000000000e+02  9.326139689844e-04
   10800  2.160000000000e+02  8.805999399004e-04
   10850  2.170000000000e+02  8.287754636560e-04
   10900  2.180000000000e+02  7.772644281439e-04
   10950  2.190000000000e+02  7.261953064579e-04
   11000  2.200000000000e+02  6.756945062808e-04
   11050  2.210000000000e+02  6.258965842086e-04
   11100  2.220000000000e+02  5.769375809620e-04
   11150  2.230000000000e+02  5.289563592271e-04
   11200  2.240000000000e+02  4.820979539912e-04
   11250  2.250000000000e+02  4.365078941507e-04
   11300  2.260000000000e+02  3.923350929299e-04
   11350  2.270000000000e+02  3.497303678925e-04
   11400  2.280000000000e+02  3.088488127460e-04
   11450  2.290000000000e+02  2.698480053828e-04
   11500  2.300000000000e+02  2.328881628819e-04
   11550  2.310000000000e+02  1.981319805975e-04
   11600  2.320000000000e+02  1.657439391230e-04
   11650  2.330000000000e+02  1.358908642635e-04
   11700  2.340000000000e+02  1.087407214291e-04
   11750  2.350000000000e+02  8.446424342896e-05
   11800  2.360000000000e+02  6.323483181077e-05
   11850  2.370000000000e+02  4.522546543936e-05
   11900  2.380000000000e+02  3.061098352598e-05
   11950  2.390000000000e+02  1.956795768857e-05
   12000  2.400000000000e+02  1.227307630308e-05
   12050  2.410000000000e+02  8.904489102401e-06
   12100  2.420000000000e+02  9.640592699318e-06
   12150  2.430000000000e+02  1.466020571128e-05
   12200  2.440000000000e+02  2.414200150783e-05
   12250  2.450000000000e+02  3.826542934056e-05
   12300  2.460000000000e+02  5.720901816686e-05
   12350  2.470000000000e+02  8.115109128757e-05
   12400  2.480000000000e+02  1.102697029018e-04
   12450  2.490000000000e+02  1.447416604130e-04
   12500  2.500000000000e+02  1.847425480996e-04
   12550  2.510000000000e+02  2.304475470259e-04
   12600  2.520000000000e+02  2.820299699271e-04
   12650  2.530000000000e+02  3.396617804133e-04
   12700  2.540000000000e+02  4.035109542538e-04
   12750  2.550000000000e+02  4.737446049551e-04
   12800  2.560000000000e+02  5.505270150999e-04
   12850  2.570000000000e+02  6.340202555913e-04
   12900  2.580000000000e+02  7.243849440172e-04
   12950  2.590000000000e+02  8.217755578549e-04
   13000  2.600000000000e+02  9.263424841538e-04
   13050  2.610000000000e+02  1.038236363147e-03
   13100  2.620000000000e+02  1.157601279225e-03
   13150  2.630000000000e+02  1.284578311145e-03
   13200  2.640000000000e+02  1.419307375510e-03
   13250  2.650000000000e+02  1.561917958754e-03
   13300  2.660000000000e+02  1.712533671141e-03
   13350  2.670000000000e+02  1.871279052001e-03
   13400  2.680000000000e+02  2.038266763438e-03
   13450  2.690000000000e+02  2.213615633928e-03
   13500  2.700000000000e+02  2.397432175469e-03
   13550  2.710000000000e+02  2.589810131109e-03
   13600  2.720000000000e+02  2.790844616638e-03
   13650  2.730000000000e+02  3.000620768344e-03
   13700  2.740000000000e+02  3.219222997530e-03
   13750  2.750000000000e+02  3.446730450898e-03
   13800  2.760000000000e+02  3.683204269968e-03
   13850  2.770000000000e+02  3.928702978148e-03
   13900  2.780000000000e+02  4.183276977321e-03
   13950  2.790000000000e+02  4.446977208122e-03
   14000  2.800000000000e+02  4.719840803632e-03
   14050  2.810000000000e+02  5.001892270885e-03
   14100  2.820000000000e+02  5.293155646511e-03
   14150  2.830000000000e+02  5.593637784843e-03
   14200  2.840000000000e+02  5.903351023235e-03
   14250  2.850000000000e+02  6.222283905248e-03
   14300  2.860000000000e+02  6.550424037142e-03
   14350  2.870000000000e+02  6.887749204438e-03
   14400  2.880000000000e+02  7.234226782334e-03
   14450  2.890000000000e+02  7.589819765876e-03
   14500  2.900000000000e+02  7.954475300290e-03
   14550  2.910000000000e+02  8.328124085503e-03
   14600  2.920000000000e+02  8.710708888799e-03
   14650  2.930000000000e+02  9.102151856974e-03
   14700  2.940000000000e+02  9.502365979252e-03
   14750  2.950000000000e+02  9.911252151243e-03
   14800  2.960000000000e+02  1.032869461343e-02
   14850  2.970000000000e+02  1.075457964368e-02
   14900  2.980000000000e+02  1.118878846305e-02
   14950  2.990000000000e+02  1.163119020892e-02
   15000  3.000000000000e+02  1.208163462776e-02
   15050  3.010000000000e+02  1.253996041991e-02
   15100  3.020000000000e+02  1.300600246273e-02
   15150  3.030000000000e+02  1.347958878687e-02
   15200  3.040000000000e+02  1.396053470149e-02
   15250  3.050000000000e+02  1.444864388245e-02
   15300  3.060000000000e+02  1.494370958396e-02
   15350  3.070000000000e+02  1.544551583163e-02
   15400  3.080000000000e+02  1.595382972668e-02
   15450  3.090000000000e+02  1.646842124641e-02
   15500  3.100000000000e+02  1.698904680676e-02
   15550  3.110000000000e+02  1.751545038539e-02
   15600  3.120000000000e+02  1.804736817397e-02
   15650  3.130000000000e+02  1.858453460466e-02
   15700  3.140000000000e+02  1.912666904949e-02
   15750  3.150000000000e+02  1.967347594836e-02
   15800  3.160000000000e+02  2.022466537726e-02
   15850  3.170000000000e+02  2.077992229884e-02
   15900  3.180000000000e+02  2.133893511046e-02
   15950  3.190000000000e+02  2.190139135038e-02
   16000  3.200000000000e+02  2.246695586937e-02
   16050  3.210000000000e+02  2.303528606804e-02
   16100  3.220000000000e+02  2.360603713070e-02
   16150  3.230000000000e+02  2.417885166104e-02
   16200  3.240000000000e+02  2.475337160199e-02
   16250  3.250000000000e+02  2.532922962772e-02
   16300  3.260000000000e+02  2.590606439774e-02
   16350  3.270000000000e+02  2.648348500035e-02
   16400  3.280000000000e+02  2.706109827086e-02
   16450  3.290000000000e+02  2.763852270583e-02
   16500  3.300000000000e+02  2.821535670691e-02
   16550  3.310000000000e+02  2.879121723018e-02
   16600  3.320000000000e+02  2.936568719585e-02
   16650  3.330000000000e+02  2.993835362449e-02
   16700  3.340000000000e+02  3.050882107853e-02
   16750  3.350000000000e+02  3.107665938667e-02
   16800  3.360000000000e+02  3.164144465435e-02
   16850  3.370000000000e+02  3.220274948223e-02
   16900  3.380000000000e+02  3.276014548140e-02
   16950  3.390000000000e+02  3.331320779357e-02
   17000  3.400000000000e+02  3.386151795466e-02
   17050  3.410000000000e+02  3.440462757591e-02
   17100  3.420000000000e+02  3.494208584955e-02
   17150  3.430000000000e+02  3.547347669874e-02
   17200  3.440000000000e+02  3.599836034279e-02
   17250  3.450000000000e+02  3.651631849730e-02
   17300  3.460000000000e+02  3.702691453038e-02
   17350  3.470000000000e+02  3.752971342931e-02
   17400  3.480000000000e+02  3.802428151440e-02
   17450  3.490000000000e+02  3.851019182959e-02
   17500  3.500000000000e+02  3.898702787790e-02
   17550  3.510000000000e+02  3.945437524584e-02
   17600  3.520000000000e+02  3.991181922772e-02
   17650  3.530000000000e+02  4.035893149982e-02
   17700  3.540000000000e+02  4.079529282765e-02
   17750  3.550000000000e+02  4.122050763739e-02
   17800  3.560000000000e+02  4.163418315117e-02
   17850  3.570000000000e+02  4.203591968932e-02
   17900  3.580000000000e+02  4.242532613039e-02
   17950  3.590000000000e+02  4.280201812765e-02
   18000  3.600000000000e+02  4.316561206419e-02
   18050  3.610000000000e+02  4.351574958029e-02
   18100  3.620000000000e+02  4.385205761000e-02
   18150  3.630000000000e+02  4.417418472254e-02
   18200  3.640000000000e+02  4.448179642262e-02
   18250  3.650000000000e+02  4.477455881198e-02
   18300  3.660000000000e+02  4.505213682155e-02
   18350  3.670000000000e+02  4.531421125802e-02
   18400  3.680000000000e+02  4.556049002725e-02
   18450  3.690000000000e+02  4.579067492278e-02
   18500  3.700000000000e+02  4.600448216835e-02
   18550  3.710000000000e+02  4.620164561078e-02
   18600  3.720000000000e+02  4.638189464526e-02
   18650  3.730000000000e+02  4.654498303037e-02
   18700  3.740000000000e+02  4.669067497094e-02
   18750  3.750000000000e+02  4.681874897614e-02
   18800  3.760000000000e+02  4.692899139138e-02
   18850  3.770000000000e+02  4.702120585056e-02
   18900  3.780000000000e+02  4.709521616726e-02
   18950  3.790000000000e+02  4.715084469600e-02
   19000  3.800000000000e+02  4.718794699054e-02
   19050  3.810000000000e+02  4.720638112447e-02
   19100  3.820000000000e+02  4.720602040338e-02
   19150  3.830000000000e+02  4.718677182769e-02
   19200  3.840000000000e+02  4.714850583735e-02
   19250  3.850000000000e+02  4.709116674114e-02
   19300  3.860000000000e+02  4.701468823735e-02
   19350  3.870000000000e+02  4.691902583338e-02
   19400  3.880000000000e+02  4.680416920965e-02
   19450  3.890000000000e+02  4.667008695121e-02
   19500  3.900000000000e+02  4.651678653602e-02
   19550  3.910000000000e+02  4.634429079477e-02
   19600  3.920000000000e+02  4.615265426413e-02
   19650  3.930000000000e+02  4.594193424897e-02
   19700  3.940000000000e+02  4.571220018858e-02
   19750  3.950000000000e+02  4.546354482540e-02
   19800  3.960000000000e+02  4.519608528262e-02
   19850  3.970000000000e+02  4.490995718153e-02
   19900  3.980000000000e+02  4.460530514706e-02
   19950  3.990000000000e+02  4.428229408139e-02
   20000  4.000000000000e+02  4.394110844526e-02
   20050  4.010000000000e+02  4.358194793567e-02
   20100  4.020000000000e+02  4.320502742769e-02
   20150  4.030000000000e+02  4.281058569900e-02
   20200  4.040000000000e+02  4.239886657549e-02
   20250  4.050000000000e+02  4.197016026512e-02
   20300  4.060000000000e+02  4.152474936634e-02
   20350  4.070000000000e+02  4.106293679533e-02
   20400  4.080000000000e+02  4.058504796248e-02
   20450  4.090000000000e+02  4.009143087960e-02
   20500  4.100000000000e+02  3.958244856491e-02
   20550  4.110000000000e+02  3.905846726862e-02
   20600  4.120000000000e+02  3.851988708340e-02
   20650  4.130000000000e+02  3.796711264502e-02
   20700  4.140000000000e+02  3.740056720984e-02
   20750  4.150000000000e+02  3.682070336407e-02
   20800  4.160000000000e+02  3.622797828204e-02
   20850  4.170000000000e+02  3.562286006301e-02
   20900  4.180000000000e+02  3.500584097093e-02
   20950  4.190000000000e+02  3.437742754817e-02
   21000  4.200000000000e+02  3.373814033098e-02
   21050  4.210000000000e+02  3.308851863989e-02
   21100  4.220000000000e+02  3.242910033235e-02
   21150  4.230000000000e+02  3.176044996194e-02
   21200  4.240000000000e+02  3.108314519178e-02
   21250  4.250000000000e+02  3.039776424270e-02
   21300  4.260000000000e+02  2.970491131459e-02
   21350  4.270000000000e+02  2.900519571568e-02
   21400  4.280000000000e+02  2.829924629221e-02
   21450  4.290000000000e+02  2.758769959583e-02
   21500  4.300000000000e+02  2.687118369515e-02
   21550  4.310000000000e+02  2.615035362153e-02
   21600  4.320000000000e+02  2.542587076718e-02
   21650  4.330000000000e+02  2.469841836831e-02
   21700  4.340000000000e+02  2.396867732231e-02
   21750  4.350000000000e+02  2.323732734815e-02
   21800  4.360000000000e+02  2.250505779528e-02
   21850  4.370000000000e+02  2.177258364944e-02
   21900  4.380000000000e+02  2.104061287891e-02
   21950  4.390000000000e+02  2.030986560115e-02
   22000  4.400000000000e+02  1.958105820573e-02
   22050  4.410000000000e+02  1.885490853621e-02
   22100  4.420000000000e+02  1.813214414468e-02
   22150  4.430000000000e+02  1.741350223216e-02
   22200  4.440000000000e+02  1.669971628252e-02
   22250  4.450000000000e+02  1.599151849640e-02
   22300  4.460000000000e+02  1.528963600895e-02
   22350  4.470000000000e+02  1.459480359787e-02
   22400  4.480000000000e+02  1.390775371841e-02
   22450  4.490000000000e+02  1.322923216979e-02
   22500  4.500000000000e+02  1.255996955215e-02
   22550  4.510000000000e+02  1.190068317562e-02
   22600  4.520000000000e+02  1.125210451089e-02
   22650  4.530000000000e+02  1.061495766524e-02
   22700  4.540000000000e+02  9.989967527925e-03
   22750  4.550000000000e+02  9.377841355629e-03
   22800  4.560000000000e+02  8.779290589073e-03
   22850  4.570000000000e+02  8.195012932223e-03
   22900  4.580000000000e+02  7.625705037972e-03
   22950  4.590000000000e+02  7.072052351671e-03
   23000  4.600000000000e+02  6.534733020499e-03
   23050  4.610000000000e+02  6.014416198692e-03
   23100  4.620000000000e+02  5.511757677740e-03
   23150  4.630000000000e+02  5.027408711283e-03
   23200  4.640000000000e+02  4.562005034013e-03
   23250  4.650000000000e+02  4.116172153428e-03
   23300  4.660000000000e+02  3.690514771583e-03
   23350  4.670000000000e+02  3.285636092631e-03
   23400  4.680000000000e+02  2.902121460823e-03
   23450  4.690000000000e+02  2.540538262959e-03
   23500  4.700000000000e+02  2.201442918045e-03
   23550  4.710000000000e+02  1.885370939479e-03
   23600  4.720000000000e+02  1.592846488162e-03
   23650  4.730000000000e+02  1.324374427528e-03
   23700  4.740000000000e+02  1.080445673809e-03
   23750  4.750000000000e+02  8.615321856140e-04
   23800  4.760000000000e+02  6.680820905746e-04
   23850  4.770000000000e+02  5.005277461157e-04
   23900  4.780000000000e+02  3.592813079129e-04
   23950  4.790000000000e+02  2.447375343037e-04
   24000  4.800000000000e+02  1.572691062558e-04
   24050  4.810000000000e+02  9.722589709765e-05
   24100  4.820000000000e+02  6.493724735138e-05
   24150  4.830000000000e+02  6.071070953644e-05
   24200  4.840000000000e+02  8.483183709514e-05
   24250  4.850000000000e+02  1.375629275418e-04
   24300  4.860000000000e+02  2.191432569174e-04
   24350  4.870000000000e+02  3.297891832437e-04
   24400  4.880000000000e+02  4.696933925700e-04
   24450  4.890000000000e+02  6.390244829208e-04
   24500  4.900000000000e+02  8.379248669047e-04
   24550  4.910000000000e+02  1.066512730171e-03
   24600  4.920000000000e+02  1.324883839878e-03
   24650  4.930000000000e+02  1.613107370056e-03
   24700  4.940000000000e+02  1.931222792061e-03
   24750  4.950000000000e+02  2.279247145122e-03
   24800  4.960000000000e+02  2.657175082902e-03
   24850  4.970000000000e+02  3.064969019435e-03
   24900  4.980000000000e+02  3.502574598941e-03
   24950  4.990000000000e+02  3.969901283546e-03
   25000  5.000000000000e+02  4.466835648270e-03
   25050  5.010000000000e+02  4.993243917152e-03
   25100  5.020000000000e+02  5.548964936383e-03
   25150  5.030000000000e+02  6.133811746903e-03
   25200  5.040000000000e+02  6.747564642028e-03
   25250  5.050000000000e+02  7.389977668411e-03
   25300  5.060000000000e+02  8.060783160544e-03
   25350  5.070000000000e+02  8.759695442307e-03
   25400  5.080000000000e+02  9.486398827998e-03
   25450  5.090000000000e+02  1.024054620294e-02
   25500  5.100000000000e+02  1.102176854084e-02
   25550  5.110000000000e+02  1.182966770363e-02
   25600  5.120000000000e+02  1.266383245850e-02
   25650  5.130000000000e+02  1.352382006087e-02
   25700  5.140000000000e+02  1.440916405791e-02
   25750  5.150000000000e+02  1.531937447459e-02
   25800  5.160000000000e+02  1.625393030208e-02
   25850  5.170000000000e+02  1.721229318083e-02
   25900  5.180000000000e+02  1.819391370513e-02
   25950  5.190000000000e+02  1.919820853864e-02
   26000  5.200000000000e+02  2.022457888100e-02
   26050  5.210000000000e+02  2.127239963562e-02
   26100  5.220000000000e+02  2.234102335508e-02
   26150  5.230000000000e+02  2.342978814178e-02
   26200  5.240000000000e+02  2.453800759565e-02
   26250  5.250000000000e+02  2.566497435477e-02
   26300  5.260000000000e+02  2.680996849468e-02
   26350  5.270000000000e+02  2.797224988930e-02
   26400  5.280000000000e+02  2.915105879696e-02
   26450  5.290000000000e+02  3.034561375814e-02
   26500  5.300000000000e+02  3.155511427293e-02
   26550  5.310000000000e+02  3.277876158193e-02
   26600  5.320000000000e+02  3.401573057901e-02
   26650  5.330000000000e+02  3.526519083279e-02
   26700  5.340000000000e+02  3.652628189137e-02
   26750  5.350000000000e+02  3.779812759647e-02
   26800  5.360000000000e+02  3.907986108864e-02
   26850  5.370000000000e+02  4.037059071990e-02
   26900  5.380000000000e+02  4.166942333880e-02
   26950  5.390000000000e+02  4.297544748065e-02
   27000  5.400000000000e+02  4.428772959330e-02
   27050  5.410000000000e+02  4.560535305752e-02
   27100  5.420000000000e+02  4.692737229424e-02
   27150  5.430000000000e+02  4.825286034930e-02
   27200  5.440000000000e+02  4.958087493668e-02
   27250  5.450000000000e+02  5.091044052713e-02
   27300  5.460000000000e+02  5.224061136975e-02
   27350  5.470000000000e+02  5.357040882899e-02
   27400  5.480000000000e+02  5.489891003487e-02
   27450  5.490000000000e+02  5.622514250228e-02
   27500  5.500000000000e+02  5.754811876860e-02
   27550  5.510000000000e+02  5.886688092811e-02
   27600  5.520000000000e+02  6.018047230959e-02
   27650  5.530000000000e+02  6.148792912401e-02
   27700  5.540000000000e+02  6.278829851026e-02
   27750  5.550000000000e+02  6.408060181969e-02
   27800  5.560000000000e+02  6.536387222877e-02
   27850  5.570000000000e+02  6.663717656743e-02
   27900  5.580000000000e+02  6.789955573326e-02
   27950  5.590000000000e+02  6.915007425466e-02
   28000  5.600000000000e+02  7.038780134036e-02
   28050  5.610000000000e+02  7.161179961861e-02
   28100  5.620000000000e+02  7.282114602711e-02
   28150  5.630000000000e+02  7.401494334779e-02
   28200  5.640000000000e+02  7.519230596440e-02
   28250  5.650000000000e+02  7.635234403843e-02
   28300  5.660000000000e+02  7.749418478509e-02
   28350  5.670000000000e+02  7.861695743022e-02
   28400  5.680000000000e+02  7.971982632938e-02
   28450  5.690000000000e+02  8.080197626031e-02
   28500  5.700000000000e+02  8.186255806825e-02
   28550  5.710000000000e+02  8.290077507973e-02
   28600  5.720000000000e+02  8.391583283006e-02
   28650  5.730000000000e+02  8.490697084754e-02
   28700  5.740000000000e+02  8.587344194945e-02
   28750  5.750000000000e+02  8.681449826897e-02
   28800  5.760000000000e+02  8.772938863067e-02
   28850  5.770000000000e+02  8.861743929889e-02
   28900  5.780000000000e+02  8.947797581692e-02
   28950  5.790000000000e+02  9.031033859965e-02
   29000  5.800000000000e+02  9.111388218949e-02
   29050  5.810000000000e+02  9.188798011396e-02
   29100  5.820000000000e+02  9.263204422626e-02
   29150  5.830000000000e+02  9.334550225888e-02
   29200  5.840000000000e+02  9.402781903409e-02
   29250  5.850000000000e+02  9.467846679705e-02
   29300  5.860000000000e+02  9.529696798120e-02
   29350  5.870000000000e+02  9.588282967676e-02
   29400  5.880000000000e+02  9.643559147935e-02
   29450  5.890000000000e+02  9.695487199300e-02
   29500  5.900000000000e+02  9.744026202239e-02
   29550  5.910000000000e+02  9.789140032738e-02
   29600  5.920000000000e+02  9.830792713229e-02
   29650  5.930000000000e+02  9.868951529400e-02
   29700  5.940000000000e+02  9.903587760613e-02
   29750  5.950000000000e+02  9.934676250415e-02
   29800  5.960000000000e+02  9.962192891446e-02
   29850  5.970000000000e+02  9.986115562486e-02
   29900  5.980000000000e+02  1.000642602529e-01
   29950  5.990000000000e+02  1.002310667004e-01
   30000  6.000000000000e+02  1.003614751653e-01
   30050  6.010000000000e+02  1.004553980631e-01
   30100  6.020000000000e+02  1.005127588592e-01
   30150  6.030000000000e+02  1.005334953599e-01
   30200  6.040000000000e+02  1.005176200773e-01
   30250  6.050000000000e+02  1.004651586903e-01
   30300  6.060000000000e+02  1.003761239727e-01
   30350  6.070000000000e+02  1.002506025451e-01
   30400  6.080000000000e+02  1.000886811021e-01
   30450  6.090000000000e+02  9.989049515211e-02
   30500  6.100000000000e+02  9.965621883670e-02
   30550  6.110000000000e+02  9.938599860554e-02
   30600  6.120000000000e+02  9.908005620102e-02
   30650  6.130000000000e+02  9.873861300906e-02
   30700  6.140000000000e+02  9.836194867802e-02
   30750  6.150000000000e+02  9.795036683572e-02
   30800  6.160000000000e+02  9.750418387772e-02
   30850  6.170000000000e+02  9.702372603284e-02
   30900  6.180000000000e+02  9.650937329325e-02
   30950  6.190000000000e+02  9.596152097165e-02
   31000  6.200000000000e+02  9.538058597064e-02
   31050  6.210000000000e+02  9.476705427106e-02
   31100  6.220000000000e+02  9.412140251512e-02
   31150  6.230000000000e+02  9.344409206314e-02
   31200  6.240000000000e+02  9.273566234412e-02
   31250  6.250000000000e+02  9.199665650935e-02
   31300  6.260000000000e+02  9.122768259666e-02
   31350  6.270000000000e+02  9.042932404936e-02
   31400  6.280000000000e+02  8.960218210228e-02
   31450  6.290000000000e+02  8.874688813015e-02
   31500  6.300000000000e+02  8.786409830407e-02
   31550  6.310000000000e+02  8.695451101315e-02
   31600  6.320000000000e+02  8.601878896003e-02
   31650  6.330000000000e+02  8.505767419331e-02
   31700  6.340000000000e+02  8.407188643178e-02
   31750  6.350000000000e+02  8.306216655864e-02
   31800  6.360000000000e+02  8.202932183882e-02
   31850  6.370000000000e+02  8.097410271645e-02
   31900  6.380000000000e+02  7.989733856875e-02
   31950  6.390000000000e+02  7.879984169673e-02
   32000  6.400000000000e+02  7.768243120017e-02
   32050  6.410000000000e+02  7.654594929831e-02
   32100  6.420000000000e+02  7.539126390339e-02
   32150  6.430000000000e+02  7.421922961560e-02
   32200  6.440000000000e+02  7.303072271121e-02
   32250  6.450000000000e+02  7.182665230589e-02
   32300  6.460000000000e+02  7.060790542572e-02
   32350  6.470000000000e+02  6.937539928885e-02
   32400  6.480000000000e+02  6.813004940474e-02
   32450  6.490000000000e+02  6.687279890749e-02
   32500  6.500000000000e+02  6.560458824349e-02
   32550  6.510000000000e+02  6.432635295061e-02
   32600  6.520000000000e+02  6.303903112993e-02
   32650  6.530000000000e+02  6.174357448023e-02
   32700  6.540000000000e+02  6.044094248705e-02
   32750  6.550000000000e+02  5.913209106150e-02
   32800  6.560000000000e+02  5.781798729627e-02
   32850  6.570000000000e+02  5.649959209555e-02
   32900  6.580000000000e+02  5.517784799297e-02
   32950  6.590000000000e+02  5.385372843896e-02
   33000  6.600000000000e+02  5.252819560503e-02
   33050  6.610000000000e+02  5.120220396816e-02
   33100  6.620000000000e+02  4.987672021407e-02
   33150  6.630000000000e+02  4.855268891484e-02
   33200  6.640000000000e+02  4.723103544433e-02
   33250  6.650000000000e+02  4.591270064773e-02
   33300  6.660000000000e+02  4.459862901054e-02
   33350  6.670000000000e+02  4.328974289902e-02
   33400  6.680000000000e+02  4.198697098677e-02
   33450  6.690000000000e+02  4.069121091016e-02
   33500  6.700000000000e+02  3.940336352348e-02
   33550  6.710000000000e+02  3.812434449840e-02
   33600  6.720000000000e+02  3.685500470569e-02
   33650  6.730000000000e+02  3.559621576799e-02
   33700  6.740000000000e+02  3.434885573125e-02
   33750  6.750000000000e+02  3.311374764531e-02
   33800  6.760000000000e+02  3.189172811921e-02
   33850  6.770000000000e+02  3.068360692970e-02
   33900  6.780000000000e+02  2.949017940874e-02
   33950  6.790000000000e+02  2.831222876818e-02
   34000  6.800000000000e+02  2.715052914942e-02
   34050  6.810000000000e+02  2.600583375275e-02
   34100  6.820000000000e+02  2.487887244559e-02
   34150  6.830000000000e+02  2.377036929243e-02
   34200  6.840000000000e+02  2.268100098707e-02
   34250  6.850000000000e+02  2.161145074258e-02
   34300  6.860000000000e+02  2.056238957374e-02
   34350  6.870000000000e+02  1.953444134990e-02
   34400  6.880000000000e+02  1.852822898533e-02
   34450  6.890000000000e+02  1.754434779803e-02
   34500  6.900000000000e+02  1.658336560653e-02
   34550  6.910000000000e+02  1.564584161625e-02
   34600  6.920000000000e+02  1.473230844048e-02
   34650  6.930000000000e+02  1.384326881558e-02
   34700  6.940000000000e+02  1.297920904941e-02
   34750  6.950000000000e+02  1.214059004755e-02
   34800  6.960000000000e+02  1.132784539676e-02
   34850  6.970000000000e+02  1.054138486121e-02
   34900  6.980000000000e+02  9.781601111948e-03
   34950  6.990000000000e+02  9.048848331525e-03
   35000  7.000000000000e+02  8.343466478539e-03
   35050  7.010000000000e+02  7.665771401989e-03
   35100  7.020000000000e+02  7.016043954442e-03
   35150  7.030000000000e+02  6.394552085725e-03
   35200  7.040000000000e+02  5.801527439640e-03
   35250  7.050000000000e+02  5.237178019579e-03
   35300  7.060000000000e+02  4.701693204939e-03
   35350  7.070000000000e+02  4.195232012434e-03
   35400  7.080000000000e+02  3.717927230057e-03
   35450  7.090000000000e+02  3.269889279464e-03
   35500  7.100000000000e+02  2.851196506066e-03
   35550  7.110000000000e+02  2.461908199636e-03
   35600  7.120000000000e+02  2.102060910964e-03
   35650  7.130000000000e+02  1.771659925989e-03
   35700  7.140000000000e+02  1.470683832322e-03
   35750  7.150000000000e+02  1.199092526466e-03
   35800  7.160000000000e+02  9.568155978514e-04
   35850  7.170000000000e+02  7.437589202067e-04
   35900  7.180000000000e+02  5.598055856296e-04
   35950  7.190000000000e+02  4.048123986856e-04
   36000  7.200000000000e+02  2.786135458731e-04
   36050  7.210000000000e+02  1.810180997259e-04
   36100  7.220000000000e+02  1.118120743136e-04
   36150  7.230000000000e+02  7.075909157733e-05
   36200  7.240000000000e+02  5.760012402505e-05
   36250  7.250000000000e+02  7.205334652171e-05
   36300  7.260000000000e+02  1.138153822172e-04
   36350  7.270000000000e+02  1.825605925644e-04
   36400  7.280000000000e+02  2.779432932875e-04
   36450  7.290000000000e+02  3.995966586219e-04
   36500  7.300000000000e+02  5.471320426283e-04
   36550  7.310000000000e+02  7.201445754266e-04
   36600  7.320000000000e+02  9.182073930819e-04
   36650  7.330000000000e+02  1.140873250834e-03
   36700  7.340000000000e+02  1.387681139973e-03
   36750  7.350000000000e+02  1.658148287443e-03
   36800  7.360000000000e+02  1.951774696784e-03
   36850  7.370000000000e+02  2.268051940973e-03
   36900  7.380000000000e+02  2.606449300000e-03
   36950  7.390000000000e+02  2.966417463020e-03
   37000  7.400000000000e+02  3.347400972970e-03
   37050  7.410000000000e+02  3.748823107330e-03
   37100  7.420000000000e+02  4.170099646804e-03
   37150  7.430000000000e+02  4.610635044993e-03
   37200  7.440000000000e+02  5.069812758568e-03
   37250  7.450000000000e+02  5.547009699307e-03
   37300  7.460000000000e+02  6.041590944382e-03
   37350  7.470000000000e+02  6.552906524239e-03
   37400  7.480000000000e+02  7.080299021623e-03
   37450  7.490000000000e+02  7.623110502800e-03
   37500  7.500000000000e+02  8.180659603350e-03
   37550  7.510000000000e+02  8.752274004763e-03
   37600  7.520000000000e+02  9.337267416560e-03
   37650  7.530000000000e+02  9.934931639571e-03
   37700  7.540000000000e+02  1.054457685190e-02
   37750  7.550000000000e+02  1.116550081587e-02
   37800  7.560000000000e+02  1.179699500620e-02
   37850  7.570000000000e+02  1.243835354991e-02
   37900  7.580000000000e+02  1.308886462033e-02
   37950  7.590000000000e+02  1.374779948644e-02
   38000  7.600000000000e+02  1.441443958828e-02
   38050  7.610000000000e+02  1.508807188175e-02
   38100  7.620000000000e+02  1.576798271043e-02
   38150  7.630000000000e+02  1.645346058837e-02
   38200  7.640000000000e+02  1.714377836916e-02
   38250  7.650000000000e+02  1.783821805483e-02
   38300  7.660000000000e+02  1.853607126974e-02
   38350  7.670000000000e+02  1.923663447402e-02
   38400  7.680000000000e+02  1.993918210105e-02
   38450  7.690000000000e+02  2.064302944475e-02
   38500  7.700000000000e+02  2.134748334353e-02
   38550  7.710000000000e+02  2.205183536901e-02
   38600  7.720000000000e+02  2.275541053027e-02
   38650  7.730000000000e+02  2.345752404353e-02
   38700  7.740000000000e+02  2.415749962019e-02
   38750  7.750000000000e+02  2.485468974259e-02
   38800  7.760000000000e+02  2.554843791835e-02
   38850  7.770000000000e+02  2.623809670357e-02
   38900  7.780000000000e+02  2.692303996876e-02
   38950  7.790000000000e+02  2.760261869693e-02
   39000  7.800000000000e+02  2.827620756092e-02
   39050  7.810000000000e+02  2.894323039087e-02
   39100  7.820000000000e+02  2.960308161258e-02
   39150  7.830000000000e+02  3.025517796702e-02
   39200  7.840000000000e+02  3.089895269519e-02
   39250  7.850000000000e+02  3.153384171103e-02
   39300  7.860000000000e+02  3.215929060012e-02
   39350  7.870000000000e+02  3.277478667846e-02
   39400  7.880000000000e+02  3.337979540748e-02
   39450  7.890000000000e+02  3.397382201870e-02
   39500  7.900000000000e+02  3.455639936523e-02
   39550  7.910000000000e+02  3.512703389866e-02
   39600  7.920000000000e+02  3.568527285010e-02
   39650  7.930000000000e+02  3.623066473657e-02
   39700  7.940000000000e+02  3.676277073196e-02
   39750  7.950000000000e+02  3.728119121094e-02
   39800  7.960000000000e+02  3.778555805499e-02
   39850  7.970000000000e+02  3.827546537530e-02
   39900  7.980000000000e+02  3.875053970276e-02
   39950  7.990000000000e+02  3.921045028329e-02
   40000  8.000000000000e+02  3.965484564318e-02
   40050  8.010000000000e+02  4.008343039558e-02
   40100  8.020000000000e+02  4.049591750728e-02
   40150  8.030000000000e+02  4.089201847343e-02
   40200  8.040000000000e+02  4.127147523687e-02
   40250  8.050000000000e+02  4.163403285651e-02
   40300  8.060000000000e+02  4.197946048585e-02
   40350  8.070000000000e+02  4.230756033337e-02
   40400  8.080000000000e+02  4.261814811502e-02
   40450  8.090000000000e+02  4.291102005374e-02
   40500  8.100000000000e+02  4.318603734170e-02
   40550  8.110000000000e+02  4.344305439512e-02
   40600  8.120000000000e+02  4.368193599494e-02
   40650  8.130000000000e+02  4.390258608645e-02
   40700  8.140000000000e+02  4.410492518371e-02
   40750  8.150000000000e+02  4.428887542175e-02
   40800  8.160000000000e+02  4.445438920517e-02
   40850  8.170000000000e+02  4.460141653079e-02
   40900  8.180000000000e+02  4.472994644848e-02
   40950  8.190000000000e+02  4.483998742851e-02
   41000  8.200000000000e+02  4.493153283501e-02
   41050  8.210000000000e+02  4.500462689215e-02
   41100  8.220000000000e+02  4.505933685500e-02
   41150  8.230000000000e+02  4.509569164305e-02
   41200  8.240000000000e+02  4.511377178151e-02
   41250  8.250000000000e+02  4.511369000057e-02
   41300  8.260000000000e+02  4.509554430452e-02
   41350  8.270000000000e+02  4.505945261070e-02
   41400  8.280000000000e+02  4.500555679152e-02
   41450  8.290000000000e+02  4.493400675266e-02
   41500  8.300000000000e+02  4.484497915474e-02
   41550  8.310000000000e+02  4.473864313762e-02
   41600  8.320000000000e+02  4.461518765709e-02
   41650  8.330000000000e+02  4.447483274833e-02
   41700  8.340000000000e+02  4.431778398608e-02
   41750  8.350000000000e+02  4.414426140217e-02
   41800  8.360000000000e+02  4.395451279283e-02
   41850  8.370000000000e+02  4.374880305773e-02
   41900  8.380000000000e+02  4.352739520728e-02
   41950  8.390000000000e+02  4.329056068930e-02
   42000  8.400000000000e+02  4.303858875898e-02
   42050  8.410000000000e+02  4.277176289312e-02
   42100  8.420000000000e+02  4.249039425323e-02
   42150  8.430000000000e+02  4.219481630672e-02
   42200  8.440000000000e+02  4.188534739607e-02
   42250  8.450000000000e+02  4.156233103343e-02
   42300  8.460000000000e+02  4.122608709005e-02
   42350  8.470000000000e+02  4.087696583889e-02
   42400  8.480000000000e+02  4.051535721812e-02
   42450  8.490000000000e+02  4.014160165868e-02
   42500  8.500000000000e+02  3.975607539267e-02
   42550  8.510000000000e+02  3.935917146488e-02
   42600  8.520000000000e+02  3.895126239827e-02
   42650  8.530000000000e+02  3.853273300329e-02
   42700  8.540000000000e+02  3.810398435371e-02
   42750  8.550000000000e+02  3.766541147938e-02
   42800  8.560000000000e+02  3.721741117915e-02
   42850  8.570000000000e+02  3.676039171329e-02
   42900  8.580000000000e+02  3.629475833434e-02
   42950  8.590000000000e+02  3.582091633232e-02
   43000  8.600000000000e+02  3.533927927726e-02
   43050  8.610000000000e+02  3.485024511313e-02
   43100  8.620000000000e+02  3.435422634346e-02
   43150  8.630000000000e+02  3.385167067050e-02
   43200  8.640000000000e+02  3.334296329047e-02
   43250  8.650000000000e+02  3.282851848791e-02
   43300  8.660000000000e+02  3.230876768445e-02
   43350  8.670000000000e+02  3.178410987629e-02
   43400  8.680000000000e+02  3.125496577317e-02
   43450  8.690000000000e+02  3.072175844256e-02
   43500  8.700000000000e+02  3.018489215045e-02
   43550  8.710000000000e+02  2.964478131817e-02
   43600  8.720000000000e+02  2.910182697337e-02
   43650  8.730000000000e+02  2.855642477711e-02
   43700  8.740000000000e+02  2.800900020083e-02
   43750  8.750000000000e+02  2.745994752081e-02
   43800  8.760000000000e+02  2.690963281778e-02
   43850  8.770000000000e+02  2.635846334951e-02
   43900  8.780000000000e+02  2.580682658869e-02
   43950  8.790000000000e+02  2.525509153405e-02
   44000  8.800000000000e+02  2.470363896797e-02
   44050  8.810000000000e+02  2.415284561803e-02
   44100  8.820000000000e+02  2.360305719431e-02
   44150  8.830000000000e+02  2.305463305425e-02
   44200  8.840000000000e+02  2.250793460862e-02
   44250  8.850000000000e+02  2.196329360172e-02
   44300  8.860000000000e+02  2.142105043914e-02
   44350  8.870000000000e+02  2.088152815310e-02
   44400  8.880000000000e+02  2.034504784088e-02
   44450  8.890000000000e+02  1.981193778315e-02
   44500  8.900000000000e+02  1.928248719677e-02
   44550  8.910000000000e+02  1.875698691074e-02
   44600  8.920000000000e+02  1.823574426513e-02
   44650  8.930000000000e+02  1.771903540162e-02
   44700  8.940000000000e+02  1.720713356510e-02
   44750  8.950000000000e+02  1.670030727875e-02
   44800  8.960000000000e+02  1.619880584006e-02
   44850  8.970000000000e+02  1.570287059575e-02
   44900  8.980000000000e+02  1.521275398359e-02
   44950  8.990000000000e+02  1.472867797369e-02
   45000  9.000000000000e+02  1.425086659167e-02
   45050  9.010000000000e+02  1.377953956172e-02
   45100  9.020000000000e+02  1.331487665776e-02
   45150  9.030000000000e+02  1.285707618300e-02
   45200  9.040000000000e+02  1.240634065570e-02
   45250  9.050000000000e+02  1.196282160138e-02
   45300  9.060000000000e+02  1.152668996933e-02
   45350  9.070000000000e+02  1.109811410072e-02
   45400  9.080000000000e+02  1.067722279505e-02
   45450  9.090000000000e+02  1.026415942862e-02
   45500  9.100000000000e+02  9.859055885033e-03
   45550  9.110000000000e+02  9.462023595809e-03
   45600  9.120000000000e+02  9.073178855272e-03
   45650  9.130000000000e+02  8.692613471719e-03
   45700  9.140000000000e+02  8.320412407808e-03
   45750  9.150000000000e+02  7.956665164463e-03
   45800  9.160000000000e+02  7.601441553019e-03
   45850  9.170000000000e+02  7.254790465493e-03
   45900  9.180000000000e+02  6.916771958890e-03
   45950  9.190000000000e+02  6.587434745964e-03
   46000  9.200000000000e+02  6.266800346852e-03
   46050  9.210000000000e+02  5.954901008132e-03
   46100  9.220000000000e+02  5.651758250898e-03
   46150  9.230000000000e+02  5.357374748199e-03
   46200  9.240000000000e+02  5.071754142150e-03
   46250  9.250000000000e+02  4.794889314270e-03
   46300  9.260000000000e+02  4.526764630960e-03
   46350  9.270000000000e+02  4.267356744896e-03
   46400  9.280000000000e+02  4.016631424010e-03
   46450  9.290000000000e+02  3.774551470744e-03
   46500  9.300000000000e+02  3.541078115546e-03
   46550  9.310000000000e+02  3.316152634241e-03
   46600  9.320000000000e+02  3.099710919868e-03
   46650  9.330000000000e+02  2.891692877918e-03
   46700  9.340000000000e+02  2.692023667574e-03
   46750  9.350000000000e+02  2.500620180840e-03
   46800  9.360000000000e+02  2.317400577503e-03
   46850  9.370000000000e+02  2.142274167642e-03
   46900  9.380000000000e+02  1.975140962762e-03
   46950  9.390000000000e+02  1.815899845281e-03
   47000  9.400000000000e+02  1.664438648796e-03
   47050  9.410000000000e+02  1.520645709974e-03
   47100  9.420000000000e+02  1.384405616162e-03
   47150  9.430000000000e+02  1.255589314979e-03
   47200  9.440000000000e+02  1.134074989992e-03
   47250  9.450000000000e+02  1.019732683240e-03
   47300  9.460000000000e+02  9.124204136391e-04
   47350  9.470000000000e+02  8.120002874471e-04
   47400  9.480000000000e+02  7.183340786528e-04
   47450  9.490000000000e+02  6.312729426877e-04
   47500  9.500000000000e+02  5.506682736229e-04
   47550  9.510000000000e+02  4.763692345409e-04
   47600  9.520000000000e+02  4.082186401726e-04
   47650  9.530000000000e+02  3.460606437177e-04
   47700  9.540000000000e+02  2.897360588041e-04
   47750  9.550000000000e+02  2.390826423879e-04
   47800  9.560000000000e+02  1.939394629661e-04
   47850  9.570000000000e+02  1.541413943300e-04
   47900  9.580000000000e+02  1.195203180580e-04
   47950  9.590000000000e+02  8.991045561937e-05
   48000  9.600000000000e+02  6.514449776030e-05
   48050  9.610000000000e+02  4.505304668365e-05
   48100  9.620000000000e+02  2.946797436311e-05
   48150  9.630000000000e+02  1.822016897629e-05
   48200  9.640000000000e+02  1.113975201306e-05
   48250  9.650000000000e+02  8.057970053821e-06
   48300  9.660000000000e+02  8.806219139595e-06
   48350  9.670000000000e+02  1.321622896486e-05
   48400  9.680000000000e+02  2.112027380367e-05
   48450  9.690000000000e+02  3.235185559224e-05
   48500  9.700000000000e+02  4.674518143787e-05
   48550  9.710000000000e+02  6.413506206852e-05
   48600  9.720000000000e+02  8.435908097391e-05
   48650  9.730000000000e+02  1.072565779493e-04
   48700  9.740000000000e+02  1.326653238758e-04
   48750  9.750000000000e+02  1.604285549888e-04
   48800  9.760000000000e+02  1.903907795788e-04
   48850  9.770000000000e+02  2.223965531675e-04
   48900  9.780000000000e+02  2.562954595700e-04
   48950  9.790000000000e+02  2.919375572958e-04
   49000  9.800000000000e+02  3.291769544389e-04
   49050  9.810000000000e+02  3.678700961752e-04
   49100  9.820000000000e+02  4.078729347079e-04
   49150  9.830000000000e+02  4.490470309257e-04
   49200  9.840000000000e+02  4.912600086646e-04
   49250  9.850000000000e+02  5.343772661634e-04
   49300  9.860000000000e+02  5.782672265292e-04
   49350  9.870000000000e+02  6.228081782362e-04
   49400  9.880000000000e+02  6.678740977189e-04
   49450  9.890000000000e+02  7.133420009484e-04
   49500  9.900000000000e+02  7.590986699465e-04
   49550  9.910000000000e+02  8.050323025698e-04
   49600  9.920000000000e+02  8.510325977103e-04
   49650  9.930000000000e+02  8.969926447110e-04
   49700  9.940000000000e+02  9.428098607105e-04
   49750  9.950000000000e+02  9.883865219897e-04
   49800  9.960000000000e+02  1.033629165152e-03
   49850  9.970000000000e+02  1.078443181550e-03
   49900  9.980000000000e+02  1.122742420276e-03
   49950  9.990000000000e+02  1.166447326870e-03
   50000  1.000000000000e+03  1.209472385959e-03
   50050  1.001000000000e+03  1.251738925687e-03
   50100  1.002000000000e+03  1.293179256309e-03
   50150  1.003000000000e+03  1.333721507248e-03
   50200  1.004000000000e+03  1.373298689778e-03
   50250  1.005000000000e+03  1.411855186875e-03
   50300  1.006000000000e+03  1.449330167356e-03
   50350  1.007000000000e+03  1.485668199173e-03
   50400  1.008000000000e+03  1.520820414047e-03
   50450  1.009000000000e+03  1.554736814525e-03
   50500  1.010000000000e+03  1.587381590977e-03
   50550  1.011000000000e+03  1.618715039122e-03
   50600  1.012000000000e+03  1.648693567260e-03
   50650  1.013000000000e+03  1.677291400227e-03
   50700  1.014000000000e+03  1.704476722674e-03
   50750  1.015000000000e+03  1.730218857997e-03
   50800  1.016000000000e+03  1.754501794080e-03
   50850  1.017000000000e+03  1.777309383274e-03
   50900  1.018000000000e+03  1.798618372744e-03
   50950  1.019000000000e+03  1.818415520645e-03
   51000  1.020000000000e+03  1.836690270646e-03
   51050  1.021000000000e+03  1.853437983411e-03
   51100  1.022000000000e+03  1.868657846336e-03
   51150  1.023000000000e+03  1.882339866748e-03
   51200  1.024000000000e+03  1.894485044650e-03
   51250  1.025000000000e+03  1.905103341489e-03
   51300  1.026000000000e+03  1.914194326716e-03
   51350  1.027000000000e+03  1.921766978005e-03
   51400  1.028000000000e+03  1.927841039663e-03
   51450  1.029000000000e+03  1.932423037698e-03
   51500  1.030000000000e+03  1.935523295220e-03
   51550  1.031000000000e+03  1.937168940340e-03
   51600  1.032000000000e+03  1.937378785328e-03
   51650  1.033000000000e+03  1.936172396857e-03
   51700  1.034000000000e+03  1.933572507284e-03
   51750  1.035000000000e+03  1.929602447026e-03
   51800  1.036000000000e+03  1.924291373928e-03
   51850  1.037000000000e+03  1.917669723944e-03
   51900  1.038000000000e+03  1.909761378316e-03
   51950  1.039000000000e+03  1.900600233497e-03
   52000  1.040000000000e+03  1.890223748133e-03
   52050  1.041000000000e+03  1.878654823492e-03
   52100  1.042000000000e+03  1.865932576241e-03
   52150  1.043000000000e+03  1.852100520064e-03
   52200  1.044000000000e+03  1.837189357452e-03
   52250  1.045000000000e+03  1.821232071631e-03
   52300  1.046000000000e+03  1.804273672652e-03
   52350  1.047000000000e+03  1.786354128653e-03
   52400  1.048000000000e+03  1.767512317879e-03
   52450  1.049000000000e+03  1.747786722164e-03
   52500  1.050000000000e+03  1.727215848341e-03
   52550  1.051000000000e+03  1.705847943056e-03
   52600  1.052000000000e+03  1.683720902327e-03
   52650  1.053000000000e+03  1.660868967194e-03
   52700  1.054000000000e+03  1.637342409262e-03
   52750  1.055000000000e+03  1.613181154971e-03
   52800  1.056000000000e+03  1.588419583716e-03
   52850  1.057000000000e+03  1.563102002180e-03
   52900  1.058000000000e+03  1.537272509117e-03
   52950  1.059000000000e+03  1.510967377110e-03
   53000  1.060000000000e+03  1.484227975872e-03
   53050  1.061000000000e+03  1.457096669850e-03
   53100  1.062000000000e+03  1.429612770419e-03
   53150  1.063000000000e+03  1.401817334028e-03
   53200  1.064000000000e+03  1.373740879413e-03
   53250  1.065000000000e+03  1.345428156175e-03
   53300  1.066000000000e+03  1.316921986550e-03
   53350  1.067000000000e+03  1.288251978863e-03
   53400  1.068000000000e+03  1.259451663390e-03
   53450  1.069000000000e+03  1.230563429069e-03
   53500  1.070000000000e+03  1.201618298528e-03
   53550  1.071000000000e+03  1.172645303215e-03
   53600  1.072000000000e+03  1.143685231923e-03
   53650  1.073000000000e+03  1.114768990374e-03
   53700  1.074000000000e+03  1.085922267173e-03
   53750  1.075000000000e+03  1.057176630379e-03
   53800  1.076000000000e+03  1.028561190260e-03
   53850  1.077000000000e+03  1.000106852406e-03
   53900  1.078000000000e+03  9.718407358484e-04
   53950  1.079000000000e+03  9.437813522241e-04
   54000  1.080000000000e+03  9.159599273451e-04
   54050  1.081000000000e+03  8.884047448609e-04
   54100  1.082000000000e+03  8.611297076344e-04
   54150  1.083000000000e+03  8.341602153743e-04
   54200  1.084000000000e+03  8.075216954969e-04
   54250  1.085000000000e+03  7.812275350485e-04
   54300  1.086000000000e+03  7.552966501222e-04
   54350  1.087000000000e+03  7.297495425801e-04
   54400  1.088000000000e+03  7.046013984750e-04
   54450  1.089000000000e+03  6.798670470652e-04
   54500  1.090000000000e+03  6.555585013580e-04
   54550  1.091000000000e+03  6.316892359542e-04
   54600  1.092000000000e+03  6.082754627606e-04
   54650  1.093000000000e+03  5.853240339860e-04
   54700  1.094000000000e+03  5.628404175037e-04
   54750  1.095000000000e+03  5.408417243905e-04
   54800  1.096000000000e+03  5.193344694038e-04
   54850  1.097000000000e+03  4.983185214658e-04
   54900  1.098000000000e+03  4.778036439609e-04
   54950  1.099000000000e+03  4.577953241377e-04
   55000  1.100000000000e+03  4.382948554005e-04
   55050  1.101000000000e+03  4.193056515738e-04
   55100  1.102000000000e+03  4.008308817204e-04
   55150  1.103000000000e+03  3.828709791085e-04
   55200  1.104000000000e+03  3.654260141860e-04
   55250  1.105000000000e+03  3.484932388302e-04
   55300  1.106000000000e+03  3.320737956520e-04
   55350  1.107000000000e+03  3.161698336793e-04
   55400  1.108000000000e+03  3.007729692250e-04
   55450  1.109000000000e+03  2.858795293079e-04
   55500  1.110000000000e+03  2.714911180959e-04
   55550  1.111000000000e+03  2.575989825426e-04
   55600  1.112000000000e+03  2.441974482158e-04
   55650  1.113000000000e+03  2.312841489188e-04
   55700  1.114000000000e+03  2.188518979985e-04
   55750  1.115000000000e+03  2.068927655470e-04
   55800  1.116000000000e+03  1.953987582271e-04
   55850  1.117000000000e+03  1.843630791811e-04
   55900  1.118000000000e+03  1.737793855224e-04
   55950  1.119000000000e+03  1.636381681969e-04
   56000  1.120000000000e+03  1.539276543967e-04
   56050  1.121000000000e+03  1.446419855475e-04
   56100  1.122000000000e+03  1.357729655193e-04
   56150  1.123000000000e+03  1.273058911442e-04
   56200  1.124000000000e+03  1.192335346954e-04
   56250  1.125000000000e+03  1.115471886931e-04
   56300  1.126000000000e+03  1.042345135655e-04
   56350  1.127000000000e+03  9.728467934188e-05
   56400  1.128000000000e+03  9.068823935628e-05
   56450  1.129000000000e+03  8.443416806726e-05
   56500  1.130000000000e+03  7.851156702261e-05
   56550  1.131000000000e+03  7.290828100129e-05
   56600  1.132000000000e+03  6.761374146234e-05
   56650  1.133000000000e+03  6.261924823677e-05
   56700  1.134000000000e+03  5.791187383952e-05
   56750  1.135000000000e+03  5.348004461448e-05
   56800  1.136000000000e+03  4.931544833829e-05
   56850  1.137000000000e+03  4.540595074092e-05
   56900  1.138000000000e+03  4.173964293461e-05
   56950  1.139000000000e+03  3.830835164188e-05
   57000  1.140000000000e+03  3.510172233710e-05
   57050  1.141000000000e+03  3.210833857548e-05
   57100  1.142000000000e+03  2.931864415271e-05
   57150  1.143000000000e+03  2.672291297545e-05
   57200  1.144000000000e+03  2.431165738392e-05
   57250  1.145000000000e+03  2.207555062548e-05
   57300  1.146000000000e+03  2.000462098589e-05
   57350  1.147000000000e+03  1.809078732691e-05
   57400  1.148000000000e+03  1.632601982395e-05
   57450  1.149000000000e+03  1.470031743365e-05
   57500  1.150000000000e+03  1.320588642235e-05
   57550  1.151000000000e+03  1.183601526916e-05
   57600  1.152000000000e+03  1.058182037365e-05
   57650  1.153000000000e+03  9.435726510479e-06
   57700  1.154000000000e+03  8.391772756827e-06
   57750  1.155000000000e+03  7.442921715776e-06
   57800  1.156000000000e+03  6.582138798110e-06
   57850  1.157000000000e+03  5.803322988308e-06
   57900  1.158000000000e+03  5.100473420824e-06
   57950  1.159000000000e+03  4.468374582262e-06
   58000  1.160000000000e+03  3.901463383464e-06
   58050  1.161000000000e+03  3.394036660338e-06
   58100  1.162000000000e+03  2.941823291157e-06
   58150  1.163000000000e+03  2.540113499316e-06
   58200  1.164000000000e+03  2.183929403564e-06
   58250  1.165000000000e+03  1.869618001984e-06
   58300  1.166000000000e+03  1.593563929321e-06
   58350  1.167000000000e+03  1.351668873328e-06
   58400  1.168000000000e+03  1.140590061961e-06
   58450  1.169000000000e+03  9.573824581027e-07
   58500  1.170000000000e+03  7.990787659271e-07
   58550  1.171000000000e+03  6.630230920956e-07
   58600  1.172000000000e+03  5.465728397797e-07
   58650  1.173000000000e+03  4.474843905422e-07
   58700  1.174000000000e+03  3.638365542111e-07
   58750  1.175000000000e+03  2.935283539285e-07
   58800  1.176000000000e+03  2.347756162119e-07
   58850  1.177000000000e+03  1.862399973129e-07
   58900  1.178000000000e+03  1.464021024758e-07
   58950  1.179000000000e+03  1.138839564874e-07
   59000  1.180000000000e+03  8.770610165215e-08
   59050  1.181000000000e+03  6.684402795859e-08
   59100  1.182000000000e+03  5.036496403960e-08
   59150  1.183000000000e+03  3.752401503410e-08
   59200  1.184000000000e+03  2.766733392390e-08
   59250  1.185000000000e+03  2.022352910136e-08
   59300  1.186000000000e+03  1.470214733290e-08
   59350  1.187000000000e+03  1.066540793182e-08
   59400  1.188000000000e+03  7.794128793759e-09
   59450  1.189000000000e+03  5.823213723721e-09
   59500  1.190000000000e+03  4.491286620389e-09
   59550  1.191000000000e+03  3.626602407270e-09
   59600  1.192000000000e+03  3.096619127785e-09
   59650  1.193000000000e+03  2.784030804504e-09
   59700  1.194000000000e+03  2.610997147656e-09
   59750  1.195000000000e+03  2.527160911092e-09
   59800  1.196000000000e+03  2.495049541973e-09
   59850  1.197000000000e+03  2.482906769075e-09
   59900  1.198000000000e+03  2.478194864597e-09
   59950  1.199000000000e+03  2.475687696513e-09
   60000  1.200000000000e+03  2.475433261151e-09
   60050  1.201000000000e+03  2.475236314525e-09
   60100  1.202000000000e+03  2.472912721818e-09
   60150  1.203000000000e+03  2.472706525647e-09
   60200  1.204000000000e+03  2.475493240950e-09
   60250  1.205000000000e+03  2.479089461493e-09
   60300  1.206000000000e+03  2.477939423096e-09
   60350  1.207000000000e+03  2.474409621644e-09
   60400  1.208000000000e+03  2.472964673317e-09
   60450  1.209000000000e+03  2.475424164261e-09
   60500  1.210000000000e+03  2.479062621852e-09
   60550  1.211000000000e+03  2.480619078205e-09
   60600  1.212000000000e+03  2.480473756949e-09
   60650  1.213000000000e+03  2.477901960007e-09
   60700  1.214000000000e+03  2.474627752713e-09
   60750  1.215000000000e+03  2.473917619372e-09
   60800  1.216000000000e+03  2.476395422057e-09
   60850  1.217000000000e+03  2.478961161345e-09
   60900  1.218000000000e+03  2.478806916673e-09
   60950  1.219000000000e+03  2.475770539967e-09
   61000  1.220000000000e+03  2.474192156710e-09
   61050  1.221000000000e+03  2.475933229273e-09
   61100  1.222000000000e+03  2.476712272770e-09
   61150  1.223000000000e+03  2.475677343683e-09
   61200  1.224000000000e+03  2.473982442519e-09
   61250  1.225000000000e+03  2.476345038749e-09
   61300  1.226000000000e+03  2.479532086597e-09
   61350  1.227000000000e+03  2.478148075635e-09
   61400  1.228000000000e+03  2.473507648704e-09
   61450  1.229000000000e+03  2.470732091142e-09
   61500  1.230000000000e+03  2.475473034891e-09
   61550  1.231000000000e+03  2.479530178401e-09
   61600  1.232000000000e+03  2.478580042597e-09
   61650  1.233000000000e+03  2.474227121796e-09
   61700  1.234000000000e+03  2.471968164885e-09
   61750  1.235000000000e+03  2.472651999819e-09
   61800  1.236000000000e+03  2.472733739989e-09
   61850  1.237000000000e+03  2.474042554157e-09
   61900  1.238000000000e+03  2.475642406352e-09
   61950  1.239000000000e+03  2.476240899829e-09
   62000  1.240000000000e+03  2.474082647086e-09
   62050  1.241000000000e+03  2.471220388045e-09
   62100  1.242000000000e+03  2.471822864447e-09
   62150  1.243000000000e+03  2.475383488465e-09
   62200  1.244000000000e+03  2.478918605109e-09
   62250  1.245000000000e+03  2.478025833141e-09
   62300  1.246000000000e+03  2.474855181900e-09
   62350  1.247000000000e+03  2.472073580562e-09
   62400  1.248000000000e+03  2.472563431777e-09
   62450  1.249000000000e+03  2.474968036070e-09
   62500  1.250000000000e+03  2.476331695256e-09
   62550  1.251000000000e+03  2.475214130881e-09
   62600  1.252000000000e+03  2.472877513870e-09
   62650  1.253000000000e+03  2.471634646950e-09
   62700  1.254000000000e+03  2.472390757402e-09
   62750  1.255000000000e+03  2.474774947470e-09
   62800  1.256000000000e+03  2.474675776798e-09
   62850  1.257000000000e+03  2.472911347917e-09
   62900  1.258000000000e+03  2.471476308330e-09
   62950  1.259000000000e+03  2.473054816488e-09
   63000  1.260000000000e+03  2.475852578510e-09
   63050  1.261000000000e+03  2.474469594504e-09
   63100  1.262000000000e+03  2.470550444778e-09
   63150  1.263000000000e+03  2.469954664408e-09
   63200  1.264000000000e+03  2.473757809707e-09
   63250  1.265000000000e+03  2.476496251125e-09
   63300  1.266000000000e+03  2.474050284085e-09
   63350  1.267000000000e+03  2.470373107466e-09
   63400  1.268000000000e+03  2.470595686366e-09
   63450  1.269000000000e+03  2.473560301031e-09
   63500  1.270000000000e+03  2.474164130517e-09
   63550  1.271000000000e+03  2.472508697782e-09
   63600  1.272000000000e+03  2.470969831525e-09
   63650  1.273000000000e+03  2.472207168147e-09
   63700  1.274000000000e+03  2.473658007596e-09
   63750  1.275000000000e+03  2.473233846889e-09
   63800  1.276000000000e+03  2.471491136746e-09
   63850  1.277000000000e+03  2.470317346515e-09
   63900  1.278000000000e+03  2.472216736882e-09
   63950  1.279000000000e+03  2.473814840476e-09
   64000  1.280000000000e+03  2.474541321851e-09
   64050  1.281000000000e+03  2.473425020355e-09
   64100  1.282000000000e+03  2.471754745326e-09
   64150  1.283000000000e+03  2.470587512349e-09
   64200  1.284000000000e+03  2.471022317319e-09
   64250  1.285000000000e+03  2.474172200451e-09
   64300  1.286000000000e+03  2.475938246094e-09
   64350  1.287000000000e+03  2.473975177497e-09
   64400  1.288000000000e+03  2.469020134177e-09
   64450  1.289000000000e+03  2.467525551941e-09
   64500  1.290000000000e+03  2.471115055636e-09
   64550  1.291000000000e+03  2.473168066175e-09
   64600  1.292000000000e+03  2.471708934748e-09
   64650  1.293000000000e+03  2.469589664711e-09
   64700  1.294000000000e+03  2.470279182598e-09
   64750  1.295000000000e+03  2.470490152728e-09
   64800  1.296000000000e+03  2.468597874727e-09
   64850  1.297000000000e+03  2.468069748573e-09
   64900  1.298000000000e+03  2.470680944555e-09
   64950  1.299000000000e+03  2.474257486396e-09
   65000  1.300000000000e+03  2.472683481580e-09
