################################################################################
# HEADER
# nspin         1
#%
# nik       186
#  st         1      26
# ust         1      26
# Iter             t            #  iter t Nex(t)  
################################################################################
       0  0.000000000000e+00 -7.722988915049e-15
      50  2.500000000000e+00  2.734641402213e-10
     100  5.000000000000e+00  1.362910702352e-08
     150  7.500000000000e+00  1.181878115236e-07
     200  1.000000000000e+01  5.263474605402e-07
     250  1.250000000000e+01  1.664282437100e-06
     300  1.500000000000e+01  4.212394572926e-06
     350  1.750000000000e+01  9.042327091320e-06
     400  2.000000000000e+01  1.709661946683e-05
     450  2.250000000000e+01  2.919710890937e-05
     500  2.500000000000e+01  4.572583422707e-05
     550  2.750000000000e+01  6.629442964642e-05
     600  3.000000000000e+01  8.956409304259e-05
     650  3.250000000000e+01  1.131964312942e-04
     700  3.500000000000e+01  1.339620136616e-04
     750  3.750000000000e+01  1.481510457213e-04
     800  4.000000000000e+01  1.522289541041e-04
     850  4.250000000000e+01  1.437062268457e-04
     900  4.500000000000e+01  1.221095451821e-04
     950  4.750000000000e+01  8.998150751828e-05
    1000  5.000000000000e+01  5.361950069269e-05
    1050  5.250000000000e+01  2.363122750366e-05
    1100  5.500000000000e+01  1.472085710925e-05
    1150  5.750000000000e+01  4.482599816884e-05
    1200  6.000000000000e+01  1.335309248238e-04
    1250  6.250000000000e+01  2.995248945365e-04
    1300  6.500000000000e+01  5.578535294164e-04
    1350  6.750000000000e+01  9.168521941146e-04
    1400  7.000000000000e+01  1.375336031998e-03
    1450  7.250000000000e+01  1.920470293599e-03
    1500  7.500000000000e+01  2.526600681642e-03
    1550  7.750000000000e+01  3.155608139590e-03
    1600  8.000000000000e+01  3.759175220231e-03
    1650  8.250000000000e+01  4.282159782988e-03
    1700  8.500000000000e+01  4.668160353588e-03
    1750  8.750000000000e+01  4.867519493444e-03
    1800  9.000000000000e+01  4.844142941299e-03
    1850  9.250000000000e+01  4.580966807877e-03
    1900  9.500000000000e+01  4.084999311926e-03
    1950  9.750000000000e+01  3.392302603401e-03
    2000  1.000000000000e+02  2.569740088994e-03
    2050  1.025000000000e+02  1.713409433288e-03
    2100  1.050000000000e+02  9.415755225106e-04
    2150  1.075000000000e+02  3.850522772525e-04
    2200  1.100000000000e+02  1.757791429366e-04
    2250  1.125000000000e+02  4.321693130619e-04
    2300  1.150000000000e+02  1.244727764089e-03
    2350  1.175000000000e+02  2.662484689776e-03
    2400  1.200000000000e+02  4.681968708863e-03
    2450  1.225000000000e+02  7.241337388680e-03
    2500  1.250000000000e+02  1.021812793262e-02
    2550  1.275000000000e+02  1.343438446395e-02
    2600  1.300000000000e+02  1.666969548365e-02
    2650  1.325000000000e+02  1.967591493017e-02
    2700  1.350000000000e+02  2.219928886988e-02
    2750  1.375000000000e+02  2.400697467534e-02
    2800  1.400000000000e+02  2.490924170142e-02
    2850  1.425000000000e+02  2.478788977069e-02
    2900  1.450000000000e+02  2.360869167119e-02
    2950  1.475000000000e+02  2.143054762405e-02
    3000  1.500000000000e+02  1.840876073070e-02
    3050  1.525000000000e+02  1.479659222400e-02
    3100  1.550000000000e+02  1.092395138756e-02
    3150  1.575000000000e+02  7.173323536577e-03
    3200  1.600000000000e+02  3.952729256130e-03
    3250  1.625000000000e+02  1.654064762103e-03
    3300  1.650000000000e+02  6.150381058784e-04
    3350  1.675000000000e+02  1.083470581866e-03
    3400  1.700000000000e+02  3.185056383118e-03
    3450  1.725000000000e+02  6.905106080440e-03
    3500  1.750000000000e+02  1.207806775621e-02
    3550  1.775000000000e+02  1.839435347315e-02
    3600  1.800000000000e+02  2.542425390857e-02
    3650  1.825000000000e+02  3.264568242854e-02
    3700  1.850000000000e+02  3.949158724005e-02
    3750  1.875000000000e+02  4.540402948218e-02
    3800  1.900000000000e+02  4.987549998817e-02
    3850  1.925000000000e+02  5.250096442739e-02
    3900  1.950000000000e+02  5.302266578331e-02
    3950  1.975000000000e+02  5.135694047441e-02
    4000  2.000000000000e+02  4.759395699408e-02
    4050  2.025000000000e+02  4.201913577016e-02
    4100  2.050000000000e+02  3.508258345661e-02
    4150  2.075000000000e+02  2.737181204703e-02
    4200  2.100000000000e+02  1.957311244403e-02
    4250  2.125000000000e+02  1.240143491398e-02
    4300  2.150000000000e+02  6.544096218700e-03
    4350  2.175000000000e+02  2.601254429413e-03
    4400  2.200000000000e+02  1.019813369898e-03
    4450  2.225000000000e+02  2.050262933950e-03
    4500  2.250000000000e+02  5.715375427002e-03
    4550  2.275000000000e+02  1.180179403050e-02
    4600  2.300000000000e+02  1.987911234813e-02
    4650  2.325000000000e+02  2.932936312122e-02
    4700  2.350000000000e+02  3.940805082971e-02
    4750  2.375000000000e+02  4.931285784152e-02
    4800  2.400000000000e+02  5.824098765329e-02
    4850  2.425000000000e+02  6.547087956269e-02
    4900  2.450000000000e+02  7.042409054203e-02
    4950  2.475000000000e+02  7.269664510845e-02
    5000  2.500000000000e+02  7.211074050257e-02
    5050  2.525000000000e+02  6.872592146041e-02
    5100  2.550000000000e+02  6.280862542568e-02
    5150  2.575000000000e+02  5.483150076022e-02
    5200  2.600000000000e+02  4.544016166723e-02
    5250  2.625000000000e+02  3.538190672077e-02
    5300  2.650000000000e+02  2.545980374770e-02
    5350  2.675000000000e+02  1.646744763208e-02
    5400  2.700000000000e+02  9.106474316604e-03
    5450  2.725000000000e+02  3.933749254211e-03
    5500  2.750000000000e+02  1.309689364572e-03
    5550  2.775000000000e+02  1.361300746933e-03
    5600  2.800000000000e+02  3.977977348644e-03
    5650  2.825000000000e+02  8.821098773216e-03
    5700  2.850000000000e+02  1.536464252923e-02
    5750  2.875000000000e+02  2.295025121145e-02
    5800  2.900000000000e+02  3.084580942484e-02
    5850  2.925000000000e+02  3.832635840408e-02
    5900  2.950000000000e+02  4.473471996850e-02
    5950  2.975000000000e+02  4.952604228886e-02
    6000  3.000000000000e+02  5.232292769571e-02
    6050  3.025000000000e+02  5.293588458732e-02
    6100  3.050000000000e+02  5.135819400196e-02
    6150  3.075000000000e+02  4.776992570203e-02
    6200  3.100000000000e+02  4.251013934430e-02
    6250  3.125000000000e+02  3.603242096725e-02
    6300  3.150000000000e+02  2.887941588938e-02
    6350  3.175000000000e+02  2.163087630963e-02
    6400  3.200000000000e+02  1.484479375838e-02
    6450  3.225000000000e+02  9.024982272439e-03
    6500  3.250000000000e+02  4.575444041304e-03
    6550  3.275000000000e+02  1.762329605375e-03
    6600  3.300000000000e+02  7.018021197110e-04
    6650  3.325000000000e+02  1.351011751968e-03
    6700  3.350000000000e+02  3.519495898264e-03
    6750  3.375000000000e+02  6.895511408297e-03
    6800  3.400000000000e+02  1.107749914101e-02
    6850  3.425000000000e+02  1.562322333720e-02
    6900  3.450000000000e+02  2.008963186227e-02
    6950  3.475000000000e+02  2.406796487175e-02
    7000  3.500000000000e+02  2.722878965238e-02
    7050  3.525000000000e+02  2.933752048821e-02
    7100  3.550000000000e+02  3.026093148029e-02
    7150  3.575000000000e+02  2.998593656732e-02
    7200  3.600000000000e+02  2.859616345996e-02
    7250  3.625000000000e+02  2.624718442681e-02
    7300  3.650000000000e+02  2.316418237290e-02
    7350  3.675000000000e+02  1.960950203795e-02
    7400  3.700000000000e+02  1.585113244173e-02
    7450  3.725000000000e+02  1.215320859946e-02
    7500  3.750000000000e+02  8.747295366157e-03
    7550  3.775000000000e+02  5.811293459249e-03
    7600  3.800000000000e+02  3.468675009372e-03
    7650  3.825000000000e+02  1.778157266706e-03
    7700  3.850000000000e+02  7.336084366076e-04
    7750  3.875000000000e+02  2.764910697378e-04
    7800  3.900000000000e+02  3.049695176910e-04
    7850  3.925000000000e+02  6.906548866900e-04
    7900  3.950000000000e+02  1.295398142620e-03
    7950  3.975000000000e+02  1.984898249738e-03
    8000  4.000000000000e+02  2.644294648943e-03
    8050  4.025000000000e+02  3.183268804951e-03
    8100  4.050000000000e+02  3.539768705873e-03
    8150  4.075000000000e+02  3.685844233711e-03
    8200  4.100000000000e+02  3.620146304748e-03
    8250  4.125000000000e+02  3.363705840193e-03
    8300  4.150000000000e+02  2.958572335335e-03
    8350  4.175000000000e+02  2.455875474100e-03
    8400  4.200000000000e+02  1.909926192843e-03
    8450  4.225000000000e+02  1.376550916010e-03
    8500  4.250000000000e+02  9.030278434862e-04
    8550  4.275000000000e+02  5.243779751098e-04
    8600  4.300000000000e+02  2.630473407764e-04
    8650  4.325000000000e+02  1.248340204305e-04
    8700  4.350000000000e+02  1.010106224699e-04
    8750  4.375000000000e+02  1.717548338767e-04
    8800  4.400000000000e+02  3.094021747528e-04
    8850  4.425000000000e+02  4.845043619536e-04
    8900  4.450000000000e+02  6.683475560353e-04
    8950  4.475000000000e+02  8.370679446169e-04
    9000  4.500000000000e+02  9.754756599791e-04
    9050  4.525000000000e+02  1.074342875400e-03
    9100  4.550000000000e+02  1.131468794420e-03
    9150  4.575000000000e+02  1.151908862324e-03
    9200  4.600000000000e+02  1.141531874168e-03
    9250  4.625000000000e+02  1.107249706536e-03
    9300  4.650000000000e+02  1.057633728640e-03
    9350  4.675000000000e+02  9.980431682683e-04
    9400  4.700000000000e+02  9.327591815065e-04
    9450  4.725000000000e+02  8.670910729044e-04
    9500  4.750000000000e+02  8.033189043429e-04
    9550  4.775000000000e+02  7.426375488099e-04
    9600  4.800000000000e+02  6.875465524412e-04
    9650  4.825000000000e+02  6.384769555769e-04
    9700  4.850000000000e+02  5.956064024827e-04
    9750  4.875000000000e+02  5.611055967999e-04
    9800  4.900000000000e+02  5.356287547130e-04
    9850  4.925000000000e+02  5.190141234829e-04
    9900  4.950000000000e+02  5.121492047448e-04
    9950  4.975000000000e+02  5.137399800598e-04
   10000  5.000000000000e+02  5.211603626977e-04
   10050  5.025000000000e+02  5.339506755011e-04
   10100  5.050000000000e+02  5.523078864347e-04
   10150  5.075000000000e+02  5.741345884717e-04
   10200  5.100000000000e+02  5.987167987532e-04
   10250  5.125000000000e+02  6.236986302689e-04
   10300  5.150000000000e+02  6.452990251031e-04
   10350  5.175000000000e+02  6.620900596872e-04
   10400  5.200000000000e+02  6.728712158682e-04
   10450  5.225000000000e+02  6.766969231443e-04
   10500  5.250000000000e+02  6.760883236301e-04
   10550  5.275000000000e+02  6.732148866771e-04
   10600  5.300000000000e+02  6.692312362481e-04
   10650  5.325000000000e+02  6.671915358129e-04
   10700  5.350000000000e+02  6.689191873164e-04
   10750  5.375000000000e+02  6.746718531055e-04
   10800  5.400000000000e+02  6.864793485818e-04
   10850  5.425000000000e+02  7.048538103571e-04
   10900  5.450000000000e+02  7.276783725324e-04
   10950  5.475000000000e+02  7.538699153004e-04
   11000  5.500000000000e+02  7.809336812262e-04
   11050  5.525000000000e+02  8.047172240583e-04
   11100  5.550000000000e+02  8.240562766857e-04
   11150  5.575000000000e+02  8.384712340645e-04
   11200  5.600000000000e+02  8.466863863778e-04
   11250  5.625000000000e+02  8.505627759833e-04
   11300  5.650000000000e+02  8.520207568922e-04
   11350  5.675000000000e+02  8.514577576033e-04
   11400  5.700000000000e+02  8.517559085847e-04
   11450  5.725000000000e+02  8.555623298663e-04
   11500  5.750000000000e+02  8.629910429460e-04
   11550  5.775000000000e+02  8.754656185182e-04
   11600  5.800000000000e+02  8.931765029137e-04
   11650  5.825000000000e+02  9.131675054038e-04
   11700  5.850000000000e+02  9.341553445613e-04
   11750  5.875000000000e+02  9.551132343163e-04
   11800  5.900000000000e+02  9.731482696800e-04
   11850  5.925000000000e+02  9.881353536064e-04
   11900  5.950000000000e+02  1.000761011581e-03
   11950  5.975000000000e+02  1.009751257034e-03
   12000  6.000000000000e+02  1.016407760225e-03
   12050  6.025000000000e+02  1.022942213751e-03
   12100  6.050000000000e+02  1.029176837546e-03
   12150  6.075000000000e+02  1.037019340322e-03
   12200  6.100000000000e+02  1.048718227454e-03
   12250  6.125000000000e+02  1.063286065339e-03
   12300  6.150000000000e+02  1.080992044663e-03
   12350  6.175000000000e+02  1.102405554990e-03
   12400  6.200000000000e+02  1.124856135267e-03
   12450  6.225000000000e+02  1.147334607051e-03
   12500  6.250000000000e+02  1.170014637946e-03
   12550  6.275000000000e+02  1.190338324388e-03
   12600  6.300000000000e+02  1.207721782173e-03
   12650  6.325000000000e+02  1.223172544377e-03
   12700  6.350000000000e+02  1.235053551995e-03
   12750  6.375000000000e+02  1.243923478665e-03
   12800  6.400000000000e+02  1.252431455552e-03
   12850  6.425000000000e+02  1.260666053420e-03
   12900  6.450000000000e+02  1.270385306172e-03
   12950  6.475000000000e+02  1.284616550438e-03
   13000  6.500000000000e+02  1.302521824527e-03
   13050  6.525000000000e+02  1.323721830255e-03
   13100  6.550000000000e+02  1.348939627142e-03
   13150  6.575000000000e+02  1.375327653918e-03
   13200  6.600000000000e+02  1.401073722061e-03
   13250  6.625000000000e+02  1.426549026699e-03
   13300  6.650000000000e+02  1.449255174330e-03
   13350  6.675000000000e+02  1.468096736931e-03
   13400  6.700000000000e+02  1.484677040175e-03
   13450  6.725000000000e+02  1.497895072778e-03
   13500  6.750000000000e+02  1.508029552067e-03
   13550  6.775000000000e+02  1.518266883348e-03
   13600  6.800000000000e+02  1.528750096807e-03
   13650  6.825000000000e+02  1.540131066838e-03
   13700  6.850000000000e+02  1.555275729467e-03
   13750  6.875000000000e+02  1.573304963635e-03
   13800  6.900000000000e+02  1.593437070249e-03
   13850  6.925000000000e+02  1.617604811463e-03
   13900  6.950000000000e+02  1.644675281122e-03
   13950  6.975000000000e+02  1.673669841580e-03
   14000  7.000000000000e+02  1.706217922303e-03
