# energy [H], band-resolved DOS
   -5.856888    0.000065
   -5.841609    0.000065
   -5.826330    0.000066
   -5.811051    0.000066
   -5.795772    0.000066
   -5.780493    0.000067
   -5.765214    0.000067
   -5.749935    0.000067
   -5.734656    0.000068
   -5.719377    0.000068
   -5.704099    0.000068
   -5.688820    0.000069
   -5.673541    0.000069
   -5.658262    0.000069
   -5.642983    0.000070
   -5.627704    0.000070
   -5.612425    0.000070
   -5.597146    0.000071
   -5.581867    0.000071
   -5.566588    0.000072
   -5.551309    0.000072
   -5.536030    0.000072
   -5.520752    0.000073
   -5.505473    0.000073
   -5.490194    0.000073
   -5.474915    0.000074
   -5.459636    0.000074
   -5.444357    0.000075
   -5.429078    0.000075
   -5.413799    0.000075
   -5.398520    0.000076
   -5.383241    0.000076
   -5.367962    0.000077
   -5.352683    0.000077
   -5.337405    0.000077
   -5.322126    0.000078
   -5.306847    0.000078
   -5.291568    0.000079
   -5.276289    0.000079
   -5.261010    0.000080
   -5.245731    0.000080
   -5.230452    0.000080
   -5.215173    0.000081
   -5.199894    0.000081
   -5.184615    0.000082
   -5.169336    0.000082
   -5.154058    0.000083
   -5.138779    0.000083
   -5.123500    0.000084
   -5.108221    0.000084
   -5.092942    0.000084
   -5.077663    0.000085
   -5.062384    0.000085
   -5.047105    0.000086
   -5.031826    0.000086
   -5.016547    0.000087
   -5.001268    0.000087
   -4.985989    0.000088
   -4.970711    0.000088
   -4.955432    0.000089
   -4.940153    0.000089
   -4.924874    0.000090
   -4.909595    0.000090
   -4.894316    0.000091
   -4.879037    0.000091
   -4.863758    0.000092
   -4.848479    0.000093
   -4.833200    0.000093
   -4.817921    0.000094
   -4.802642    0.000094
   -4.787363    0.000095
   -4.772085    0.000095
   -4.756806    0.000096
   -4.741527    0.000096
   -4.726248    0.000097
   -4.710969    0.000098
   -4.695690    0.000098
   -4.680411    0.000099
   -4.665132    0.000099
   -4.649853    0.000100
   -4.634574    0.000101
   -4.619295    0.000101
   -4.604016    0.000102
   -4.588738    0.000102
   -4.573459    0.000103
   -4.558180    0.000104
   -4.542901    0.000104
   -4.527622    0.000105
   -4.512343    0.000106
   -4.497064    0.000106
   -4.481785    0.000107
   -4.466506    0.000108
   -4.451227    0.000108
   -4.435948    0.000109
   -4.420669    0.000110
   -4.405391    0.000110
   -4.390112    0.000111
   -4.374833    0.000112
   -4.359554    0.000113
   -4.344275    0.000113
   -4.328996    0.000114
   -4.313717    0.000115
   -4.298438    0.000115
   -4.283159    0.000116
   -4.267880    0.000117
   -4.252601    0.000118
   -4.237322    0.000119
   -4.222044    0.000119
   -4.206765    0.000120
   -4.191486    0.000121
   -4.176207    0.000122
   -4.160928    0.000123
   -4.145649    0.000123
   -4.130370    0.000124
   -4.115091    0.000125
   -4.099812    0.000126
   -4.084533    0.000127
   -4.069254    0.000128
   -4.053975    0.000129
   -4.038697    0.000129
   -4.023418    0.000130
   -4.008139    0.000131
   -3.992860    0.000132
   -3.977581    0.000133
   -3.962302    0.000134
   -3.947023    0.000135
   -3.931744    0.000136
   -3.916465    0.000137
   -3.901186    0.000138
   -3.885907    0.000139
   -3.870628    0.000140
   -3.855350    0.000141
   -3.840071    0.000142
   -3.824792    0.000143
   -3.809513    0.000144
   -3.794234    0.000145
   -3.778955    0.000146
   -3.763676    0.000147
   -3.748397    0.000148
   -3.733118    0.000149
   -3.717839    0.000150
   -3.702560    0.000151
   -3.687281    0.000153
   -3.672003    0.000154
   -3.656724    0.000155
   -3.641445    0.000156
   -3.626166    0.000157
   -3.610887    0.000158
   -3.595608    0.000160
   -3.580329    0.000161
   -3.565050    0.000162
   -3.549771    0.000163
   -3.534492    0.000165
   -3.519213    0.000166
   -3.503934    0.000167
   -3.488656    0.000169
   -3.473377    0.000170
   -3.458098    0.000171
   -3.442819    0.000173
   -3.427540    0.000174
   -3.412261    0.000175
   -3.396982    0.000177
   -3.381703    0.000178
   -3.366424    0.000180
   -3.351145    0.000181
   -3.335866    0.000183
   -3.320587    0.000184
   -3.305309    0.000186
   -3.290030    0.000187
   -3.274751    0.000189
   -3.259472    0.000190
   -3.244193    0.000192
   -3.228914    0.000194
   -3.213635    0.000195
   -3.198356    0.000197
   -3.183077    0.000199
   -3.167798    0.000200
   -3.152519    0.000202
   -3.137240    0.000204
   -3.121962    0.000206
   -3.106683    0.000207
   -3.091404    0.000209
   -3.076125    0.000211
   -3.060846    0.000213
   -3.045567    0.000215
   -3.030288    0.000217
   -3.015009    0.000219
   -2.999730    0.000221
   -2.984451    0.000223
   -2.969172    0.000225
   -2.953893    0.000227
   -2.938615    0.000229
   -2.923336    0.000231
   -2.908057    0.000233
   -2.892778    0.000235
   -2.877499    0.000237
   -2.862220    0.000240
   -2.846941    0.000242
   -2.831662    0.000244
   -2.816383    0.000247
   -2.801104    0.000249
   -2.785825    0.000251
   -2.770546    0.000254
   -2.755268    0.000256
   -2.739989    0.000259
   -2.724710    0.000261
   -2.709431    0.000264
   -2.694152    0.000266
   -2.678873    0.000269
   -2.663594    0.000272
   -2.648315    0.000275
   -2.633036    0.000277
   -2.617757    0.000280
   -2.602478    0.000283
   -2.587199    0.000286
   -2.571921    0.000289
   -2.556642    0.000292
   -2.541363    0.000295
   -2.526084    0.000298
   -2.510805    0.000301
   -2.495526    0.000304
   -2.480247    0.000308
   -2.464968    0.000311
   -2.449689    0.000314
   -2.434410    0.000318
   -2.419131    0.000321
   -2.403852    0.000325
   -2.388573    0.000328
   -2.373295    0.000332
   -2.358016    0.000335
   -2.342737    0.000339
   -2.327458    0.000343
   -2.312179    0.000347
   -2.296900    0.000351
   -2.281621    0.000355
   -2.266342    0.000359
   -2.251063    0.000363
   -2.235784    0.000367
   -2.220505    0.000372
   -2.205226    0.000376
   -2.189948    0.000380
   -2.174669    0.000385
   -2.159390    0.000390
   -2.144111    0.000394
   -2.128832    0.000399
   -2.113553    0.000404
   -2.098274    0.000409
   -2.082995    0.000414
   -2.067716    0.000419
   -2.052437    0.000424
   -2.037158    0.000430
   -2.021879    0.000435
   -2.006601    0.000441
   -1.991322    0.000446
   -1.976043    0.000452
   -1.960764    0.000458
   -1.945485    0.000464
   -1.930206    0.000470
   -1.914927    0.000476
   -1.899648    0.000483
   -1.884369    0.000489
   -1.869090    0.000496
   -1.853811    0.000503
   -1.838532    0.000509
   -1.823254    0.000516
   -1.807975    0.000524
   -1.792696    0.000531
   -1.777417    0.000538
   -1.762138    0.000546
   -1.746859    0.000554
   -1.731580    0.000562
   -1.716301    0.000570
   -1.701022    0.000578
   -1.685743    0.000587
   -1.670464    0.000596
   -1.655185    0.000605
   -1.639907    0.000614
   -1.624628    0.000623
   -1.609349    0.000632
   -1.594070    0.000642
   -1.578791    0.000652
   -1.563512    0.000662
   -1.548233    0.000673
   -1.532954    0.000684
   -1.517675    0.000695
   -1.502396    0.000706
   -1.487117    0.000717
   -1.471838    0.000729
   -1.456560    0.000741
   -1.441281    0.000753
   -1.426002    0.000766
   -1.410723    0.000779
   -1.395444    0.000793
   -1.380165    0.000806
   -1.364886    0.000820
   -1.349607    0.000835
   -1.334328    0.000849
   -1.319049    0.000865
   -1.303770    0.000880
   -1.288491    0.000896
   -1.273213    0.000913
   -1.257934    0.000930
   -1.242655    0.000947
   -1.227376    0.000965
   -1.212097    0.000984
   -1.196818    0.001002
   -1.181539    0.001022
   -1.166260    0.001042
   -1.150981    0.001063
   -1.135702    0.001084
   -1.120423    0.001106
   -1.105144    0.001129
   -1.089866    0.001152
   -1.074587    0.001176
   -1.059308    0.001201
   -1.044029    0.001227
   -1.028750    0.001253
   -1.013471    0.001280
   -0.998192    0.001309
   -0.982913    0.001338
   -0.967634    0.001368
   -0.952355    0.001399
   -0.937076    0.001431
   -0.921797    0.001465
   -0.906519    0.001499
   -0.891240    0.001535
   -0.875961    0.001572
   -0.860682    0.001611
   -0.845403    0.001651
   -0.830124    0.001692
   -0.814845    0.001735
   -0.799566    0.001780
   -0.784287    0.001826
   -0.769008    0.001874
   -0.753729    0.001924
   -0.738450    0.001977
   -0.723172    0.002031
   -0.707893    0.002088
   -0.692614    0.002147
   -0.677335    0.002208
   -0.662056    0.002273
   -0.646777    0.002340
   -0.631498    0.002410
   -0.616219    0.002483
   -0.600940    0.002560
   -0.585661    0.002640
   -0.570382    0.002725
   -0.555103    0.002813
   -0.539825    0.002906
   -0.524546    0.003003
   -0.509267    0.003106
   -0.493988    0.003213
   -0.478709    0.003327
   -0.463430    0.003446
   -0.448151    0.003572
   -0.432872    0.003706
   -0.417593    0.003846
   -0.402314    0.003995
   -0.387035    0.004153
   -0.371756    0.004321
   -0.356478    0.004498
   -0.341199    0.004687
   -0.325920    0.004888
   -0.310641    0.005103
   -0.295362    0.005331
   -0.280083    0.005576
   -0.264804    0.005838
   -0.249525    0.006119
   -0.234246    0.006420
   -0.218967    0.006745
   -0.203688    0.007095
   -0.188409    0.007472
   -0.173130    0.007881
   -0.157852    0.008325
   -0.142573    0.008807
   -0.127294    0.009333
   -0.112015    0.009907
   -0.096736    0.010536
   -0.081457    0.011228
   -0.066178    0.011990
   -0.050899    0.012832
   -0.035620    0.013768
   -0.020341    0.014810
   -0.005062    0.015975
    0.010217    0.017285
    0.025495    0.018764
    0.040774    0.020443
    0.056053    0.022360
    0.071332    0.024563
    0.086611    0.027112
    0.101890    0.030083
    0.117169    0.033579
    0.132448    0.037731
    0.147727    0.042717
    0.163006    0.048781
    0.178285    0.056265
    0.193564    0.065663
    0.208842    0.077705
    0.224121    0.093527
    0.239400    0.114964
    0.254679    0.145187
    0.269958    0.190121
    0.285237    0.262180
    0.300516    0.392252
    0.315795    0.683696
    0.331074    1.745732
    0.346353    4.323567
    0.361632    8.868879
    0.376911    8.459118
    0.392189    7.306957
    0.407468    8.500125
    0.422747    9.733854
    0.438026    5.569543
    0.453305    4.326083
    0.468584    1.467403
    0.483863    0.610881
    0.499142    0.359293
    0.514421    0.243615
    0.529700    0.178425
    0.544979    0.137275
    0.560258    0.109335
    0.575536    0.089367
    0.590815    0.074538
    0.606094    0.063192
    0.621373    0.054299
    0.636652    0.047189
    0.651931    0.041409
    0.667210    0.036643
    0.682489    0.032664
    0.697768    0.029306
    0.713047    0.026446
    0.728326    0.023988
    0.743605    0.021861
    0.758883    0.020006
    0.774162    0.018379
    0.789441    0.016945
    0.804720    0.015672
    0.819999    0.014539
    0.835278    0.013525
    0.850557    0.012614
    0.865836    0.011792
    0.881115    0.011049
    0.896394    0.010374
    0.911673    0.009759
    0.926952    0.009197
    0.942230    0.008683
    0.957509    0.008211
    0.972788    0.007776
    0.988067    0.007375
    1.003346    0.007004
    1.018625    0.006661
    1.033904    0.006343
    1.049183    0.006046
    1.064462    0.005771
    1.079741    0.005513
    1.095020    0.005273
    1.110299    0.005048
    1.125577    0.004837
    1.140856    0.004639
    1.156135    0.004453
    1.171414    0.004278
    1.186693    0.004113
    1.201972    0.003957
    1.217251    0.003810
    1.232530    0.003671
    1.247809    0.003540
    1.263088    0.003416
    1.278367    0.003298
    1.293646    0.003186
    1.308924    0.003079
    1.324203    0.002978
    1.339482    0.002882
    1.354761    0.002790
    1.370040    0.002703
    1.385319    0.002620
    1.400598    0.002540
    1.415877    0.002465
    1.431156    0.002392
    1.446435    0.002323
    1.461714    0.002256
    1.476993    0.002193
    1.492271    0.002132
    1.507550    0.002073
    1.522829    0.002017
    1.538108    0.001963
    1.553387    0.001912
    1.568666    0.001862
    1.583945    0.001814
    1.599224    0.001768
    1.614503    0.001724
    1.629782    0.001681
    1.645061    0.001640
    1.660340    0.001601
    1.675618    0.001563
    1.690897    0.001526
    1.706176    0.001490
    1.721455    0.001456
    1.736734    0.001423
    1.752013    0.001391
    1.767292    0.001360
