# energy [H], band-resolved DOS
   -5.856888    0.000087
   -5.841609    0.000087
   -5.826330    0.000088
   -5.811051    0.000088
   -5.795772    0.000089
   -5.780493    0.000089
   -5.765214    0.000090
   -5.749935    0.000090
   -5.734656    0.000091
   -5.719377    0.000092
   -5.704099    0.000092
   -5.688820    0.000093
   -5.673541    0.000093
   -5.658262    0.000094
   -5.642983    0.000094
   -5.627704    0.000095
   -5.612425    0.000095
   -5.597146    0.000096
   -5.581867    0.000097
   -5.566588    0.000097
   -5.551309    0.000098
   -5.536030    0.000098
   -5.520752    0.000099
   -5.505473    0.000099
   -5.490194    0.000100
   -5.474915    0.000101
   -5.459636    0.000101
   -5.444357    0.000102
   -5.429078    0.000103
   -5.413799    0.000103
   -5.398520    0.000104
   -5.383241    0.000104
   -5.367962    0.000105
   -5.352683    0.000106
   -5.337405    0.000106
   -5.322126    0.000107
   -5.306847    0.000108
   -5.291568    0.000108
   -5.276289    0.000109
   -5.261010    0.000110
   -5.245731    0.000111
   -5.230452    0.000111
   -5.215173    0.000112
   -5.199894    0.000113
   -5.184615    0.000113
   -5.169336    0.000114
   -5.154058    0.000115
   -5.138779    0.000116
   -5.123500    0.000116
   -5.108221    0.000117
   -5.092942    0.000118
   -5.077663    0.000119
   -5.062384    0.000119
   -5.047105    0.000120
   -5.031826    0.000121
   -5.016547    0.000122
   -5.001268    0.000123
   -4.985989    0.000124
   -4.970711    0.000124
   -4.955432    0.000125
   -4.940153    0.000126
   -4.924874    0.000127
   -4.909595    0.000128
   -4.894316    0.000129
   -4.879037    0.000130
   -4.863758    0.000130
   -4.848479    0.000131
   -4.833200    0.000132
   -4.817921    0.000133
   -4.802642    0.000134
   -4.787363    0.000135
   -4.772085    0.000136
   -4.756806    0.000137
   -4.741527    0.000138
   -4.726248    0.000139
   -4.710969    0.000140
   -4.695690    0.000141
   -4.680411    0.000142
   -4.665132    0.000143
   -4.649853    0.000144
   -4.634574    0.000145
   -4.619295    0.000146
   -4.604016    0.000147
   -4.588738    0.000148
   -4.573459    0.000149
   -4.558180    0.000151
   -4.542901    0.000152
   -4.527622    0.000153
   -4.512343    0.000154
   -4.497064    0.000155
   -4.481785    0.000156
   -4.466506    0.000157
   -4.451227    0.000159
   -4.435948    0.000160
   -4.420669    0.000161
   -4.405391    0.000162
   -4.390112    0.000164
   -4.374833    0.000165
   -4.359554    0.000166
   -4.344275    0.000168
   -4.328996    0.000169
   -4.313717    0.000170
   -4.298438    0.000172
   -4.283159    0.000173
   -4.267880    0.000174
   -4.252601    0.000176
   -4.237322    0.000177
   -4.222044    0.000179
   -4.206765    0.000180
   -4.191486    0.000181
   -4.176207    0.000183
   -4.160928    0.000184
   -4.145649    0.000186
   -4.130370    0.000188
   -4.115091    0.000189
   -4.099812    0.000191
   -4.084533    0.000192
   -4.069254    0.000194
   -4.053975    0.000196
   -4.038697    0.000197
   -4.023418    0.000199
   -4.008139    0.000201
   -3.992860    0.000202
   -3.977581    0.000204
   -3.962302    0.000206
   -3.947023    0.000208
   -3.931744    0.000209
   -3.916465    0.000211
   -3.901186    0.000213
   -3.885907    0.000215
   -3.870628    0.000217
   -3.855350    0.000219
   -3.840071    0.000221
   -3.824792    0.000223
   -3.809513    0.000225
   -3.794234    0.000227
   -3.778955    0.000229
   -3.763676    0.000231
   -3.748397    0.000233
   -3.733118    0.000236
   -3.717839    0.000238
   -3.702560    0.000240
   -3.687281    0.000242
   -3.672003    0.000245
   -3.656724    0.000247
   -3.641445    0.000249
   -3.626166    0.000252
   -3.610887    0.000254
   -3.595608    0.000257
   -3.580329    0.000259
   -3.565050    0.000262
   -3.549771    0.000264
   -3.534492    0.000267
   -3.519213    0.000270
   -3.503934    0.000272
   -3.488656    0.000275
   -3.473377    0.000278
   -3.458098    0.000281
   -3.442819    0.000283
   -3.427540    0.000286
   -3.412261    0.000289
   -3.396982    0.000292
   -3.381703    0.000295
   -3.366424    0.000298
   -3.351145    0.000302
   -3.335866    0.000305
   -3.320587    0.000308
   -3.305309    0.000311
   -3.290030    0.000315
   -3.274751    0.000318
   -3.259472    0.000322
   -3.244193    0.000325
   -3.228914    0.000329
   -3.213635    0.000332
   -3.198356    0.000336
   -3.183077    0.000340
   -3.167798    0.000344
   -3.152519    0.000347
   -3.137240    0.000351
   -3.121962    0.000355
   -3.106683    0.000360
   -3.091404    0.000364
   -3.076125    0.000368
   -3.060846    0.000372
   -3.045567    0.000377
   -3.030288    0.000381
   -3.015009    0.000386
   -2.999730    0.000390
   -2.984451    0.000395
   -2.969172    0.000400
   -2.953893    0.000405
   -2.938615    0.000410
   -2.923336    0.000415
   -2.908057    0.000420
   -2.892778    0.000425
   -2.877499    0.000430
   -2.862220    0.000436
   -2.846941    0.000442
   -2.831662    0.000447
   -2.816383    0.000453
   -2.801104    0.000459
   -2.785825    0.000465
   -2.770546    0.000471
   -2.755268    0.000477
   -2.739989    0.000484
   -2.724710    0.000490
   -2.709431    0.000497
   -2.694152    0.000504
   -2.678873    0.000510
   -2.663594    0.000518
   -2.648315    0.000525
   -2.633036    0.000532
   -2.617757    0.000540
   -2.602478    0.000547
   -2.587199    0.000555
   -2.571921    0.000563
   -2.556642    0.000571
   -2.541363    0.000580
   -2.526084    0.000588
   -2.510805    0.000597
   -2.495526    0.000606
   -2.480247    0.000615
   -2.464968    0.000624
   -2.449689    0.000634
   -2.434410    0.000644
   -2.419131    0.000654
   -2.403852    0.000664
   -2.388573    0.000674
   -2.373295    0.000685
   -2.358016    0.000696
   -2.342737    0.000707
   -2.327458    0.000719
   -2.312179    0.000731
   -2.296900    0.000743
   -2.281621    0.000755
   -2.266342    0.000768
   -2.251063    0.000781
   -2.235784    0.000794
   -2.220505    0.000808
   -2.205226    0.000822
   -2.189948    0.000837
   -2.174669    0.000851
   -2.159390    0.000867
   -2.144111    0.000882
   -2.128832    0.000898
   -2.113553    0.000915
   -2.098274    0.000932
   -2.082995    0.000949
   -2.067716    0.000967
   -2.052437    0.000986
   -2.037158    0.001005
   -2.021879    0.001025
   -2.006601    0.001045
   -1.991322    0.001065
   -1.976043    0.001087
   -1.960764    0.001109
   -1.945485    0.001132
   -1.930206    0.001155
   -1.914927    0.001179
   -1.899648    0.001204
   -1.884369    0.001230
   -1.869090    0.001256
   -1.853811    0.001284
   -1.838532    0.001312
   -1.823254    0.001341
   -1.807975    0.001371
   -1.792696    0.001403
   -1.777417    0.001435
   -1.762138    0.001469
   -1.746859    0.001503
   -1.731580    0.001539
   -1.716301    0.001576
   -1.701022    0.001615
   -1.685743    0.001655
   -1.670464    0.001697
   -1.655185    0.001740
   -1.639907    0.001784
   -1.624628    0.001831
   -1.609349    0.001879
   -1.594070    0.001930
   -1.578791    0.001982
   -1.563512    0.002037
   -1.548233    0.002093
   -1.532954    0.002153
   -1.517675    0.002214
   -1.502396    0.002279
   -1.487117    0.002346
   -1.471838    0.002417
   -1.456560    0.002490
   -1.441281    0.002567
   -1.426002    0.002648
   -1.410723    0.002732
   -1.395444    0.002821
   -1.380165    0.002914
   -1.364886    0.003011
   -1.349607    0.003114
   -1.334328    0.003222
   -1.319049    0.003336
   -1.303770    0.003455
   -1.288491    0.003582
   -1.273213    0.003715
   -1.257934    0.003856
   -1.242655    0.004005
   -1.227376    0.004163
   -1.212097    0.004331
   -1.196818    0.004509
   -1.181539    0.004698
   -1.166260    0.004899
   -1.150981    0.005114
   -1.135702    0.005342
   -1.120423    0.005587
   -1.105144    0.005849
   -1.089866    0.006129
   -1.074587    0.006431
   -1.059308    0.006754
   -1.044029    0.007104
   -1.028750    0.007480
   -1.013471    0.007888
   -0.998192    0.008330
   -0.982913    0.008810
   -0.967634    0.009333
   -0.952355    0.009904
   -0.937076    0.010529
   -0.921797    0.011215
   -0.906519    0.011970
   -0.891240    0.012804
   -0.875961    0.013729
   -0.860682    0.014757
   -0.845403    0.015906
   -0.830124    0.017193
   -0.814845    0.018644
   -0.799566    0.020287
   -0.784287    0.022156
   -0.769008    0.024296
   -0.753729    0.026762
   -0.738450    0.029623
   -0.723172    0.032969
   -0.707893    0.036915
   -0.692614    0.041614
   -0.677335    0.047270
   -0.662056    0.054163
   -0.646777    0.062681
   -0.631498    0.073377
   -0.616219    0.087062
   -0.600940    0.104963
   -0.585661    0.129004
   -0.570382    0.162350
   -0.555103    0.210495
   -0.539825    0.283669
   -0.524546    0.402717
   -0.509267    0.615615
   -0.493988    1.053694
   -0.478709    2.187358
   -0.463430    6.698488
   -0.448151   34.145032
   -0.432872   12.078836
   -0.417593    3.102215
   -0.402314    1.339248
   -0.387035    0.738235
   -0.371756    0.466009
   -0.356478    0.320456
   -0.341199    0.233723
   -0.325920    0.177937
   -0.310641    0.139964
   -0.295362    0.112959
   -0.280083    0.093074
   -0.264804    0.078009
   -0.249525    0.066326
   -0.234246    0.057082
   -0.218967    0.049644
   -0.203688    0.043570
   -0.188409    0.038546
   -0.173130    0.034343
   -0.157852    0.030792
   -0.142573    0.027764
   -0.127294    0.025162
   -0.112015    0.022909
   -0.096736    0.020946
   -0.081457    0.019224
   -0.066178    0.017707
   -0.050899    0.016362
   -0.035620    0.015165
   -0.020341    0.014094
   -0.005062    0.013133
    0.010217    0.012267
    0.025495    0.011484
    0.040774    0.010774
    0.056053    0.010127
    0.071332    0.009537
    0.086611    0.008997
    0.101890    0.008502
    0.117169    0.008047
    0.132448    0.007627
    0.147727    0.007239
    0.163006    0.006880
    0.178285    0.006547
    0.193564    0.006238
    0.208842    0.005950
    0.224121    0.005681
    0.239400    0.005431
    0.254679    0.005196
    0.269958    0.004976
    0.285237    0.004771
    0.300516    0.004577
    0.315795    0.004395
    0.331074    0.004224
    0.346353    0.004062
    0.361632    0.003910
    0.376911    0.003766
    0.392189    0.003630
    0.407468    0.003501
    0.422747    0.003379
    0.438026    0.003263
    0.453305    0.003153
    0.468584    0.003049
    0.483863    0.002949
    0.499142    0.002854
    0.514421    0.002764
    0.529700    0.002678
    0.544979    0.002596
    0.560258    0.002518
    0.575536    0.002443
    0.590815    0.002372
    0.606094    0.002303
    0.621373    0.002238
    0.636652    0.002175
    0.651931    0.002115
    0.667210    0.002057
    0.682489    0.002002
    0.697768    0.001949
    0.713047    0.001898
    0.728326    0.001849
    0.743605    0.001801
    0.758883    0.001756
    0.774162    0.001712
    0.789441    0.001670
    0.804720    0.001630
    0.819999    0.001590
    0.835278    0.001553
    0.850557    0.001516
    0.865836    0.001481
    0.881115    0.001447
    0.896394    0.001414
    0.911673    0.001383
    0.926952    0.001352
    0.942230    0.001323
    0.957509    0.001294
    0.972788    0.001266
    0.988067    0.001239
    1.003346    0.001213
    1.018625    0.001188
    1.033904    0.001164
    1.049183    0.001140
    1.064462    0.001117
    1.079741    0.001095
    1.095020    0.001073
    1.110299    0.001052
    1.125577    0.001032
    1.140856    0.001012
    1.156135    0.000993
    1.171414    0.000974
    1.186693    0.000956
    1.201972    0.000938
    1.217251    0.000921
    1.232530    0.000905
    1.247809    0.000888
    1.263088    0.000872
    1.278367    0.000857
    1.293646    0.000842
    1.308924    0.000827
    1.324203    0.000813
    1.339482    0.000799
    1.354761    0.000786
    1.370040    0.000773
    1.385319    0.000760
    1.400598    0.000747
    1.415877    0.000735
    1.431156    0.000723
    1.446435    0.000712
    1.461714    0.000700
    1.476993    0.000689
    1.492271    0.000678
    1.507550    0.000668
    1.522829    0.000657
    1.538108    0.000647
    1.553387    0.000637
    1.568666    0.000628
    1.583945    0.000618
    1.599224    0.000609
    1.614503    0.000600
    1.629782    0.000591
    1.645061    0.000583
    1.660340    0.000574
    1.675618    0.000566
    1.690897    0.000558
    1.706176    0.000550
    1.721455    0.000542
    1.736734    0.000535
    1.752013    0.000527
    1.767292    0.000520
