# energy [H], band-resolved DOS
   -5.856888    0.000078
   -5.841609    0.000079
   -5.826330    0.000079
   -5.811051    0.000079
   -5.795772    0.000080
   -5.780493    0.000080
   -5.765214    0.000081
   -5.749935    0.000081
   -5.734656    0.000082
   -5.719377    0.000082
   -5.704099    0.000082
   -5.688820    0.000083
   -5.673541    0.000083
   -5.658262    0.000084
   -5.642983    0.000084
   -5.627704    0.000085
   -5.612425    0.000085
   -5.597146    0.000086
   -5.581867    0.000086
   -5.566588    0.000087
   -5.551309    0.000087
   -5.536030    0.000088
   -5.520752    0.000088
   -5.505473    0.000089
   -5.490194    0.000089
   -5.474915    0.000090
   -5.459636    0.000090
   -5.444357    0.000091
   -5.429078    0.000091
   -5.413799    0.000092
   -5.398520    0.000092
   -5.383241    0.000093
   -5.367962    0.000093
   -5.352683    0.000094
   -5.337405    0.000094
   -5.322126    0.000095
   -5.306847    0.000096
   -5.291568    0.000096
   -5.276289    0.000097
   -5.261010    0.000097
   -5.245731    0.000098
   -5.230452    0.000099
   -5.215173    0.000099
   -5.199894    0.000100
   -5.184615    0.000100
   -5.169336    0.000101
   -5.154058    0.000102
   -5.138779    0.000102
   -5.123500    0.000103
   -5.108221    0.000103
   -5.092942    0.000104
   -5.077663    0.000105
   -5.062384    0.000105
   -5.047105    0.000106
   -5.031826    0.000107
   -5.016547    0.000107
   -5.001268    0.000108
   -4.985989    0.000109
   -4.970711    0.000109
   -4.955432    0.000110
   -4.940153    0.000111
   -4.924874    0.000112
   -4.909595    0.000112
   -4.894316    0.000113
   -4.879037    0.000114
   -4.863758    0.000114
   -4.848479    0.000115
   -4.833200    0.000116
   -4.817921    0.000117
   -4.802642    0.000117
   -4.787363    0.000118
   -4.772085    0.000119
   -4.756806    0.000120
   -4.741527    0.000121
   -4.726248    0.000121
   -4.710969    0.000122
   -4.695690    0.000123
   -4.680411    0.000124
   -4.665132    0.000125
   -4.649853    0.000126
   -4.634574    0.000126
   -4.619295    0.000127
   -4.604016    0.000128
   -4.588738    0.000129
   -4.573459    0.000130
   -4.558180    0.000131
   -4.542901    0.000132
   -4.527622    0.000133
   -4.512343    0.000134
   -4.497064    0.000135
   -4.481785    0.000135
   -4.466506    0.000136
   -4.451227    0.000137
   -4.435948    0.000138
   -4.420669    0.000139
   -4.405391    0.000140
   -4.390112    0.000141
   -4.374833    0.000142
   -4.359554    0.000143
   -4.344275    0.000144
   -4.328996    0.000146
   -4.313717    0.000147
   -4.298438    0.000148
   -4.283159    0.000149
   -4.267880    0.000150
   -4.252601    0.000151
   -4.237322    0.000152
   -4.222044    0.000153
   -4.206765    0.000154
   -4.191486    0.000156
   -4.176207    0.000157
   -4.160928    0.000158
   -4.145649    0.000159
   -4.130370    0.000160
   -4.115091    0.000162
   -4.099812    0.000163
   -4.084533    0.000164
   -4.069254    0.000165
   -4.053975    0.000167
   -4.038697    0.000168
   -4.023418    0.000169
   -4.008139    0.000171
   -3.992860    0.000172
   -3.977581    0.000173
   -3.962302    0.000175
   -3.947023    0.000176
   -3.931744    0.000178
   -3.916465    0.000179
   -3.901186    0.000181
   -3.885907    0.000182
   -3.870628    0.000184
   -3.855350    0.000185
   -3.840071    0.000187
   -3.824792    0.000188
   -3.809513    0.000190
   -3.794234    0.000191
   -3.778955    0.000193
   -3.763676    0.000195
   -3.748397    0.000196
   -3.733118    0.000198
   -3.717839    0.000200
   -3.702560    0.000201
   -3.687281    0.000203
   -3.672003    0.000205
   -3.656724    0.000207
   -3.641445    0.000208
   -3.626166    0.000210
   -3.610887    0.000212
   -3.595608    0.000214
   -3.580329    0.000216
   -3.565050    0.000218
   -3.549771    0.000220
   -3.534492    0.000222
   -3.519213    0.000224
   -3.503934    0.000226
   -3.488656    0.000228
   -3.473377    0.000230
   -3.458098    0.000232
   -3.442819    0.000234
   -3.427540    0.000236
   -3.412261    0.000239
   -3.396982    0.000241
   -3.381703    0.000243
   -3.366424    0.000246
   -3.351145    0.000248
   -3.335866    0.000250
   -3.320587    0.000253
   -3.305309    0.000255
   -3.290030    0.000258
   -3.274751    0.000260
   -3.259472    0.000263
   -3.244193    0.000265
   -3.228914    0.000268
   -3.213635    0.000271
   -3.198356    0.000273
   -3.183077    0.000276
   -3.167798    0.000279
   -3.152519    0.000282
   -3.137240    0.000285
   -3.121962    0.000288
   -3.106683    0.000291
   -3.091404    0.000294
   -3.076125    0.000297
   -3.060846    0.000300
   -3.045567    0.000303
   -3.030288    0.000306
   -3.015009    0.000309
   -2.999730    0.000313
   -2.984451    0.000316
   -2.969172    0.000320
   -2.953893    0.000323
   -2.938615    0.000327
   -2.923336    0.000330
   -2.908057    0.000334
   -2.892778    0.000338
   -2.877499    0.000341
   -2.862220    0.000345
   -2.846941    0.000349
   -2.831662    0.000353
   -2.816383    0.000357
   -2.801104    0.000361
   -2.785825    0.000365
   -2.770546    0.000370
   -2.755268    0.000374
   -2.739989    0.000378
   -2.724710    0.000383
   -2.709431    0.000388
   -2.694152    0.000392
   -2.678873    0.000397
   -2.663594    0.000402
   -2.648315    0.000407
   -2.633036    0.000412
   -2.617757    0.000417
   -2.602478    0.000422
   -2.587199    0.000427
   -2.571921    0.000433
   -2.556642    0.000438
   -2.541363    0.000444
   -2.526084    0.000450
   -2.510805    0.000455
   -2.495526    0.000461
   -2.480247    0.000467
   -2.464968    0.000474
   -2.449689    0.000480
   -2.434410    0.000486
   -2.419131    0.000493
   -2.403852    0.000500
   -2.388573    0.000506
   -2.373295    0.000513
   -2.358016    0.000521
   -2.342737    0.000528
   -2.327458    0.000535
   -2.312179    0.000543
   -2.296900    0.000551
   -2.281621    0.000558
   -2.266342    0.000567
   -2.251063    0.000575
   -2.235784    0.000583
   -2.220505    0.000592
   -2.205226    0.000601
   -2.189948    0.000610
   -2.174669    0.000619
   -2.159390    0.000628
   -2.144111    0.000638
   -2.128832    0.000648
   -2.113553    0.000658
   -2.098274    0.000668
   -2.082995    0.000679
   -2.067716    0.000690
   -2.052437    0.000701
   -2.037158    0.000712
   -2.021879    0.000724
   -2.006601    0.000736
   -1.991322    0.000748
   -1.976043    0.000761
   -1.960764    0.000773
   -1.945485    0.000787
   -1.930206    0.000800
   -1.914927    0.000814
   -1.899648    0.000828
   -1.884369    0.000843
   -1.869090    0.000858
   -1.853811    0.000873
   -1.838532    0.000889
   -1.823254    0.000905
   -1.807975    0.000922
   -1.792696    0.000939
   -1.777417    0.000957
   -1.762138    0.000975
   -1.746859    0.000994
   -1.731580    0.001013
   -1.716301    0.001033
   -1.701022    0.001053
   -1.685743    0.001075
   -1.670464    0.001096
   -1.655185    0.001118
   -1.639907    0.001141
   -1.624628    0.001165
   -1.609349    0.001190
   -1.594070    0.001215
   -1.578791    0.001241
   -1.563512    0.001268
   -1.548233    0.001296
   -1.532954    0.001324
   -1.517675    0.001354
   -1.502396    0.001385
   -1.487117    0.001417
   -1.471838    0.001449
   -1.456560    0.001483
   -1.441281    0.001519
   -1.426002    0.001555
   -1.410723    0.001593
   -1.395444    0.001632
   -1.380165    0.001673
   -1.364886    0.001715
   -1.349607    0.001759
   -1.334328    0.001804
   -1.319049    0.001852
   -1.303770    0.001901
   -1.288491    0.001952
   -1.273213    0.002006
   -1.257934    0.002061
   -1.242655    0.002119
   -1.227376    0.002179
   -1.212097    0.002242
   -1.196818    0.002308
   -1.181539    0.002377
   -1.166260    0.002448
   -1.150981    0.002524
   -1.135702    0.002602
   -1.120423    0.002684
   -1.105144    0.002771
   -1.089866    0.002861
   -1.074587    0.002956
   -1.059308    0.003056
   -1.044029    0.003161
   -1.028750    0.003272
   -1.013471    0.003388
   -0.998192    0.003511
   -0.982913    0.003640
   -0.967634    0.003777
   -0.952355    0.003922
   -0.937076    0.004075
   -0.921797    0.004237
   -0.906519    0.004410
   -0.891240    0.004593
   -0.875961    0.004787
   -0.860682    0.004994
   -0.845403    0.005215
   -0.830124    0.005451
   -0.814845    0.005704
   -0.799566    0.005974
   -0.784287    0.006264
   -0.769008    0.006576
   -0.753729    0.006912
   -0.738450    0.007274
   -0.723172    0.007665
   -0.707893    0.008089
   -0.692614    0.008549
   -0.677335    0.009049
   -0.662056    0.009595
   -0.646777    0.010191
   -0.631498    0.010845
   -0.616219    0.011564
   -0.600940    0.012358
   -0.585661    0.013236
   -0.570382    0.014211
   -0.555103    0.015298
   -0.539825    0.016515
   -0.524546    0.017884
   -0.509267    0.019430
   -0.493988    0.021187
   -0.478709    0.023194
   -0.463430    0.025501
   -0.448151    0.028172
   -0.432872    0.031286
   -0.417593    0.034950
   -0.402314    0.039301
   -0.387035    0.044522
   -0.371756    0.050863
   -0.356478    0.058674
   -0.341199    0.068448
   -0.325920    0.080910
   -0.310641    0.097158
   -0.295362    0.118919
   -0.280083    0.149049
   -0.264804    0.192566
   -0.249525    0.259022
   -0.234246    0.368646
   -0.218967    0.571481
   -0.203688    1.025589
   -0.188409    2.504222
   -0.173130   10.306173
   -0.157852   12.384676
   -0.142573   12.940461
   -0.127294   12.755787
   -0.112015    5.365038
   -0.096736    1.583724
   -0.081457    0.769881
   -0.066178    0.463246
   -0.050899    0.312018
   -0.035620    0.225431
   -0.020341    0.170911
   -0.005062    0.134231
    0.010217    0.108316
    0.025495    0.089300
    0.040774    0.074920
    0.056053    0.063774
    0.071332    0.054956
    0.086611    0.047856
    0.101890    0.042054
    0.117169    0.037250
    0.132448    0.033228
    0.147727    0.029826
    0.163006    0.026922
    0.178285    0.024423
    0.193564    0.022258
    0.208842    0.020369
    0.224121    0.018711
    0.239400    0.017248
    0.254679    0.015951
    0.269958    0.014794
    0.285237    0.013760
    0.300516    0.012830
    0.315795    0.011991
    0.331074    0.011233
    0.346353    0.010544
    0.361632    0.009916
    0.376911    0.009343
    0.392189    0.008819
    0.407468    0.008337
    0.422747    0.007894
    0.438026    0.007485
    0.453305    0.007108
    0.468584    0.006758
    0.483863    0.006433
    0.499142    0.006131
    0.514421    0.005850
    0.529700    0.005588
    0.544979    0.005343
    0.560258    0.005114
    0.575536    0.004900
    0.590815    0.004698
    0.606094    0.004509
    0.621373    0.004331
    0.636652    0.004163
    0.651931    0.004005
    0.667210    0.003856
    0.682489    0.003715
    0.697768    0.003581
    0.713047    0.003455
    0.728326    0.003335
    0.743605    0.003221
    0.758883    0.003113
    0.774162    0.003011
    0.789441    0.002913
    0.804720    0.002820
    0.819999    0.002731
    0.835278    0.002647
    0.850557    0.002566
    0.865836    0.002489
    0.881115    0.002416
    0.896394    0.002345
    0.911673    0.002278
    0.926952    0.002214
    0.942230    0.002152
    0.957509    0.002093
    0.972788    0.002036
    0.988067    0.001981
    1.003346    0.001929
    1.018625    0.001879
    1.033904    0.001830
    1.049183    0.001784
    1.064462    0.001739
    1.079741    0.001696
    1.095020    0.001654
    1.110299    0.001614
    1.125577    0.001576
    1.140856    0.001539
    1.156135    0.001503
    1.171414    0.001468
    1.186693    0.001434
    1.201972    0.001402
    1.217251    0.001371
    1.232530    0.001341
    1.247809    0.001311
    1.263088    0.001283
    1.278367    0.001256
    1.293646    0.001229
    1.308924    0.001203
    1.324203    0.001179
    1.339482    0.001154
    1.354761    0.001131
    1.370040    0.001108
    1.385319    0.001086
    1.400598    0.001065
    1.415877    0.001044
    1.431156    0.001024
    1.446435    0.001005
    1.461714    0.000986
    1.476993    0.000967
    1.492271    0.000949
    1.507550    0.000932
    1.522829    0.000915
    1.538108    0.000898
    1.553387    0.000882
    1.568666    0.000866
    1.583945    0.000851
    1.599224    0.000836
    1.614503    0.000822
    1.629782    0.000808
    1.645061    0.000794
    1.660340    0.000781
    1.675618    0.000768
    1.690897    0.000755
    1.706176    0.000742
    1.721455    0.000730
    1.736734    0.000719
    1.752013    0.000707
    1.767292    0.000696
