# energy [H], band-resolved DOS
   -5.856888    0.000079
   -5.841609    0.000079
   -5.826330    0.000080
   -5.811051    0.000080
   -5.795772    0.000081
   -5.780493    0.000081
   -5.765214    0.000081
   -5.749935    0.000082
   -5.734656    0.000082
   -5.719377    0.000083
   -5.704099    0.000083
   -5.688820    0.000084
   -5.673541    0.000084
   -5.658262    0.000085
   -5.642983    0.000085
   -5.627704    0.000086
   -5.612425    0.000086
   -5.597146    0.000087
   -5.581867    0.000087
   -5.566588    0.000088
   -5.551309    0.000088
   -5.536030    0.000089
   -5.520752    0.000089
   -5.505473    0.000090
   -5.490194    0.000090
   -5.474915    0.000091
   -5.459636    0.000091
   -5.444357    0.000092
   -5.429078    0.000092
   -5.413799    0.000093
   -5.398520    0.000093
   -5.383241    0.000094
   -5.367962    0.000094
   -5.352683    0.000095
   -5.337405    0.000095
   -5.322126    0.000096
   -5.306847    0.000097
   -5.291568    0.000097
   -5.276289    0.000098
   -5.261010    0.000098
   -5.245731    0.000099
   -5.230452    0.000100
   -5.215173    0.000100
   -5.199894    0.000101
   -5.184615    0.000101
   -5.169336    0.000102
   -5.154058    0.000103
   -5.138779    0.000103
   -5.123500    0.000104
   -5.108221    0.000105
   -5.092942    0.000105
   -5.077663    0.000106
   -5.062384    0.000107
   -5.047105    0.000107
   -5.031826    0.000108
   -5.016547    0.000109
   -5.001268    0.000109
   -4.985989    0.000110
   -4.970711    0.000111
   -4.955432    0.000111
   -4.940153    0.000112
   -4.924874    0.000113
   -4.909595    0.000113
   -4.894316    0.000114
   -4.879037    0.000115
   -4.863758    0.000116
   -4.848479    0.000116
   -4.833200    0.000117
   -4.817921    0.000118
   -4.802642    0.000119
   -4.787363    0.000120
   -4.772085    0.000120
   -4.756806    0.000121
   -4.741527    0.000122
   -4.726248    0.000123
   -4.710969    0.000124
   -4.695690    0.000124
   -4.680411    0.000125
   -4.665132    0.000126
   -4.649853    0.000127
   -4.634574    0.000128
   -4.619295    0.000129
   -4.604016    0.000130
   -4.588738    0.000131
   -4.573459    0.000131
   -4.558180    0.000132
   -4.542901    0.000133
   -4.527622    0.000134
   -4.512343    0.000135
   -4.497064    0.000136
   -4.481785    0.000137
   -4.466506    0.000138
   -4.451227    0.000139
   -4.435948    0.000140
   -4.420669    0.000141
   -4.405391    0.000142
   -4.390112    0.000143
   -4.374833    0.000144
   -4.359554    0.000145
   -4.344275    0.000146
   -4.328996    0.000147
   -4.313717    0.000149
   -4.298438    0.000150
   -4.283159    0.000151
   -4.267880    0.000152
   -4.252601    0.000153
   -4.237322    0.000154
   -4.222044    0.000155
   -4.206765    0.000156
   -4.191486    0.000158
   -4.176207    0.000159
   -4.160928    0.000160
   -4.145649    0.000161
   -4.130370    0.000163
   -4.115091    0.000164
   -4.099812    0.000165
   -4.084533    0.000166
   -4.069254    0.000168
   -4.053975    0.000169
   -4.038697    0.000170
   -4.023418    0.000172
   -4.008139    0.000173
   -3.992860    0.000175
   -3.977581    0.000176
   -3.962302    0.000177
   -3.947023    0.000179
   -3.931744    0.000180
   -3.916465    0.000182
   -3.901186    0.000183
   -3.885907    0.000185
   -3.870628    0.000186
   -3.855350    0.000188
   -3.840071    0.000189
   -3.824792    0.000191
   -3.809513    0.000193
   -3.794234    0.000194
   -3.778955    0.000196
   -3.763676    0.000197
   -3.748397    0.000199
   -3.733118    0.000201
   -3.717839    0.000203
   -3.702560    0.000204
   -3.687281    0.000206
   -3.672003    0.000208
   -3.656724    0.000210
   -3.641445    0.000212
   -3.626166    0.000214
   -3.610887    0.000215
   -3.595608    0.000217
   -3.580329    0.000219
   -3.565050    0.000221
   -3.549771    0.000223
   -3.534492    0.000225
   -3.519213    0.000227
   -3.503934    0.000229
   -3.488656    0.000232
   -3.473377    0.000234
   -3.458098    0.000236
   -3.442819    0.000238
   -3.427540    0.000240
   -3.412261    0.000243
   -3.396982    0.000245
   -3.381703    0.000247
   -3.366424    0.000250
   -3.351145    0.000252
   -3.335866    0.000255
   -3.320587    0.000257
   -3.305309    0.000260
   -3.290030    0.000262
   -3.274751    0.000265
   -3.259472    0.000267
   -3.244193    0.000270
   -3.228914    0.000273
   -3.213635    0.000275
   -3.198356    0.000278
   -3.183077    0.000281
   -3.167798    0.000284
   -3.152519    0.000287
   -3.137240    0.000290
   -3.121962    0.000293
   -3.106683    0.000296
   -3.091404    0.000299
   -3.076125    0.000302
   -3.060846    0.000305
   -3.045567    0.000309
   -3.030288    0.000312
   -3.015009    0.000315
   -2.999730    0.000319
   -2.984451    0.000322
   -2.969172    0.000326
   -2.953893    0.000329
   -2.938615    0.000333
   -2.923336    0.000337
   -2.908057    0.000340
   -2.892778    0.000344
   -2.877499    0.000348
   -2.862220    0.000352
   -2.846941    0.000356
   -2.831662    0.000360
   -2.816383    0.000364
   -2.801104    0.000369
   -2.785825    0.000373
   -2.770546    0.000377
   -2.755268    0.000382
   -2.739989    0.000386
   -2.724710    0.000391
   -2.709431    0.000396
   -2.694152    0.000401
   -2.678873    0.000406
   -2.663594    0.000411
   -2.648315    0.000416
   -2.633036    0.000421
   -2.617757    0.000426
   -2.602478    0.000431
   -2.587199    0.000437
   -2.571921    0.000442
   -2.556642    0.000448
   -2.541363    0.000454
   -2.526084    0.000460
   -2.510805    0.000466
   -2.495526    0.000472
   -2.480247    0.000478
   -2.464968    0.000485
   -2.449689    0.000491
   -2.434410    0.000498
   -2.419131    0.000505
   -2.403852    0.000512
   -2.388573    0.000519
   -2.373295    0.000526
   -2.358016    0.000533
   -2.342737    0.000541
   -2.327458    0.000549
   -2.312179    0.000557
   -2.296900    0.000565
   -2.281621    0.000573
   -2.266342    0.000581
   -2.251063    0.000590
   -2.235784    0.000599
   -2.220505    0.000607
   -2.205226    0.000617
   -2.189948    0.000626
   -2.174669    0.000636
   -2.159390    0.000645
   -2.144111    0.000655
   -2.128832    0.000666
   -2.113553    0.000676
   -2.098274    0.000687
   -2.082995    0.000698
   -2.067716    0.000709
   -2.052437    0.000721
   -2.037158    0.000733
   -2.021879    0.000745
   -2.006601    0.000758
   -1.991322    0.000770
   -1.976043    0.000783
   -1.960764    0.000797
   -1.945485    0.000811
   -1.930206    0.000825
   -1.914927    0.000839
   -1.899648    0.000854
   -1.884369    0.000870
   -1.869090    0.000885
   -1.853811    0.000902
   -1.838532    0.000918
   -1.823254    0.000935
   -1.807975    0.000953
   -1.792696    0.000971
   -1.777417    0.000990
   -1.762138    0.001009
   -1.746859    0.001028
   -1.731580    0.001049
   -1.716301    0.001070
   -1.701022    0.001091
   -1.685743    0.001113
   -1.670464    0.001136
   -1.655185    0.001160
   -1.639907    0.001184
   -1.624628    0.001209
   -1.609349    0.001235
   -1.594070    0.001262
   -1.578791    0.001289
   -1.563512    0.001318
   -1.548233    0.001347
   -1.532954    0.001378
   -1.517675    0.001409
   -1.502396    0.001442
   -1.487117    0.001476
   -1.471838    0.001510
   -1.456560    0.001547
   -1.441281    0.001584
   -1.426002    0.001623
   -1.410723    0.001664
   -1.395444    0.001705
   -1.380165    0.001749
   -1.364886    0.001794
   -1.349607    0.001841
   -1.334328    0.001890
   -1.319049    0.001941
   -1.303770    0.001994
   -1.288491    0.002049
   -1.273213    0.002106
   -1.257934    0.002166
   -1.242655    0.002228
   -1.227376    0.002293
   -1.212097    0.002361
   -1.196818    0.002433
   -1.181539    0.002507
   -1.166260    0.002585
   -1.150981    0.002666
   -1.135702    0.002752
   -1.120423    0.002842
   -1.105144    0.002936
   -1.089866    0.003035
   -1.074587    0.003139
   -1.059308    0.003248
   -1.044029    0.003363
   -1.028750    0.003485
   -1.013471    0.003613
   -0.998192    0.003748
   -0.982913    0.003892
   -0.967634    0.004043
   -0.952355    0.004204
   -0.937076    0.004374
   -0.921797    0.004555
   -0.906519    0.004748
   -0.891240    0.004953
   -0.875961    0.005171
   -0.860682    0.005405
   -0.845403    0.005654
   -0.830124    0.005921
   -0.814845    0.006208
   -0.799566    0.006516
   -0.784287    0.006848
   -0.769008    0.007206
   -0.753729    0.007592
   -0.738450    0.008011
   -0.723172    0.008465
   -0.707893    0.008959
   -0.692614    0.009498
   -0.677335    0.010088
   -0.662056    0.010734
   -0.646777    0.011444
   -0.631498    0.012228
   -0.616219    0.013095
   -0.600940    0.014058
   -0.585661    0.015132
   -0.570382    0.016335
   -0.555103    0.017688
   -0.539825    0.019217
   -0.524546    0.020955
   -0.509267    0.022942
   -0.493988    0.025227
   -0.478709    0.027875
   -0.463430    0.030967
   -0.448151    0.034610
   -0.432872    0.038943
   -0.417593    0.044156
   -0.402314    0.050508
   -0.387035    0.058362
   -0.371756    0.068243
   -0.356478    0.080932
   -0.341199    0.097632
   -0.325920    0.120296
   -0.310641    0.152278
   -0.295362    0.199793
   -0.280083    0.275663
   -0.264804    0.410765
   -0.249525    0.701142
   -0.234246    1.631295
   -0.218967    5.278059
   -0.203688    9.095236
   -0.188409   10.105049
   -0.173130   10.647349
   -0.157852    6.227335
   -0.142573    8.575771
   -0.127294    6.286855
   -0.112015    2.204656
   -0.096736    0.813824
   -0.081457    0.449024
   -0.066178    0.292880
   -0.050899    0.208948
   -0.035620    0.157716
   -0.020341    0.123792
   -0.005062    0.100015
    0.010217    0.082631
    0.025495    0.069501
    0.040774    0.059320
    0.056053    0.051255
    0.071332    0.044751
    0.086611    0.039424
    0.101890    0.035005
    0.117169    0.031297
    0.132448    0.028152
    0.147727    0.025463
    0.163006    0.023144
    0.178285    0.021130
    0.193564    0.019369
    0.208842    0.017821
    0.224121    0.016453
    0.239400    0.015236
    0.254679    0.014151
    0.269958    0.013178
    0.285237    0.012302
    0.300516    0.011511
    0.315795    0.010795
    0.331074    0.010143
    0.346353    0.009549
    0.361632    0.009005
    0.376911    0.008507
    0.392189    0.008050
    0.407468    0.007628
    0.422747    0.007239
    0.438026    0.006878
    0.453305    0.006544
    0.468584    0.006234
    0.483863    0.005946
    0.499142    0.005677
    0.514421    0.005426
    0.529700    0.005191
    0.544979    0.004971
    0.560258    0.004765
    0.575536    0.004572
    0.590815    0.004390
    0.606094    0.004218
    0.621373    0.004057
    0.636652    0.003904
    0.651931    0.003761
    0.667210    0.003624
    0.682489    0.003496
    0.697768    0.003374
    0.713047    0.003258
    0.728326    0.003148
    0.743605    0.003043
    0.758883    0.002944
    0.774162    0.002850
    0.789441    0.002760
    0.804720    0.002674
    0.819999    0.002592
    0.835278    0.002514
    0.850557    0.002439
    0.865836    0.002367
    0.881115    0.002299
    0.896394    0.002234
    0.911673    0.002171
    0.926952    0.002111
    0.942230    0.002053
    0.957509    0.001998
    0.972788    0.001945
    0.988067    0.001894
    1.003346    0.001845
    1.018625    0.001798
    1.033904    0.001753
    1.049183    0.001709
    1.064462    0.001667
    1.079741    0.001627
    1.095020    0.001588
    1.110299    0.001550
    1.125577    0.001514
    1.140856    0.001478
    1.156135    0.001445
    1.171414    0.001412
    1.186693    0.001380
    1.201972    0.001350
    1.217251    0.001320
    1.232530    0.001292
    1.247809    0.001264
    1.263088    0.001237
    1.278367    0.001211
    1.293646    0.001186
    1.308924    0.001162
    1.324203    0.001138
    1.339482    0.001115
    1.354761    0.001093
    1.370040    0.001071
    1.385319    0.001050
    1.400598    0.001030
    1.415877    0.001010
    1.431156    0.000991
    1.446435    0.000973
    1.461714    0.000954
    1.476993    0.000937
    1.492271    0.000920
    1.507550    0.000903
    1.522829    0.000887
    1.538108    0.000871
    1.553387    0.000856
    1.568666    0.000841
    1.583945    0.000826
    1.599224    0.000812
    1.614503    0.000798
    1.629782    0.000785
    1.645061    0.000771
    1.660340    0.000759
    1.675618    0.000746
    1.690897    0.000734
    1.706176    0.000722
    1.721455    0.000710
    1.736734    0.000699
    1.752013    0.000688
    1.767292    0.000677
