# energy [H], band-resolved DOS
   -5.856888    0.000078
   -5.841609    0.000079
   -5.826330    0.000079
   -5.811051    0.000079
   -5.795772    0.000080
   -5.780493    0.000080
   -5.765214    0.000081
   -5.749935    0.000081
   -5.734656    0.000082
   -5.719377    0.000082
   -5.704099    0.000083
   -5.688820    0.000083
   -5.673541    0.000083
   -5.658262    0.000084
   -5.642983    0.000084
   -5.627704    0.000085
   -5.612425    0.000085
   -5.597146    0.000086
   -5.581867    0.000086
   -5.566588    0.000087
   -5.551309    0.000087
   -5.536030    0.000088
   -5.520752    0.000088
   -5.505473    0.000089
   -5.490194    0.000089
   -5.474915    0.000090
   -5.459636    0.000090
   -5.444357    0.000091
   -5.429078    0.000091
   -5.413799    0.000092
   -5.398520    0.000092
   -5.383241    0.000093
   -5.367962    0.000093
   -5.352683    0.000094
   -5.337405    0.000095
   -5.322126    0.000095
   -5.306847    0.000096
   -5.291568    0.000096
   -5.276289    0.000097
   -5.261010    0.000097
   -5.245731    0.000098
   -5.230452    0.000099
   -5.215173    0.000099
   -5.199894    0.000100
   -5.184615    0.000100
   -5.169336    0.000101
   -5.154058    0.000102
   -5.138779    0.000102
   -5.123500    0.000103
   -5.108221    0.000104
   -5.092942    0.000104
   -5.077663    0.000105
   -5.062384    0.000105
   -5.047105    0.000106
   -5.031826    0.000107
   -5.016547    0.000107
   -5.001268    0.000108
   -4.985989    0.000109
   -4.970711    0.000110
   -4.955432    0.000110
   -4.940153    0.000111
   -4.924874    0.000112
   -4.909595    0.000112
   -4.894316    0.000113
   -4.879037    0.000114
   -4.863758    0.000115
   -4.848479    0.000115
   -4.833200    0.000116
   -4.817921    0.000117
   -4.802642    0.000118
   -4.787363    0.000118
   -4.772085    0.000119
   -4.756806    0.000120
   -4.741527    0.000121
   -4.726248    0.000122
   -4.710969    0.000122
   -4.695690    0.000123
   -4.680411    0.000124
   -4.665132    0.000125
   -4.649853    0.000126
   -4.634574    0.000127
   -4.619295    0.000127
   -4.604016    0.000128
   -4.588738    0.000129
   -4.573459    0.000130
   -4.558180    0.000131
   -4.542901    0.000132
   -4.527622    0.000133
   -4.512343    0.000134
   -4.497064    0.000135
   -4.481785    0.000136
   -4.466506    0.000137
   -4.451227    0.000138
   -4.435948    0.000139
   -4.420669    0.000140
   -4.405391    0.000141
   -4.390112    0.000142
   -4.374833    0.000143
   -4.359554    0.000144
   -4.344275    0.000145
   -4.328996    0.000146
   -4.313717    0.000147
   -4.298438    0.000148
   -4.283159    0.000149
   -4.267880    0.000150
   -4.252601    0.000151
   -4.237322    0.000152
   -4.222044    0.000153
   -4.206765    0.000155
   -4.191486    0.000156
   -4.176207    0.000157
   -4.160928    0.000158
   -4.145649    0.000159
   -4.130370    0.000161
   -4.115091    0.000162
   -4.099812    0.000163
   -4.084533    0.000164
   -4.069254    0.000166
   -4.053975    0.000167
   -4.038697    0.000168
   -4.023418    0.000170
   -4.008139    0.000171
   -3.992860    0.000172
   -3.977581    0.000174
   -3.962302    0.000175
   -3.947023    0.000177
   -3.931744    0.000178
   -3.916465    0.000179
   -3.901186    0.000181
   -3.885907    0.000182
   -3.870628    0.000184
   -3.855350    0.000185
   -3.840071    0.000187
   -3.824792    0.000188
   -3.809513    0.000190
   -3.794234    0.000192
   -3.778955    0.000193
   -3.763676    0.000195
   -3.748397    0.000197
   -3.733118    0.000198
   -3.717839    0.000200
   -3.702560    0.000202
   -3.687281    0.000203
   -3.672003    0.000205
   -3.656724    0.000207
   -3.641445    0.000209
   -3.626166    0.000211
   -3.610887    0.000212
   -3.595608    0.000214
   -3.580329    0.000216
   -3.565050    0.000218
   -3.549771    0.000220
   -3.534492    0.000222
   -3.519213    0.000224
   -3.503934    0.000226
   -3.488656    0.000228
   -3.473377    0.000230
   -3.458098    0.000233
   -3.442819    0.000235
   -3.427540    0.000237
   -3.412261    0.000239
   -3.396982    0.000241
   -3.381703    0.000244
   -3.366424    0.000246
   -3.351145    0.000248
   -3.335866    0.000251
   -3.320587    0.000253
   -3.305309    0.000256
   -3.290030    0.000258
   -3.274751    0.000261
   -3.259472    0.000263
   -3.244193    0.000266
   -3.228914    0.000268
   -3.213635    0.000271
   -3.198356    0.000274
   -3.183077    0.000277
   -3.167798    0.000279
   -3.152519    0.000282
   -3.137240    0.000285
   -3.121962    0.000288
   -3.106683    0.000291
   -3.091404    0.000294
   -3.076125    0.000297
   -3.060846    0.000300
   -3.045567    0.000304
   -3.030288    0.000307
   -3.015009    0.000310
   -2.999730    0.000313
   -2.984451    0.000317
   -2.969172    0.000320
   -2.953893    0.000324
   -2.938615    0.000327
   -2.923336    0.000331
   -2.908057    0.000335
   -2.892778    0.000338
   -2.877499    0.000342
   -2.862220    0.000346
   -2.846941    0.000350
   -2.831662    0.000354
   -2.816383    0.000358
   -2.801104    0.000362
   -2.785825    0.000366
   -2.770546    0.000371
   -2.755268    0.000375
   -2.739989    0.000379
   -2.724710    0.000384
   -2.709431    0.000388
   -2.694152    0.000393
   -2.678873    0.000398
   -2.663594    0.000403
   -2.648315    0.000408
   -2.633036    0.000413
   -2.617757    0.000418
   -2.602478    0.000423
   -2.587199    0.000428
   -2.571921    0.000434
   -2.556642    0.000439
   -2.541363    0.000445
   -2.526084    0.000451
   -2.510805    0.000457
   -2.495526    0.000463
   -2.480247    0.000469
   -2.464968    0.000475
   -2.449689    0.000481
   -2.434410    0.000488
   -2.419131    0.000494
   -2.403852    0.000501
   -2.388573    0.000508
   -2.373295    0.000515
   -2.358016    0.000522
   -2.342737    0.000529
   -2.327458    0.000537
   -2.312179    0.000544
   -2.296900    0.000552
   -2.281621    0.000560
   -2.266342    0.000568
   -2.251063    0.000576
   -2.235784    0.000585
   -2.220505    0.000593
   -2.205226    0.000602
   -2.189948    0.000611
   -2.174669    0.000621
   -2.159390    0.000630
   -2.144111    0.000640
   -2.128832    0.000650
   -2.113553    0.000660
   -2.098274    0.000670
   -2.082995    0.000681
   -2.067716    0.000692
   -2.052437    0.000703
   -2.037158    0.000714
   -2.021879    0.000726
   -2.006601    0.000738
   -1.991322    0.000750
   -1.976043    0.000763
   -1.960764    0.000776
   -1.945485    0.000789
   -1.930206    0.000803
   -1.914927    0.000817
   -1.899648    0.000831
   -1.884369    0.000846
   -1.869090    0.000861
   -1.853811    0.000876
   -1.838532    0.000892
   -1.823254    0.000909
   -1.807975    0.000925
   -1.792696    0.000943
   -1.777417    0.000961
   -1.762138    0.000979
   -1.746859    0.000998
   -1.731580    0.001017
   -1.716301    0.001037
   -1.701022    0.001057
   -1.685743    0.001079
   -1.670464    0.001100
   -1.655185    0.001123
   -1.639907    0.001146
   -1.624628    0.001170
   -1.609349    0.001194
   -1.594070    0.001220
   -1.578791    0.001246
   -1.563512    0.001273
   -1.548233    0.001301
   -1.532954    0.001330
   -1.517675    0.001360
   -1.502396    0.001391
   -1.487117    0.001423
   -1.471838    0.001456
   -1.456560    0.001490
   -1.441281    0.001525
   -1.426002    0.001562
   -1.410723    0.001600
   -1.395444    0.001640
   -1.380165    0.001681
   -1.364886    0.001723
   -1.349607    0.001767
   -1.334328    0.001813
   -1.319049    0.001861
   -1.303770    0.001911
   -1.288491    0.001962
   -1.273213    0.002016
   -1.257934    0.002072
   -1.242655    0.002130
   -1.227376    0.002191
   -1.212097    0.002255
   -1.196818    0.002321
   -1.181539    0.002390
   -1.166260    0.002463
   -1.150981    0.002538
   -1.135702    0.002618
   -1.120423    0.002701
   -1.105144    0.002788
   -1.089866    0.002879
   -1.074587    0.002975
   -1.059308    0.003076
   -1.044029    0.003182
   -1.028750    0.003293
   -1.013471    0.003411
   -0.998192    0.003535
   -0.982913    0.003666
   -0.967634    0.003804
   -0.952355    0.003950
   -0.937076    0.004105
   -0.921797    0.004270
   -0.906519    0.004444
   -0.891240    0.004629
   -0.875961    0.004826
   -0.860682    0.005036
   -0.845403    0.005260
   -0.830124    0.005499
   -0.814845    0.005754
   -0.799566    0.006028
   -0.784287    0.006323
   -0.769008    0.006639
   -0.753729    0.006979
   -0.738450    0.007347
   -0.723172    0.007744
   -0.707893    0.008175
   -0.692614    0.008642
   -0.677335    0.009151
   -0.662056    0.009706
   -0.646777    0.010313
   -0.631498    0.010979
   -0.616219    0.011712
   -0.600940    0.012521
   -0.585661    0.013417
   -0.570382    0.014413
   -0.555103    0.015524
   -0.539825    0.016770
   -0.524546    0.018171
   -0.509267    0.019757
   -0.493988    0.021560
   -0.478709    0.023622
   -0.463430    0.025997
   -0.448151    0.028749
   -0.432872    0.031965
   -0.417593    0.035755
   -0.402314    0.040265
   -0.387035    0.045691
   -0.371756    0.052300
   -0.356478    0.060467
   -0.341199    0.070726
   -0.325920    0.083866
   -0.310641    0.101091
   -0.295362    0.124316
   -0.280083    0.156745
   -0.264804    0.204098
   -0.249525    0.277481
   -0.234246    0.401093
   -0.218967    0.637337
   -0.203688    1.197840
   -0.188409    3.266511
   -0.173130   12.099300
   -0.157852   13.206473
   -0.142573   10.406069
   -0.127294   12.345679
   -0.112015    4.799611
   -0.096736    1.459581
   -0.081457    0.721032
   -0.066178    0.438249
   -0.050899    0.297324
   -0.035620    0.216004
   -0.020341    0.164482
   -0.005062    0.129643
    0.010217    0.104924
    0.025495    0.086719
    0.040774    0.072910
    0.056053    0.062178
    0.071332    0.053666
    0.086611    0.046799
    0.101890    0.041177
    0.117169    0.036515
    0.132448    0.032605
    0.147727    0.029293
    0.163006    0.026463
    0.178285    0.024025
    0.193564    0.021911
    0.208842    0.020064
    0.224121    0.018442
    0.239400    0.017009
    0.254679    0.015737
    0.269958    0.014603
    0.285237    0.013588
    0.300516    0.012675
    0.315795    0.011851
    0.331074    0.011105
    0.346353    0.010428
    0.361632    0.009810
    0.376911    0.009246
    0.392189    0.008730
    0.407468    0.008255
    0.422747    0.007818
    0.438026    0.007415
    0.453305    0.007043
    0.468584    0.006698
    0.483863    0.006377
    0.499142    0.006079
    0.514421    0.005802
    0.529700    0.005543
    0.544979    0.005301
    0.560258    0.005075
    0.575536    0.004862
    0.590815    0.004663
    0.606094    0.004476
    0.621373    0.004300
    0.636652    0.004134
    0.651931    0.003977
    0.667210    0.003830
    0.682489    0.003690
    0.697768    0.003558
    0.713047    0.003433
    0.728326    0.003314
    0.743605    0.003201
    0.758883    0.003094
    0.774162    0.002993
    0.789441    0.002896
    0.804720    0.002804
    0.819999    0.002716
    0.835278    0.002632
    0.850557    0.002552
    0.865836    0.002476
    0.881115    0.002403
    0.896394    0.002333
    0.911673    0.002266
    0.926952    0.002202
    0.942230    0.002141
    0.957509    0.002082
    0.972788    0.002026
    0.988067    0.001972
    1.003346    0.001920
    1.018625    0.001870
    1.033904    0.001822
    1.049183    0.001775
    1.064462    0.001731
    1.079741    0.001688
    1.095020    0.001647
    1.110299    0.001607
    1.125577    0.001569
    1.140856    0.001532
    1.156135    0.001496
    1.171414    0.001462
    1.186693    0.001428
    1.201972    0.001396
    1.217251    0.001365
    1.232530    0.001335
    1.247809    0.001306
    1.263088    0.001278
    1.278367    0.001251
    1.293646    0.001224
    1.308924    0.001199
    1.324203    0.001174
    1.339482    0.001150
    1.354761    0.001127
    1.370040    0.001104
    1.385319    0.001082
    1.400598    0.001061
    1.415877    0.001040
    1.431156    0.001020
    1.446435    0.001001
    1.461714    0.000982
    1.476993    0.000964
    1.492271    0.000946
    1.507550    0.000928
    1.522829    0.000912
    1.538108    0.000895
    1.553387    0.000879
    1.568666    0.000864
    1.583945    0.000848
    1.599224    0.000834
    1.614503    0.000819
    1.629782    0.000805
    1.645061    0.000792
    1.660340    0.000778
    1.675618    0.000765
    1.690897    0.000753
    1.706176    0.000740
    1.721455    0.000728
    1.736734    0.000716
    1.752013    0.000705
    1.767292    0.000694
