# energy [H], band-resolved DOS
   -5.856888    0.000292
   -5.841609    0.000295
   -5.826330    0.000298
   -5.811051    0.000301
   -5.795772    0.000304
   -5.780493    0.000307
   -5.765214    0.000311
   -5.749935    0.000314
   -5.734656    0.000317
   -5.719377    0.000321
   -5.704099    0.000324
   -5.688820    0.000328
   -5.673541    0.000332
   -5.658262    0.000335
   -5.642983    0.000339
   -5.627704    0.000343
   -5.612425    0.000347
   -5.597146    0.000351
   -5.581867    0.000355
   -5.566588    0.000359
   -5.551309    0.000363
   -5.536030    0.000367
   -5.520752    0.000371
   -5.505473    0.000376
   -5.490194    0.000380
   -5.474915    0.000385
   -5.459636    0.000389
   -5.444357    0.000394
   -5.429078    0.000399
   -5.413799    0.000404
   -5.398520    0.000409
   -5.383241    0.000414
   -5.367962    0.000419
   -5.352683    0.000424
   -5.337405    0.000429
   -5.322126    0.000435
   -5.306847    0.000440
   -5.291568    0.000446
   -5.276289    0.000452
   -5.261010    0.000458
   -5.245731    0.000464
   -5.230452    0.000470
   -5.215173    0.000476
   -5.199894    0.000482
   -5.184615    0.000489
   -5.169336    0.000495
   -5.154058    0.000502
   -5.138779    0.000509
   -5.123500    0.000516
   -5.108221    0.000523
   -5.092942    0.000530
   -5.077663    0.000538
   -5.062384    0.000546
   -5.047105    0.000553
   -5.031826    0.000561
   -5.016547    0.000569
   -5.001268    0.000578
   -4.985989    0.000586
   -4.970711    0.000595
   -4.955432    0.000604
   -4.940153    0.000613
   -4.924874    0.000622
   -4.909595    0.000632
   -4.894316    0.000642
   -4.879037    0.000651
   -4.863758    0.000662
   -4.848479    0.000672
   -4.833200    0.000683
   -4.817921    0.000694
   -4.802642    0.000705
   -4.787363    0.000716
   -4.772085    0.000728
   -4.756806    0.000740
   -4.741527    0.000753
   -4.726248    0.000765
   -4.710969    0.000778
   -4.695690    0.000791
   -4.680411    0.000805
   -4.665132    0.000819
   -4.649853    0.000834
   -4.634574    0.000848
   -4.619295    0.000863
   -4.604016    0.000879
   -4.588738    0.000895
   -4.573459    0.000911
   -4.558180    0.000928
   -4.542901    0.000946
   -4.527622    0.000964
   -4.512343    0.000982
   -4.497064    0.001001
   -4.481785    0.001020
   -4.466506    0.001040
   -4.451227    0.001061
   -4.435948    0.001082
   -4.420669    0.001104
   -4.405391    0.001127
   -4.390112    0.001150
   -4.374833    0.001174
   -4.359554    0.001199
   -4.344275    0.001224
   -4.328996    0.001250
   -4.313717    0.001278
   -4.298438    0.001306
   -4.283159    0.001335
   -4.267880    0.001365
   -4.252601    0.001396
   -4.237322    0.001428
   -4.222044    0.001461
   -4.206765    0.001496
   -4.191486    0.001531
   -4.176207    0.001568
   -4.160928    0.001607
   -4.145649    0.001646
   -4.130370    0.001688
   -4.115091    0.001730
   -4.099812    0.001775
   -4.084533    0.001821
   -4.069254    0.001869
   -4.053975    0.001919
   -4.038697    0.001971
   -4.023418    0.002025
   -4.008139    0.002081
   -3.992860    0.002140
   -3.977581    0.002201
   -3.962302    0.002265
   -3.947023    0.002332
   -3.931744    0.002401
   -3.916465    0.002474
   -3.901186    0.002550
   -3.885907    0.002630
   -3.870628    0.002714
   -3.855350    0.002801
   -3.840071    0.002893
   -3.824792    0.002990
   -3.809513    0.003092
   -3.794234    0.003198
   -3.778955    0.003311
   -3.763676    0.003429
   -3.748397    0.003554
   -3.733118    0.003686
   -3.717839    0.003825
   -3.702560    0.003973
   -3.687281    0.004129
   -3.672003    0.004294
   -3.656724    0.004470
   -3.641445    0.004656
   -3.626166    0.004855
   -3.610887    0.005066
   -3.595608    0.005292
   -3.580329    0.005533
   -3.565050    0.005791
   -3.549771    0.006067
   -3.534492    0.006364
   -3.519213    0.006683
   -3.503934    0.007026
   -3.488656    0.007397
   -3.473377    0.007798
   -3.458098    0.008232
   -3.442819    0.008704
   -3.427540    0.009217
   -3.412261    0.009777
   -3.396982    0.010390
   -3.381703    0.011062
   -3.366424    0.011802
   -3.351145    0.012618
   -3.335866    0.013522
   -3.320587    0.014526
   -3.305309    0.015647
   -3.290030    0.016903
   -3.274751    0.018317
   -3.259472    0.019915
   -3.244193    0.021732
   -3.228914    0.023810
   -3.213635    0.026200
   -3.198356    0.028969
   -3.183077    0.032201
   -3.167798    0.036005
   -3.152519    0.040526
   -3.137240    0.045954
   -3.121962    0.052551
   -3.106683    0.060676
   -3.091404    0.070841
   -3.076125    0.083789
   -3.060846    0.100638
   -3.045567    0.123124
   -3.030288    0.154072
   -3.015009    0.198319
   -2.999730    0.264714
   -2.984451    0.370880
   -2.969172    0.556092
   -2.953893    0.922862
   -2.938615    1.810758
   -2.923336    4.895407
   -2.908057   25.222106
   -2.892778   17.136419
   -2.877499    3.840135
   -2.862220    1.548436
   -2.846941    0.823339
   -2.831662    0.508474
   -2.816383    0.344576
   -2.801104    0.248700
   -2.785825    0.187862
   -2.770546    0.146874
   -2.755268    0.117961
   -2.739989    0.096809
   -2.724710    0.080873
   -2.709431    0.068568
   -2.694152    0.058871
   -2.678873    0.051094
   -2.663594    0.044761
   -2.648315    0.039537
   -2.633036    0.035176
   -2.617757    0.031498
   -2.602478    0.028369
   -2.587199    0.025683
   -2.571921    0.023362
   -2.556642    0.021342
   -2.541363    0.019572
   -2.526084    0.018014
   -2.510805    0.016635
   -2.495526    0.015408
   -2.480247    0.014313
   -2.464968    0.013330
   -2.449689    0.012444
   -2.434410    0.011645
   -2.419131    0.010920
   -2.403852    0.010260
   -2.388573    0.009659
   -2.373295    0.009109
   -2.358016    0.008604
   -2.342737    0.008141
   -2.327458    0.007713
   -2.312179    0.007319
   -2.296900    0.006954
   -2.281621    0.006616
   -2.266342    0.006302
   -2.251063    0.006009
   -2.235784    0.005737
   -2.220505    0.005483
   -2.205226    0.005245
   -2.189948    0.005022
   -2.174669    0.004813
   -2.159390    0.004617
   -2.144111    0.004433
   -2.128832    0.004260
   -2.113553    0.004096
   -2.098274    0.003942
   -2.082995    0.003796
   -2.067716    0.003658
   -2.052437    0.003528
   -2.037158    0.003405
   -2.021879    0.003287
   -2.006601    0.003176
   -1.991322    0.003070
   -1.976043    0.002970
   -1.960764    0.002874
   -1.945485    0.002783
   -1.930206    0.002696
   -1.914927    0.002614
   -1.899648    0.002535
   -1.884369    0.002459
   -1.869090    0.002387
   -1.853811    0.002318
   -1.838532    0.002252
   -1.823254    0.002188
   -1.807975    0.002128
   -1.792696    0.002069
   -1.777417    0.002014
   -1.762138    0.001960
   -1.746859    0.001908
   -1.731580    0.001859
   -1.716301    0.001811
   -1.701022    0.001766
   -1.685743    0.001721
   -1.670464    0.001679
   -1.655185    0.001638
   -1.639907    0.001599
   -1.624628    0.001561
   -1.609349    0.001524
   -1.594070    0.001489
   -1.578791    0.001454
   -1.563512    0.001421
   -1.548233    0.001389
   -1.532954    0.001359
   -1.517675    0.001329
   -1.502396    0.001300
   -1.487117    0.001272
   -1.471838    0.001245
   -1.456560    0.001219
   -1.441281    0.001193
   -1.426002    0.001169
   -1.410723    0.001145
   -1.395444    0.001122
   -1.380165    0.001100
   -1.364886    0.001078
   -1.349607    0.001057
   -1.334328    0.001036
   -1.319049    0.001016
   -1.303770    0.000997
   -1.288491    0.000978
   -1.273213    0.000960
   -1.257934    0.000942
   -1.242655    0.000925
   -1.227376    0.000908
   -1.212097    0.000892
   -1.196818    0.000876
   -1.181539    0.000860
   -1.166260    0.000845
   -1.150981    0.000831
   -1.135702    0.000816
   -1.120423    0.000802
   -1.105144    0.000789
   -1.089866    0.000775
   -1.074587    0.000763
   -1.059308    0.000750
   -1.044029    0.000738
   -1.028750    0.000726
   -1.013471    0.000714
   -0.998192    0.000703
   -0.982913    0.000691
   -0.967634    0.000681
   -0.952355    0.000670
   -0.937076    0.000660
   -0.921797    0.000649
   -0.906519    0.000640
   -0.891240    0.000630
   -0.875961    0.000620
   -0.860682    0.000611
   -0.845403    0.000602
   -0.830124    0.000593
   -0.814845    0.000585
   -0.799566    0.000576
   -0.784287    0.000568
   -0.769008    0.000560
   -0.753729    0.000552
   -0.738450    0.000544
   -0.723172    0.000536
   -0.707893    0.000529
   -0.692614    0.000522
   -0.677335    0.000515
   -0.662056    0.000508
   -0.646777    0.000501
   -0.631498    0.000494
   -0.616219    0.000487
   -0.600940    0.000481
   -0.585661    0.000475
   -0.570382    0.000468
   -0.555103    0.000462
   -0.539825    0.000456
   -0.524546    0.000451
   -0.509267    0.000445
   -0.493988    0.000439
   -0.478709    0.000434
   -0.463430    0.000428
   -0.448151    0.000423
   -0.432872    0.000418
   -0.417593    0.000413
   -0.402314    0.000408
   -0.387035    0.000403
   -0.371756    0.000398
   -0.356478    0.000393
   -0.341199    0.000388
   -0.325920    0.000384
   -0.310641    0.000379
   -0.295362    0.000375
   -0.280083    0.000370
   -0.264804    0.000366
   -0.249525    0.000362
   -0.234246    0.000358
   -0.218967    0.000354
   -0.203688    0.000350
   -0.188409    0.000346
   -0.173130    0.000342
   -0.157852    0.000338
   -0.142573    0.000334
   -0.127294    0.000331
   -0.112015    0.000327
   -0.096736    0.000324
   -0.081457    0.000320
   -0.066178    0.000317
   -0.050899    0.000313
   -0.035620    0.000310
   -0.020341    0.000307
   -0.005062    0.000303
    0.010217    0.000300
    0.025495    0.000297
    0.040774    0.000294
    0.056053    0.000291
    0.071332    0.000288
    0.086611    0.000285
    0.101890    0.000282
    0.117169    0.000279
    0.132448    0.000277
    0.147727    0.000274
    0.163006    0.000271
    0.178285    0.000268
    0.193564    0.000266
    0.208842    0.000263
    0.224121    0.000261
    0.239400    0.000258
    0.254679    0.000256
    0.269958    0.000253
    0.285237    0.000251
    0.300516    0.000248
    0.315795    0.000246
    0.331074    0.000244
    0.346353    0.000241
    0.361632    0.000239
    0.376911    0.000237
    0.392189    0.000235
    0.407468    0.000233
    0.422747    0.000230
    0.438026    0.000228
    0.453305    0.000226
    0.468584    0.000224
    0.483863    0.000222
    0.499142    0.000220
    0.514421    0.000218
    0.529700    0.000216
    0.544979    0.000214
    0.560258    0.000212
    0.575536    0.000211
    0.590815    0.000209
    0.606094    0.000207
    0.621373    0.000205
    0.636652    0.000203
    0.651931    0.000202
    0.667210    0.000200
    0.682489    0.000198
    0.697768    0.000197
    0.713047    0.000195
    0.728326    0.000193
    0.743605    0.000192
    0.758883    0.000190
    0.774162    0.000188
    0.789441    0.000187
    0.804720    0.000185
    0.819999    0.000184
    0.835278    0.000182
    0.850557    0.000181
    0.865836    0.000179
    0.881115    0.000178
    0.896394    0.000176
    0.911673    0.000175
    0.926952    0.000174
    0.942230    0.000172
    0.957509    0.000171
    0.972788    0.000170
    0.988067    0.000168
    1.003346    0.000167
    1.018625    0.000166
    1.033904    0.000164
    1.049183    0.000163
    1.064462    0.000162
    1.079741    0.000161
    1.095020    0.000159
    1.110299    0.000158
    1.125577    0.000157
    1.140856    0.000156
    1.156135    0.000155
    1.171414    0.000153
    1.186693    0.000152
    1.201972    0.000151
    1.217251    0.000150
    1.232530    0.000149
    1.247809    0.000148
    1.263088    0.000147
    1.278367    0.000146
    1.293646    0.000145
    1.308924    0.000144
    1.324203    0.000143
    1.339482    0.000142
    1.354761    0.000141
    1.370040    0.000140
    1.385319    0.000139
    1.400598    0.000138
    1.415877    0.000137
    1.431156    0.000136
    1.446435    0.000135
    1.461714    0.000134
    1.476993    0.000133
    1.492271    0.000132
    1.507550    0.000131
    1.522829    0.000130
    1.538108    0.000129
    1.553387    0.000128
    1.568666    0.000127
    1.583945    0.000127
    1.599224    0.000126
    1.614503    0.000125
    1.629782    0.000124
    1.645061    0.000123
    1.660340    0.000122
    1.675618    0.000122
    1.690897    0.000121
    1.706176    0.000120
    1.721455    0.000119
    1.736734    0.000118
    1.752013    0.000118
    1.767292    0.000117
