# energy [H], band-resolved DOS
   -5.856888    0.000082
   -5.841609    0.000082
   -5.826330    0.000083
   -5.811051    0.000083
   -5.795772    0.000083
   -5.780493    0.000084
   -5.765214    0.000084
   -5.749935    0.000085
   -5.734656    0.000085
   -5.719377    0.000086
   -5.704099    0.000086
   -5.688820    0.000087
   -5.673541    0.000087
   -5.658262    0.000088
   -5.642983    0.000088
   -5.627704    0.000089
   -5.612425    0.000089
   -5.597146    0.000090
   -5.581867    0.000090
   -5.566588    0.000091
   -5.551309    0.000091
   -5.536030    0.000092
   -5.520752    0.000092
   -5.505473    0.000093
   -5.490194    0.000094
   -5.474915    0.000094
   -5.459636    0.000095
   -5.444357    0.000095
   -5.429078    0.000096
   -5.413799    0.000096
   -5.398520    0.000097
   -5.383241    0.000098
   -5.367962    0.000098
   -5.352683    0.000099
   -5.337405    0.000099
   -5.322126    0.000100
   -5.306847    0.000101
   -5.291568    0.000101
   -5.276289    0.000102
   -5.261010    0.000102
   -5.245731    0.000103
   -5.230452    0.000104
   -5.215173    0.000104
   -5.199894    0.000105
   -5.184615    0.000106
   -5.169336    0.000106
   -5.154058    0.000107
   -5.138779    0.000108
   -5.123500    0.000108
   -5.108221    0.000109
   -5.092942    0.000110
   -5.077663    0.000110
   -5.062384    0.000111
   -5.047105    0.000112
   -5.031826    0.000112
   -5.016547    0.000113
   -5.001268    0.000114
   -4.985989    0.000115
   -4.970711    0.000115
   -4.955432    0.000116
   -4.940153    0.000117
   -4.924874    0.000118
   -4.909595    0.000118
   -4.894316    0.000119
   -4.879037    0.000120
   -4.863758    0.000121
   -4.848479    0.000122
   -4.833200    0.000122
   -4.817921    0.000123
   -4.802642    0.000124
   -4.787363    0.000125
   -4.772085    0.000126
   -4.756806    0.000127
   -4.741527    0.000128
   -4.726248    0.000128
   -4.710969    0.000129
   -4.695690    0.000130
   -4.680411    0.000131
   -4.665132    0.000132
   -4.649853    0.000133
   -4.634574    0.000134
   -4.619295    0.000135
   -4.604016    0.000136
   -4.588738    0.000137
   -4.573459    0.000138
   -4.558180    0.000139
   -4.542901    0.000140
   -4.527622    0.000141
   -4.512343    0.000142
   -4.497064    0.000143
   -4.481785    0.000144
   -4.466506    0.000145
   -4.451227    0.000146
   -4.435948    0.000147
   -4.420669    0.000148
   -4.405391    0.000149
   -4.390112    0.000150
   -4.374833    0.000151
   -4.359554    0.000153
   -4.344275    0.000154
   -4.328996    0.000155
   -4.313717    0.000156
   -4.298438    0.000157
   -4.283159    0.000158
   -4.267880    0.000160
   -4.252601    0.000161
   -4.237322    0.000162
   -4.222044    0.000163
   -4.206765    0.000165
   -4.191486    0.000166
   -4.176207    0.000167
   -4.160928    0.000169
   -4.145649    0.000170
   -4.130370    0.000171
   -4.115091    0.000173
   -4.099812    0.000174
   -4.084533    0.000175
   -4.069254    0.000177
   -4.053975    0.000178
   -4.038697    0.000180
   -4.023418    0.000181
   -4.008139    0.000183
   -3.992860    0.000184
   -3.977581    0.000186
   -3.962302    0.000187
   -3.947023    0.000189
   -3.931744    0.000190
   -3.916465    0.000192
   -3.901186    0.000193
   -3.885907    0.000195
   -3.870628    0.000197
   -3.855350    0.000198
   -3.840071    0.000200
   -3.824792    0.000202
   -3.809513    0.000204
   -3.794234    0.000205
   -3.778955    0.000207
   -3.763676    0.000209
   -3.748397    0.000211
   -3.733118    0.000213
   -3.717839    0.000215
   -3.702560    0.000217
   -3.687281    0.000219
   -3.672003    0.000220
   -3.656724    0.000222
   -3.641445    0.000224
   -3.626166    0.000227
   -3.610887    0.000229
   -3.595608    0.000231
   -3.580329    0.000233
   -3.565050    0.000235
   -3.549771    0.000237
   -3.534492    0.000239
   -3.519213    0.000242
   -3.503934    0.000244
   -3.488656    0.000246
   -3.473377    0.000249
   -3.458098    0.000251
   -3.442819    0.000254
   -3.427540    0.000256
   -3.412261    0.000258
   -3.396982    0.000261
   -3.381703    0.000264
   -3.366424    0.000266
   -3.351145    0.000269
   -3.335866    0.000272
   -3.320587    0.000274
   -3.305309    0.000277
   -3.290030    0.000280
   -3.274751    0.000283
   -3.259472    0.000286
   -3.244193    0.000289
   -3.228914    0.000292
   -3.213635    0.000295
   -3.198356    0.000298
   -3.183077    0.000301
   -3.167798    0.000304
   -3.152519    0.000307
   -3.137240    0.000311
   -3.121962    0.000314
   -3.106683    0.000317
   -3.091404    0.000321
   -3.076125    0.000324
   -3.060846    0.000328
   -3.045567    0.000331
   -3.030288    0.000335
   -3.015009    0.000339
   -2.999730    0.000343
   -2.984451    0.000347
   -2.969172    0.000350
   -2.953893    0.000354
   -2.938615    0.000359
   -2.923336    0.000363
   -2.908057    0.000367
   -2.892778    0.000371
   -2.877499    0.000376
   -2.862220    0.000380
   -2.846941    0.000385
   -2.831662    0.000389
   -2.816383    0.000394
   -2.801104    0.000399
   -2.785825    0.000403
   -2.770546    0.000408
   -2.755268    0.000413
   -2.739989    0.000419
   -2.724710    0.000424
   -2.709431    0.000429
   -2.694152    0.000435
   -2.678873    0.000440
   -2.663594    0.000446
   -2.648315    0.000452
   -2.633036    0.000457
   -2.617757    0.000463
   -2.602478    0.000470
   -2.587199    0.000476
   -2.571921    0.000482
   -2.556642    0.000489
   -2.541363    0.000495
   -2.526084    0.000502
   -2.510805    0.000509
   -2.495526    0.000516
   -2.480247    0.000523
   -2.464968    0.000530
   -2.449689    0.000538
   -2.434410    0.000545
   -2.419131    0.000553
   -2.403852    0.000561
   -2.388573    0.000569
   -2.373295    0.000578
   -2.358016    0.000586
   -2.342737    0.000595
   -2.327458    0.000604
   -2.312179    0.000613
   -2.296900    0.000622
   -2.281621    0.000632
   -2.266342    0.000641
   -2.251063    0.000651
   -2.235784    0.000661
   -2.220505    0.000672
   -2.205226    0.000683
   -2.189948    0.000693
   -2.174669    0.000705
   -2.159390    0.000716
   -2.144111    0.000728
   -2.128832    0.000740
   -2.113553    0.000752
   -2.098274    0.000765
   -2.082995    0.000778
   -2.067716    0.000791
   -2.052437    0.000805
   -2.037158    0.000819
   -2.021879    0.000833
   -2.006601    0.000848
   -1.991322    0.000863
   -1.976043    0.000879
   -1.960764    0.000895
   -1.945485    0.000911
   -1.930206    0.000928
   -1.914927    0.000945
   -1.899648    0.000963
   -1.884369    0.000982
   -1.869090    0.001001
   -1.853811    0.001020
   -1.838532    0.001040
   -1.823254    0.001061
   -1.807975    0.001082
   -1.792696    0.001104
   -1.777417    0.001126
   -1.762138    0.001150
   -1.746859    0.001174
   -1.731580    0.001198
   -1.716301    0.001224
   -1.701022    0.001250
   -1.685743    0.001277
   -1.670464    0.001306
   -1.655185    0.001335
   -1.639907    0.001365
   -1.624628    0.001396
   -1.609349    0.001428
   -1.594070    0.001461
   -1.578791    0.001496
   -1.563512    0.001531
   -1.548233    0.001568
   -1.532954    0.001606
   -1.517675    0.001646
   -1.502396    0.001687
   -1.487117    0.001730
   -1.471838    0.001775
   -1.456560    0.001821
   -1.441281    0.001869
   -1.426002    0.001919
   -1.410723    0.001971
   -1.395444    0.002025
   -1.380165    0.002081
   -1.364886    0.002140
   -1.349607    0.002201
   -1.334328    0.002265
   -1.319049    0.002332
   -1.303770    0.002402
   -1.288491    0.002475
   -1.273213    0.002551
   -1.257934    0.002631
   -1.242655    0.002715
   -1.227376    0.002803
   -1.212097    0.002895
   -1.196818    0.002991
   -1.181539    0.003093
   -1.166260    0.003200
   -1.150981    0.003313
   -1.135702    0.003431
   -1.120423    0.003557
   -1.105144    0.003689
   -1.089866    0.003829
   -1.074587    0.003976
   -1.059308    0.004133
   -1.044029    0.004299
   -1.028750    0.004475
   -1.013471    0.004662
   -0.998192    0.004861
   -0.982913    0.005074
   -0.967634    0.005300
   -0.952355    0.005542
   -0.937076    0.005802
   -0.921797    0.006079
   -0.906519    0.006377
   -0.891240    0.006698
   -0.875961    0.007044
   -0.860682    0.007417
   -0.845403    0.007820
   -0.830124    0.008258
   -0.814845    0.008733
   -0.799566    0.009251
   -0.784287    0.009816
   -0.769008    0.010434
   -0.753729    0.011114
   -0.738450    0.011862
   -0.723172    0.012688
   -0.707893    0.013604
   -0.692614    0.014623
   -0.677335    0.015762
   -0.662056    0.017039
   -0.646777    0.018479
   -0.631498    0.020110
   -0.616219    0.021968
   -0.600940    0.024098
   -0.585661    0.026555
   -0.570382    0.029410
   -0.555103    0.032755
   -0.539825    0.036710
   -0.524546    0.041432
   -0.509267    0.047139
   -0.493988    0.054124
   -0.478709    0.062807
   -0.463430    0.073795
   -0.448151    0.087995
   -0.432872    0.106823
   -0.417593    0.132588
   -0.402314    0.169286
   -0.387035    0.224403
   -0.371756    0.313515
   -0.356478    0.474506
   -0.341199    0.825912
   -0.325920    1.959887
   -0.310641    7.098398
   -0.295362    9.357174
   -0.280083   14.039249
   -0.264804   11.598413
   -0.249525    5.909323
   -0.234246    3.743953
   -0.218967    4.080027
   -0.203688    1.442233
   -0.188409    0.582780
   -0.173130    0.343402
   -0.157852    0.234554
   -0.142573    0.173010
   -0.127294    0.133892
   -0.112015    0.107142
   -0.096736    0.087900
   -0.081457    0.073532
   -0.066178    0.062487
   -0.050899    0.053796
   -0.035620    0.046825
   -0.020341    0.041143
   -0.005062    0.036447
    0.010217    0.032519
    0.025495    0.029198
    0.040774    0.026365
    0.056053    0.023928
    0.071332    0.021816
    0.086611    0.019973
    0.101890    0.018356
    0.117169    0.016928
    0.132448    0.015661
    0.147727    0.014532
    0.163006    0.013521
    0.178285    0.012612
    0.193564    0.011793
    0.208842    0.011051
    0.224121    0.010377
    0.239400    0.009763
    0.254679    0.009202
    0.269958    0.008688
    0.285237    0.008216
    0.300516    0.007782
    0.315795    0.007381
    0.331074    0.007010
    0.346353    0.006667
    0.361632    0.006349
    0.376911    0.006052
    0.392189    0.005776
    0.407468    0.005519
    0.422747    0.005278
    0.438026    0.005053
    0.453305    0.004842
    0.468584    0.004644
    0.483863    0.004458
    0.499142    0.004282
    0.514421    0.004117
    0.529700    0.003962
    0.544979    0.003815
    0.560258    0.003676
    0.575536    0.003544
    0.590815    0.003420
    0.606094    0.003302
    0.621373    0.003190
    0.636652    0.003083
    0.651931    0.002982
    0.667210    0.002886
    0.682489    0.002794
    0.697768    0.002706
    0.713047    0.002623
    0.728326    0.002543
    0.743605    0.002467
    0.758883    0.002395
    0.774162    0.002325
    0.789441    0.002259
    0.804720    0.002195
    0.819999    0.002134
    0.835278    0.002076
    0.850557    0.002019
    0.865836    0.001966
    0.881115    0.001914
    0.896394    0.001864
    0.911673    0.001816
    0.926952    0.001770
    0.942230    0.001726
    0.957509    0.001683
    0.972788    0.001642
    0.988067    0.001603
    1.003346    0.001564
    1.018625    0.001528
    1.033904    0.001492
    1.049183    0.001458
    1.064462    0.001425
    1.079741    0.001393
    1.095020    0.001362
    1.110299    0.001332
    1.125577    0.001303
    1.140856    0.001275
    1.156135    0.001248
    1.171414    0.001221
    1.186693    0.001196
    1.201972    0.001171
    1.217251    0.001147
    1.232530    0.001124
    1.247809    0.001102
    1.263088    0.001080
    1.278367    0.001059
    1.293646    0.001038
    1.308924    0.001018
    1.324203    0.000999
    1.339482    0.000980
    1.354761    0.000962
    1.370040    0.000944
    1.385319    0.000926
    1.400598    0.000910
    1.415877    0.000893
    1.431156    0.000877
    1.446435    0.000862
    1.461714    0.000847
    1.476993    0.000832
    1.492271    0.000817
    1.507550    0.000803
    1.522829    0.000790
    1.538108    0.000777
    1.553387    0.000764
    1.568666    0.000751
    1.583945    0.000739
    1.599224    0.000727
    1.614503    0.000715
    1.629782    0.000704
    1.645061    0.000692
    1.660340    0.000681
    1.675618    0.000671
    1.690897    0.000660
    1.706176    0.000650
    1.721455    0.000640
    1.736734    0.000631
    1.752013    0.000621
    1.767292    0.000612
