# energy [H], band-resolved DOS
   -5.856888    0.000080
   -5.841609    0.000081
   -5.826330    0.000081
   -5.811051    0.000082
   -5.795772    0.000082
   -5.780493    0.000083
   -5.765214    0.000083
   -5.749935    0.000083
   -5.734656    0.000084
   -5.719377    0.000084
   -5.704099    0.000085
   -5.688820    0.000085
   -5.673541    0.000086
   -5.658262    0.000086
   -5.642983    0.000087
   -5.627704    0.000087
   -5.612425    0.000088
   -5.597146    0.000088
   -5.581867    0.000089
   -5.566588    0.000089
   -5.551309    0.000090
   -5.536030    0.000090
   -5.520752    0.000091
   -5.505473    0.000091
   -5.490194    0.000092
   -5.474915    0.000092
   -5.459636    0.000093
   -5.444357    0.000093
   -5.429078    0.000094
   -5.413799    0.000095
   -5.398520    0.000095
   -5.383241    0.000096
   -5.367962    0.000096
   -5.352683    0.000097
   -5.337405    0.000097
   -5.322126    0.000098
   -5.306847    0.000099
   -5.291568    0.000099
   -5.276289    0.000100
   -5.261010    0.000100
   -5.245731    0.000101
   -5.230452    0.000102
   -5.215173    0.000102
   -5.199894    0.000103
   -5.184615    0.000104
   -5.169336    0.000104
   -5.154058    0.000105
   -5.138779    0.000105
   -5.123500    0.000106
   -5.108221    0.000107
   -5.092942    0.000107
   -5.077663    0.000108
   -5.062384    0.000109
   -5.047105    0.000110
   -5.031826    0.000110
   -5.016547    0.000111
   -5.001268    0.000112
   -4.985989    0.000112
   -4.970711    0.000113
   -4.955432    0.000114
   -4.940153    0.000115
   -4.924874    0.000115
   -4.909595    0.000116
   -4.894316    0.000117
   -4.879037    0.000118
   -4.863758    0.000118
   -4.848479    0.000119
   -4.833200    0.000120
   -4.817921    0.000121
   -4.802642    0.000122
   -4.787363    0.000122
   -4.772085    0.000123
   -4.756806    0.000124
   -4.741527    0.000125
   -4.726248    0.000126
   -4.710969    0.000127
   -4.695690    0.000127
   -4.680411    0.000128
   -4.665132    0.000129
   -4.649853    0.000130
   -4.634574    0.000131
   -4.619295    0.000132
   -4.604016    0.000133
   -4.588738    0.000134
   -4.573459    0.000135
   -4.558180    0.000136
   -4.542901    0.000137
   -4.527622    0.000138
   -4.512343    0.000139
   -4.497064    0.000140
   -4.481785    0.000141
   -4.466506    0.000142
   -4.451227    0.000143
   -4.435948    0.000144
   -4.420669    0.000145
   -4.405391    0.000146
   -4.390112    0.000147
   -4.374833    0.000148
   -4.359554    0.000149
   -4.344275    0.000150
   -4.328996    0.000151
   -4.313717    0.000152
   -4.298438    0.000154
   -4.283159    0.000155
   -4.267880    0.000156
   -4.252601    0.000157
   -4.237322    0.000158
   -4.222044    0.000159
   -4.206765    0.000161
   -4.191486    0.000162
   -4.176207    0.000163
   -4.160928    0.000164
   -4.145649    0.000166
   -4.130370    0.000167
   -4.115091    0.000168
   -4.099812    0.000170
   -4.084533    0.000171
   -4.069254    0.000172
   -4.053975    0.000174
   -4.038697    0.000175
   -4.023418    0.000177
   -4.008139    0.000178
   -3.992860    0.000179
   -3.977581    0.000181
   -3.962302    0.000182
   -3.947023    0.000184
   -3.931744    0.000185
   -3.916465    0.000187
   -3.901186    0.000189
   -3.885907    0.000190
   -3.870628    0.000192
   -3.855350    0.000193
   -3.840071    0.000195
   -3.824792    0.000197
   -3.809513    0.000198
   -3.794234    0.000200
   -3.778955    0.000202
   -3.763676    0.000203
   -3.748397    0.000205
   -3.733118    0.000207
   -3.717839    0.000209
   -3.702560    0.000211
   -3.687281    0.000213
   -3.672003    0.000214
   -3.656724    0.000216
   -3.641445    0.000218
   -3.626166    0.000220
   -3.610887    0.000222
   -3.595608    0.000224
   -3.580329    0.000226
   -3.565050    0.000228
   -3.549771    0.000230
   -3.534492    0.000233
   -3.519213    0.000235
   -3.503934    0.000237
   -3.488656    0.000239
   -3.473377    0.000241
   -3.458098    0.000244
   -3.442819    0.000246
   -3.427540    0.000248
   -3.412261    0.000251
   -3.396982    0.000253
   -3.381703    0.000256
   -3.366424    0.000258
   -3.351145    0.000261
   -3.335866    0.000263
   -3.320587    0.000266
   -3.305309    0.000269
   -3.290030    0.000271
   -3.274751    0.000274
   -3.259472    0.000277
   -3.244193    0.000280
   -3.228914    0.000282
   -3.213635    0.000285
   -3.198356    0.000288
   -3.183077    0.000291
   -3.167798    0.000294
   -3.152519    0.000297
   -3.137240    0.000300
   -3.121962    0.000304
   -3.106683    0.000307
   -3.091404    0.000310
   -3.076125    0.000313
   -3.060846    0.000317
   -3.045567    0.000320
   -3.030288    0.000324
   -3.015009    0.000327
   -2.999730    0.000331
   -2.984451    0.000335
   -2.969172    0.000338
   -2.953893    0.000342
   -2.938615    0.000346
   -2.923336    0.000350
   -2.908057    0.000354
   -2.892778    0.000358
   -2.877499    0.000362
   -2.862220    0.000366
   -2.846941    0.000371
   -2.831662    0.000375
   -2.816383    0.000380
   -2.801104    0.000384
   -2.785825    0.000389
   -2.770546    0.000393
   -2.755268    0.000398
   -2.739989    0.000403
   -2.724710    0.000408
   -2.709431    0.000413
   -2.694152    0.000418
   -2.678873    0.000423
   -2.663594    0.000429
   -2.648315    0.000434
   -2.633036    0.000440
   -2.617757    0.000445
   -2.602478    0.000451
   -2.587199    0.000457
   -2.571921    0.000463
   -2.556642    0.000469
   -2.541363    0.000475
   -2.526084    0.000481
   -2.510805    0.000488
   -2.495526    0.000494
   -2.480247    0.000501
   -2.464968    0.000508
   -2.449689    0.000515
   -2.434410    0.000522
   -2.419131    0.000530
   -2.403852    0.000537
   -2.388573    0.000545
   -2.373295    0.000552
   -2.358016    0.000560
   -2.342737    0.000569
   -2.327458    0.000577
   -2.312179    0.000585
   -2.296900    0.000594
   -2.281621    0.000603
   -2.266342    0.000612
   -2.251063    0.000621
   -2.235784    0.000631
   -2.220505    0.000640
   -2.205226    0.000650
   -2.189948    0.000660
   -2.174669    0.000671
   -2.159390    0.000682
   -2.144111    0.000692
   -2.128832    0.000704
   -2.113553    0.000715
   -2.098274    0.000727
   -2.082995    0.000739
   -2.067716    0.000751
   -2.052437    0.000764
   -2.037158    0.000777
   -2.021879    0.000790
   -2.006601    0.000804
   -1.991322    0.000818
   -1.976043    0.000832
   -1.960764    0.000847
   -1.945485    0.000862
   -1.930206    0.000877
   -1.914927    0.000893
   -1.899648    0.000910
   -1.884369    0.000927
   -1.869090    0.000944
   -1.853811    0.000962
   -1.838532    0.000980
   -1.823254    0.000999
   -1.807975    0.001018
   -1.792696    0.001038
   -1.777417    0.001059
   -1.762138    0.001080
   -1.746859    0.001102
   -1.731580    0.001125
   -1.716301    0.001148
   -1.701022    0.001172
   -1.685743    0.001196
   -1.670464    0.001222
   -1.655185    0.001248
   -1.639907    0.001275
   -1.624628    0.001304
   -1.609349    0.001333
   -1.594070    0.001363
   -1.578791    0.001394
   -1.563512    0.001426
   -1.548233    0.001459
   -1.532954    0.001493
   -1.517675    0.001529
   -1.502396    0.001566
   -1.487117    0.001604
   -1.471838    0.001644
   -1.456560    0.001685
   -1.441281    0.001728
   -1.426002    0.001772
   -1.410723    0.001818
   -1.395444    0.001866
   -1.380165    0.001916
   -1.364886    0.001968
   -1.349607    0.002022
   -1.334328    0.002078
   -1.319049    0.002137
   -1.303770    0.002198
   -1.288491    0.002262
   -1.273213    0.002329
   -1.257934    0.002399
   -1.242655    0.002472
   -1.227376    0.002548
   -1.212097    0.002628
   -1.196818    0.002712
   -1.181539    0.002800
   -1.166260    0.002892
   -1.150981    0.002988
   -1.135702    0.003090
   -1.120423    0.003197
   -1.105144    0.003310
   -1.089866    0.003429
   -1.074587    0.003554
   -1.059308    0.003687
   -1.044029    0.003826
   -1.028750    0.003974
   -1.013471    0.004131
   -0.998192    0.004298
   -0.982913    0.004474
   -0.967634    0.004662
   -0.952355    0.004862
   -0.937076    0.005075
   -0.921797    0.005302
   -0.906519    0.005545
   -0.891240    0.005805
   -0.875961    0.006084
   -0.860682    0.006384
   -0.845403    0.006707
   -0.830124    0.007055
   -0.814845    0.007430
   -0.799566    0.007837
   -0.784287    0.008278
   -0.769008    0.008757
   -0.753729    0.009280
   -0.738450    0.009851
   -0.723172    0.010477
   -0.707893    0.011165
   -0.692614    0.011924
   -0.677335    0.012763
   -0.662056    0.013695
   -0.646777    0.014733
   -0.631498    0.015895
   -0.616219    0.017202
   -0.600940    0.018679
   -0.585661    0.020356
   -0.570382    0.022273
   -0.555103    0.024477
   -0.539825    0.027031
   -0.524546    0.030013
   -0.509267    0.033525
   -0.493988    0.037704
   -0.478709    0.042734
   -0.463430    0.048867
   -0.448151    0.056459
   -0.432872    0.066026
   -0.417593    0.078338
   -0.402314    0.094600
   -0.387035    0.116777
   -0.371756    0.148299
   -0.356478    0.195665
   -0.341199    0.272745
   -0.325920    0.415137
   -0.310641    0.749776
   -0.295362    2.105195
   -0.280083    4.166520
   -0.264804    8.444125
   -0.249525   12.750815
   -0.234246    6.134033
   -0.218967    5.665588
   -0.203688    3.925602
   -0.188409    3.433305
   -0.173130    3.601314
   -0.157852    4.931232
   -0.142573    3.671259
   -0.127294    0.928420
   -0.112015    0.434616
   -0.096736    0.265225
   -0.081457    0.183854
   -0.066178    0.137118
   -0.050899    0.107207
   -0.035620    0.086639
   -0.020341    0.071755
   -0.005062    0.060568
    0.010217    0.051908
    0.025495    0.045045
    0.040774    0.039500
    0.056053    0.034947
    0.071332    0.031158
    0.086611    0.027967
    0.101890    0.025253
    0.117169    0.022922
    0.132448    0.020906
    0.147727    0.019148
    0.163006    0.017606
    0.178285    0.016246
    0.193564    0.015039
    0.208842    0.013963
    0.224121    0.013000
    0.239400    0.012135
    0.254679    0.011353
    0.269958    0.010646
    0.285237    0.010003
    0.300516    0.009417
    0.315795    0.008882
    0.331074    0.008391
    0.346353    0.007940
    0.361632    0.007525
    0.376911    0.007141
    0.392189    0.006786
    0.407468    0.006458
    0.422747    0.006152
    0.438026    0.005868
    0.453305    0.005604
    0.468584    0.005356
    0.483863    0.005125
    0.499142    0.004909
    0.514421    0.004706
    0.529700    0.004515
    0.544979    0.004336
    0.560258    0.004168
    0.575536    0.004009
    0.590815    0.003859
    0.606094    0.003717
    0.621373    0.003583
    0.636652    0.003456
    0.651931    0.003336
    0.667210    0.003221
    0.682489    0.003113
    0.697768    0.003010
    0.713047    0.002912
    0.728326    0.002819
    0.743605    0.002730
    0.758883    0.002646
    0.774162    0.002565
    0.789441    0.002488
    0.804720    0.002414
    0.819999    0.002344
    0.835278    0.002276
    0.850557    0.002212
    0.865836    0.002150
    0.881115    0.002091
    0.896394    0.002034
    0.911673    0.001979
    0.926952    0.001927
    0.942230    0.001877
    0.957509    0.001828
    0.972788    0.001782
    0.988067    0.001737
    1.003346    0.001694
    1.018625    0.001652
    1.033904    0.001612
    1.049183    0.001574
    1.064462    0.001537
    1.079741    0.001501
    1.095020    0.001466
    1.110299    0.001433
    1.125577    0.001400
    1.140856    0.001369
    1.156135    0.001339
    1.171414    0.001310
    1.186693    0.001281
    1.201972    0.001254
    1.217251    0.001227
    1.232530    0.001202
    1.247809    0.001177
    1.263088    0.001153
    1.278367    0.001129
    1.293646    0.001107
    1.308924    0.001085
    1.324203    0.001063
    1.339482    0.001043
    1.354761    0.001023
    1.370040    0.001003
    1.385319    0.000984
    1.400598    0.000966
    1.415877    0.000948
    1.431156    0.000930
    1.446435    0.000913
    1.461714    0.000897
    1.476993    0.000881
    1.492271    0.000865
    1.507550    0.000850
    1.522829    0.000835
    1.538108    0.000821
    1.553387    0.000807
    1.568666    0.000793
    1.583945    0.000779
    1.599224    0.000766
    1.614503    0.000754
    1.629782    0.000741
    1.645061    0.000729
    1.660340    0.000717
    1.675618    0.000706
    1.690897    0.000695
    1.706176    0.000684
    1.721455    0.000673
    1.736734    0.000663
    1.752013    0.000652
    1.767292    0.000642
