# energy [H], band-resolved DOS
   -5.856888    0.000072
   -5.841609    0.000072
   -5.826330    0.000073
   -5.811051    0.000073
   -5.795772    0.000073
   -5.780493    0.000074
   -5.765214    0.000074
   -5.749935    0.000075
   -5.734656    0.000075
   -5.719377    0.000075
   -5.704099    0.000076
   -5.688820    0.000076
   -5.673541    0.000077
   -5.658262    0.000077
   -5.642983    0.000077
   -5.627704    0.000078
   -5.612425    0.000078
   -5.597146    0.000079
   -5.581867    0.000079
   -5.566588    0.000079
   -5.551309    0.000080
   -5.536030    0.000080
   -5.520752    0.000081
   -5.505473    0.000081
   -5.490194    0.000082
   -5.474915    0.000082
   -5.459636    0.000083
   -5.444357    0.000083
   -5.429078    0.000083
   -5.413799    0.000084
   -5.398520    0.000084
   -5.383241    0.000085
   -5.367962    0.000085
   -5.352683    0.000086
   -5.337405    0.000086
   -5.322126    0.000087
   -5.306847    0.000087
   -5.291568    0.000088
   -5.276289    0.000088
   -5.261010    0.000089
   -5.245731    0.000089
   -5.230452    0.000090
   -5.215173    0.000090
   -5.199894    0.000091
   -5.184615    0.000091
   -5.169336    0.000092
   -5.154058    0.000092
   -5.138779    0.000093
   -5.123500    0.000094
   -5.108221    0.000094
   -5.092942    0.000095
   -5.077663    0.000095
   -5.062384    0.000096
   -5.047105    0.000096
   -5.031826    0.000097
   -5.016547    0.000097
   -5.001268    0.000098
   -4.985989    0.000099
   -4.970711    0.000099
   -4.955432    0.000100
   -4.940153    0.000100
   -4.924874    0.000101
   -4.909595    0.000102
   -4.894316    0.000102
   -4.879037    0.000103
   -4.863758    0.000104
   -4.848479    0.000104
   -4.833200    0.000105
   -4.817921    0.000106
   -4.802642    0.000106
   -4.787363    0.000107
   -4.772085    0.000108
   -4.756806    0.000108
   -4.741527    0.000109
   -4.726248    0.000110
   -4.710969    0.000110
   -4.695690    0.000111
   -4.680411    0.000112
   -4.665132    0.000112
   -4.649853    0.000113
   -4.634574    0.000114
   -4.619295    0.000115
   -4.604016    0.000115
   -4.588738    0.000116
   -4.573459    0.000117
   -4.558180    0.000118
   -4.542901    0.000118
   -4.527622    0.000119
   -4.512343    0.000120
   -4.497064    0.000121
   -4.481785    0.000122
   -4.466506    0.000122
   -4.451227    0.000123
   -4.435948    0.000124
   -4.420669    0.000125
   -4.405391    0.000126
   -4.390112    0.000127
   -4.374833    0.000127
   -4.359554    0.000128
   -4.344275    0.000129
   -4.328996    0.000130
   -4.313717    0.000131
   -4.298438    0.000132
   -4.283159    0.000133
   -4.267880    0.000134
   -4.252601    0.000135
   -4.237322    0.000136
   -4.222044    0.000137
   -4.206765    0.000138
   -4.191486    0.000139
   -4.176207    0.000140
   -4.160928    0.000141
   -4.145649    0.000142
   -4.130370    0.000143
   -4.115091    0.000144
   -4.099812    0.000145
   -4.084533    0.000146
   -4.069254    0.000147
   -4.053975    0.000148
   -4.038697    0.000149
   -4.023418    0.000150
   -4.008139    0.000151
   -3.992860    0.000152
   -3.977581    0.000154
   -3.962302    0.000155
   -3.947023    0.000156
   -3.931744    0.000157
   -3.916465    0.000158
   -3.901186    0.000159
   -3.885907    0.000161
   -3.870628    0.000162
   -3.855350    0.000163
   -3.840071    0.000164
   -3.824792    0.000166
   -3.809513    0.000167
   -3.794234    0.000168
   -3.778955    0.000170
   -3.763676    0.000171
   -3.748397    0.000172
   -3.733118    0.000174
   -3.717839    0.000175
   -3.702560    0.000177
   -3.687281    0.000178
   -3.672003    0.000179
   -3.656724    0.000181
   -3.641445    0.000182
   -3.626166    0.000184
   -3.610887    0.000185
   -3.595608    0.000187
   -3.580329    0.000189
   -3.565050    0.000190
   -3.549771    0.000192
   -3.534492    0.000193
   -3.519213    0.000195
   -3.503934    0.000197
   -3.488656    0.000198
   -3.473377    0.000200
   -3.458098    0.000202
   -3.442819    0.000204
   -3.427540    0.000205
   -3.412261    0.000207
   -3.396982    0.000209
   -3.381703    0.000211
   -3.366424    0.000213
   -3.351145    0.000214
   -3.335866    0.000216
   -3.320587    0.000218
   -3.305309    0.000220
   -3.290030    0.000222
   -3.274751    0.000224
   -3.259472    0.000226
   -3.244193    0.000228
   -3.228914    0.000231
   -3.213635    0.000233
   -3.198356    0.000235
   -3.183077    0.000237
   -3.167798    0.000239
   -3.152519    0.000242
   -3.137240    0.000244
   -3.121962    0.000246
   -3.106683    0.000249
   -3.091404    0.000251
   -3.076125    0.000253
   -3.060846    0.000256
   -3.045567    0.000258
   -3.030288    0.000261
   -3.015009    0.000263
   -2.999730    0.000266
   -2.984451    0.000269
   -2.969172    0.000271
   -2.953893    0.000274
   -2.938615    0.000277
   -2.923336    0.000280
   -2.908057    0.000283
   -2.892778    0.000285
   -2.877499    0.000288
   -2.862220    0.000291
   -2.846941    0.000294
   -2.831662    0.000297
   -2.816383    0.000301
   -2.801104    0.000304
   -2.785825    0.000307
   -2.770546    0.000310
   -2.755268    0.000314
   -2.739989    0.000317
   -2.724710    0.000321
   -2.709431    0.000324
   -2.694152    0.000328
   -2.678873    0.000331
   -2.663594    0.000335
   -2.648315    0.000339
   -2.633036    0.000342
   -2.617757    0.000346
   -2.602478    0.000350
   -2.587199    0.000354
   -2.571921    0.000358
   -2.556642    0.000362
   -2.541363    0.000367
   -2.526084    0.000371
   -2.510805    0.000375
   -2.495526    0.000380
   -2.480247    0.000384
   -2.464968    0.000389
   -2.449689    0.000394
   -2.434410    0.000398
   -2.419131    0.000403
   -2.403852    0.000408
   -2.388573    0.000413
   -2.373295    0.000418
   -2.358016    0.000424
   -2.342737    0.000429
   -2.327458    0.000434
   -2.312179    0.000440
   -2.296900    0.000446
   -2.281621    0.000451
   -2.266342    0.000457
   -2.251063    0.000463
   -2.235784    0.000469
   -2.220505    0.000476
   -2.205226    0.000482
   -2.189948    0.000488
   -2.174669    0.000495
   -2.159390    0.000502
   -2.144111    0.000509
   -2.128832    0.000516
   -2.113553    0.000523
   -2.098274    0.000530
   -2.082995    0.000538
   -2.067716    0.000545
   -2.052437    0.000553
   -2.037158    0.000561
   -2.021879    0.000569
   -2.006601    0.000577
   -1.991322    0.000586
   -1.976043    0.000595
   -1.960764    0.000604
   -1.945485    0.000613
   -1.930206    0.000622
   -1.914927    0.000631
   -1.899648    0.000641
   -1.884369    0.000651
   -1.869090    0.000661
   -1.853811    0.000672
   -1.838532    0.000682
   -1.823254    0.000693
   -1.807975    0.000705
   -1.792696    0.000716
   -1.777417    0.000728
   -1.762138    0.000740
   -1.746859    0.000752
   -1.731580    0.000765
   -1.716301    0.000778
   -1.701022    0.000791
   -1.685743    0.000805
   -1.670464    0.000819
   -1.655185    0.000833
   -1.639907    0.000848
   -1.624628    0.000863
   -1.609349    0.000879
   -1.594070    0.000895
   -1.578791    0.000912
   -1.563512    0.000928
   -1.548233    0.000946
   -1.532954    0.000964
   -1.517675    0.000982
   -1.502396    0.001001
   -1.487117    0.001021
   -1.471838    0.001041
   -1.456560    0.001061
   -1.441281    0.001083
   -1.426002    0.001105
   -1.410723    0.001127
   -1.395444    0.001151
   -1.380165    0.001175
   -1.364886    0.001200
   -1.349607    0.001225
   -1.334328    0.001252
   -1.319049    0.001279
   -1.303770    0.001307
   -1.288491    0.001336
   -1.273213    0.001367
   -1.257934    0.001398
   -1.242655    0.001430
   -1.227376    0.001464
   -1.212097    0.001498
   -1.196818    0.001534
   -1.181539    0.001571
   -1.166260    0.001610
   -1.150981    0.001650
   -1.135702    0.001691
   -1.120423    0.001734
   -1.105144    0.001779
   -1.089866    0.001826
   -1.074587    0.001874
   -1.059308    0.001924
   -1.044029    0.001977
   -1.028750    0.002031
   -1.013471    0.002088
   -0.998192    0.002148
   -0.982913    0.002209
   -0.967634    0.002274
   -0.952355    0.002342
   -0.937076    0.002412
   -0.921797    0.002486
   -0.906519    0.002563
   -0.891240    0.002644
   -0.875961    0.002729
   -0.860682    0.002818
   -0.845403    0.002911
   -0.830124    0.003010
   -0.814845    0.003113
   -0.799566    0.003222
   -0.784287    0.003336
   -0.769008    0.003457
   -0.753729    0.003585
   -0.738450    0.003719
   -0.723172    0.003862
   -0.707893    0.004013
   -0.692614    0.004173
   -0.677335    0.004343
   -0.662056    0.004524
   -0.646777    0.004716
   -0.631498    0.004921
   -0.616219    0.005139
   -0.600940    0.005373
   -0.585661    0.005623
   -0.570382    0.005891
   -0.555103    0.006179
   -0.539825    0.006489
   -0.524546    0.006823
   -0.509267    0.007184
   -0.493988    0.007575
   -0.478709    0.007999
   -0.463430    0.008460
   -0.448151    0.008962
   -0.432872    0.009512
   -0.417593    0.010115
   -0.402314    0.010778
   -0.387035    0.011510
   -0.371756    0.012321
   -0.356478    0.013222
   -0.341199    0.014229
   -0.325920    0.015359
   -0.310641    0.016634
   -0.295362    0.018079
   -0.280083    0.019728
   -0.264804    0.021622
   -0.249525    0.023816
   -0.234246    0.026378
   -0.218967    0.029401
   -0.203688    0.033007
   -0.188409    0.037368
   -0.173130    0.042726
   -0.157852    0.049433
   -0.142573    0.058026
   -0.127294    0.069361
   -0.112015    0.084886
   -0.096736    0.107250
   -0.081457    0.141831
   -0.066178    0.201303
   -0.050899    0.323128
   -0.035620    0.670285
   -0.020341    2.529705
   -0.005062    3.880572
    0.010217    3.175573
    0.025495    2.860797
    0.040774    2.815399
    0.056053    3.013631
    0.071332    3.434445
    0.086611    3.456147
    0.101890    4.918694
    0.117169    5.450051
    0.132448    5.713186
    0.147727    7.758089
    0.163006    7.259877
    0.178285    2.881403
    0.193564    1.617995
    0.208842    0.573132
    0.224121    0.319841
    0.239400    0.213667
    0.254679    0.155764
    0.269958    0.119762
    0.285237    0.095508
    0.300516    0.078243
    0.315795    0.065444
    0.331074    0.055654
    0.346353    0.047976
    0.361632    0.041830
    0.376911    0.036825
    0.392189    0.032690
    0.407468    0.029230
    0.422747    0.026304
    0.438026    0.023804
    0.453305    0.021652
    0.468584    0.019784
    0.483863    0.018151
    0.499142    0.016716
    0.514421    0.015447
    0.529700    0.014319
    0.544979    0.013312
    0.560258    0.012409
    0.575536    0.011596
    0.590815    0.010861
    0.606094    0.010194
    0.621373    0.009588
    0.636652    0.009035
    0.651931    0.008528
    0.667210    0.008064
    0.682489    0.007637
    0.697768    0.007243
    0.713047    0.006879
    0.728326    0.006542
    0.743605    0.006229
    0.758883    0.005938
    0.774162    0.005668
    0.789441    0.005415
    0.804720    0.005180
    0.819999    0.004959
    0.835278    0.004752
    0.850557    0.004558
    0.865836    0.004376
    0.881115    0.004204
    0.896394    0.004043
    0.911673    0.003890
    0.926952    0.003746
    0.942230    0.003610
    0.957509    0.003481
    0.972788    0.003360
    0.988067    0.003244
    1.003346    0.003134
    1.018625    0.003030
    1.033904    0.002931
    1.049183    0.002837
    1.064462    0.002747
    1.079741    0.002661
    1.095020    0.002579
    1.110299    0.002502
    1.125577    0.002427
    1.140856    0.002356
    1.156135    0.002288
    1.171414    0.002223
    1.186693    0.002160
    1.201972    0.002101
    1.217251    0.002043
    1.232530    0.001988
    1.247809    0.001935
    1.263088    0.001885
    1.278367    0.001836
    1.293646    0.001789
    1.308924    0.001744
    1.324203    0.001700
    1.339482    0.001659
    1.354761    0.001618
    1.370040    0.001579
    1.385319    0.001542
    1.400598    0.001506
    1.415877    0.001471
    1.431156    0.001437
    1.446435    0.001405
    1.461714    0.001373
    1.476993    0.001343
    1.492271    0.001314
    1.507550    0.001285
    1.522829    0.001258
    1.538108    0.001231
    1.553387    0.001205
    1.568666    0.001180
    1.583945    0.001156
    1.599224    0.001132
    1.614503    0.001110
    1.629782    0.001088
    1.645061    0.001066
    1.660340    0.001045
    1.675618    0.001025
    1.690897    0.001005
    1.706176    0.000986
    1.721455    0.000968
    1.736734    0.000950
    1.752013    0.000932
    1.767292    0.000915
