# energy [H], band-resolved DOS
   -5.856888    0.001575
   -5.841609    0.001614
   -5.826330    0.001654
   -5.811051    0.001695
   -5.795772    0.001739
   -5.780493    0.001783
   -5.765214    0.001830
   -5.749935    0.001878
   -5.734656    0.001928
   -5.719377    0.001981
   -5.704099    0.002035
   -5.688820    0.002092
   -5.673541    0.002151
   -5.658262    0.002213
   -5.642983    0.002277
   -5.627704    0.002345
   -5.612425    0.002415
   -5.597146    0.002488
   -5.581867    0.002565
   -5.566588    0.002646
   -5.551309    0.002730
   -5.536030    0.002819
   -5.520752    0.002911
   -5.505473    0.003009
   -5.490194    0.003111
   -5.474915    0.003219
   -5.459636    0.003333
   -5.444357    0.003452
   -5.429078    0.003579
   -5.413799    0.003712
   -5.398520    0.003853
   -5.383241    0.004002
   -5.367962    0.004159
   -5.352683    0.004327
   -5.337405    0.004504
   -5.322126    0.004693
   -5.306847    0.004894
   -5.291568    0.005108
   -5.276289    0.005337
   -5.261010    0.005581
   -5.245731    0.005842
   -5.230452    0.006122
   -5.215173    0.006423
   -5.199894    0.006746
   -5.184615    0.007094
   -5.169336    0.007471
   -5.154058    0.007877
   -5.138779    0.008319
   -5.123500    0.008798
   -5.108221    0.009319
   -5.092942    0.009889
   -5.077663    0.010512
   -5.062384    0.011197
   -5.047105    0.011950
   -5.031826    0.012782
   -5.016547    0.013704
   -5.001268    0.014730
   -4.985989    0.015875
   -4.970711    0.017158
   -4.955432    0.018605
   -4.940153    0.020242
   -4.924874    0.022104
   -4.909595    0.024237
   -4.894316    0.026693
   -4.879037    0.029543
   -4.863758    0.032874
   -4.848479    0.036802
   -4.833200    0.041479
   -4.817921    0.047106
   -4.802642    0.053961
   -4.787363    0.062427
   -4.772085    0.073054
   -4.756806    0.086641
   -4.741527    0.104401
   -4.726248    0.128230
   -4.710969    0.161244
   -4.695690    0.208835
   -4.680411    0.281017
   -4.665132    0.398108
   -4.649853    0.606575
   -4.634574    1.032341
   -4.619295    2.118217
   -4.604016    6.294007
   -4.588738   34.319525
   -4.573459   12.124003
   -4.558180    3.132435
   -4.542901    1.352474
   -4.527622    0.744666
   -4.512343    0.469543
   -4.497064    0.322588
   -4.481785    0.235102
   -4.466506    0.178879
   -4.451227    0.140635
   -4.435948    0.113453
   -4.420669    0.093448
   -4.405391    0.078300
   -4.390112    0.066556
   -4.374833    0.057267
   -4.359554    0.049795
   -4.344275    0.043695
   -4.328996    0.038650
   -4.313717    0.034431
   -4.298438    0.030867
   -4.283159    0.027829
   -4.267880    0.025218
   -4.252601    0.022958
   -4.237322    0.020988
   -4.222044    0.019262
   -4.206765    0.017740
   -4.191486    0.016392
   -4.176207    0.015191
   -4.160928    0.014118
   -4.145649    0.013155
   -4.130370    0.012287
   -4.115091    0.011502
   -4.099812    0.010790
   -4.084533    0.010142
   -4.069254    0.009551
   -4.053975    0.009010
   -4.038697    0.008513
   -4.023418    0.008057
   -4.008139    0.007636
   -3.992860    0.007248
   -3.977581    0.006888
   -3.962302    0.006555
   -3.947023    0.006245
   -3.931744    0.005956
   -3.916465    0.005687
   -3.901186    0.005436
   -3.885907    0.005201
   -3.870628    0.004982
   -3.855350    0.004775
   -3.840071    0.004582
   -3.824792    0.004399
   -3.809513    0.004228
   -3.794234    0.004066
   -3.778955    0.003914
   -3.763676    0.003770
   -3.748397    0.003633
   -3.733118    0.003504
   -3.717839    0.003382
   -3.702560    0.003266
   -3.687281    0.003156
   -3.672003    0.003051
   -3.656724    0.002951
   -3.641445    0.002857
   -3.626166    0.002766
   -3.610887    0.002680
   -3.595608    0.002598
   -3.580329    0.002520
   -3.565050    0.002445
   -3.549771    0.002373
   -3.534492    0.002305
   -3.519213    0.002239
   -3.503934    0.002177
   -3.488656    0.002116
   -3.473377    0.002059
   -3.458098    0.002003
   -3.442819    0.001950
   -3.427540    0.001899
   -3.412261    0.001850
   -3.396982    0.001802
   -3.381703    0.001757
   -3.366424    0.001713
   -3.351145    0.001671
   -3.335866    0.001630
   -3.320587    0.001591
   -3.305309    0.001554
   -3.290030    0.001517
   -3.274751    0.001482
   -3.259472    0.001448
   -3.244193    0.001415
   -3.228914    0.001384
   -3.213635    0.001353
   -3.198356    0.001323
   -3.183077    0.001295
   -3.167798    0.001267
   -3.152519    0.001240
   -3.137240    0.001214
   -3.121962    0.001189
   -3.106683    0.001164
   -3.091404    0.001141
   -3.076125    0.001118
   -3.060846    0.001095
   -3.045567    0.001074
   -3.030288    0.001053
   -3.015009    0.001032
   -2.999730    0.001013
   -2.984451    0.000993
   -2.969172    0.000975
   -2.953893    0.000956
   -2.938615    0.000939
   -2.923336    0.000922
   -2.908057    0.000905
   -2.892778    0.000889
   -2.877499    0.000873
   -2.862220    0.000857
   -2.846941    0.000842
   -2.831662    0.000828
   -2.816383    0.000814
   -2.801104    0.000800
   -2.785825    0.000786
   -2.770546    0.000773
   -2.755268    0.000760
   -2.739989    0.000748
   -2.724710    0.000735
   -2.709431    0.000723
   -2.694152    0.000712
   -2.678873    0.000700
   -2.663594    0.000689
   -2.648315    0.000679
   -2.633036    0.000668
   -2.617757    0.000658
   -2.602478    0.000648
   -2.587199    0.000638
   -2.571921    0.000628
   -2.556642    0.000619
   -2.541363    0.000609
   -2.526084    0.000600
   -2.510805    0.000592
   -2.495526    0.000583
   -2.480247    0.000575
   -2.464968    0.000566
   -2.449689    0.000558
   -2.434410    0.000550
   -2.419131    0.000543
   -2.403852    0.000535
   -2.388573    0.000528
   -2.373295    0.000520
   -2.358016    0.000513
   -2.342737    0.000506
   -2.327458    0.000499
   -2.312179    0.000493
   -2.296900    0.000486
   -2.281621    0.000480
   -2.266342    0.000473
   -2.251063    0.000467
   -2.235784    0.000461
   -2.220505    0.000455
   -2.205226    0.000449
   -2.189948    0.000444
   -2.174669    0.000438
   -2.159390    0.000433
   -2.144111    0.000427
   -2.128832    0.000422
   -2.113553    0.000417
   -2.098274    0.000412
   -2.082995    0.000407
   -2.067716    0.000402
   -2.052437    0.000397
   -2.037158    0.000392
   -2.021879    0.000387
   -2.006601    0.000383
   -1.991322    0.000378
   -1.976043    0.000374
   -1.960764    0.000370
   -1.945485    0.000365
   -1.930206    0.000361
   -1.914927    0.000357
   -1.899648    0.000353
   -1.884369    0.000349
   -1.869090    0.000345
   -1.853811    0.000341
   -1.838532    0.000337
   -1.823254    0.000334
   -1.807975    0.000330
   -1.792696    0.000326
   -1.777417    0.000323
   -1.762138    0.000319
   -1.746859    0.000316
   -1.731580    0.000313
   -1.716301    0.000309
   -1.701022    0.000306
   -1.685743    0.000303
   -1.670464    0.000300
   -1.655185    0.000297
   -1.639907    0.000293
   -1.624628    0.000290
   -1.609349    0.000287
   -1.594070    0.000285
   -1.578791    0.000282
   -1.563512    0.000279
   -1.548233    0.000276
   -1.532954    0.000273
   -1.517675    0.000271
   -1.502396    0.000268
   -1.487117    0.000265
   -1.471838    0.000263
   -1.456560    0.000260
   -1.441281    0.000258
   -1.426002    0.000255
   -1.410723    0.000253
   -1.395444    0.000250
   -1.380165    0.000248
   -1.364886    0.000245
   -1.349607    0.000243
   -1.334328    0.000241
   -1.319049    0.000239
   -1.303770    0.000236
   -1.288491    0.000234
   -1.273213    0.000232
   -1.257934    0.000230
   -1.242655    0.000228
   -1.227376    0.000226
   -1.212097    0.000224
   -1.196818    0.000222
   -1.181539    0.000220
   -1.166260    0.000218
   -1.150981    0.000216
   -1.135702    0.000214
   -1.120423    0.000212
   -1.105144    0.000210
   -1.089866    0.000208
   -1.074587    0.000207
   -1.059308    0.000205
   -1.044029    0.000203
   -1.028750    0.000201
   -1.013471    0.000200
   -0.998192    0.000198
   -0.982913    0.000196
   -0.967634    0.000195
   -0.952355    0.000193
   -0.937076    0.000191
   -0.921797    0.000190
   -0.906519    0.000188
   -0.891240    0.000187
   -0.875961    0.000185
   -0.860682    0.000184
   -0.845403    0.000182
   -0.830124    0.000181
   -0.814845    0.000179
   -0.799566    0.000178
   -0.784287    0.000176
   -0.769008    0.000175
   -0.753729    0.000173
   -0.738450    0.000172
   -0.723172    0.000171
   -0.707893    0.000169
   -0.692614    0.000168
   -0.677335    0.000167
   -0.662056    0.000165
   -0.646777    0.000164
   -0.631498    0.000163
   -0.616219    0.000162
   -0.600940    0.000160
   -0.585661    0.000159
   -0.570382    0.000158
   -0.555103    0.000157
   -0.539825    0.000156
   -0.524546    0.000154
   -0.509267    0.000153
   -0.493988    0.000152
   -0.478709    0.000151
   -0.463430    0.000150
   -0.448151    0.000149
   -0.432872    0.000148
   -0.417593    0.000147
   -0.402314    0.000146
   -0.387035    0.000144
   -0.371756    0.000143
   -0.356478    0.000142
   -0.341199    0.000141
   -0.325920    0.000140
   -0.310641    0.000139
   -0.295362    0.000138
   -0.280083    0.000137
   -0.264804    0.000136
   -0.249525    0.000135
   -0.234246    0.000134
   -0.218967    0.000134
   -0.203688    0.000133
   -0.188409    0.000132
   -0.173130    0.000131
   -0.157852    0.000130
   -0.142573    0.000129
   -0.127294    0.000128
   -0.112015    0.000127
   -0.096736    0.000126
   -0.081457    0.000126
   -0.066178    0.000125
   -0.050899    0.000124
   -0.035620    0.000123
   -0.020341    0.000122
   -0.005062    0.000121
    0.010217    0.000121
    0.025495    0.000120
    0.040774    0.000119
    0.056053    0.000118
    0.071332    0.000117
    0.086611    0.000117
    0.101890    0.000116
    0.117169    0.000115
    0.132448    0.000114
    0.147727    0.000114
    0.163006    0.000113
    0.178285    0.000112
    0.193564    0.000111
    0.208842    0.000111
    0.224121    0.000110
    0.239400    0.000109
    0.254679    0.000109
    0.269958    0.000108
    0.285237    0.000107
    0.300516    0.000107
    0.315795    0.000106
    0.331074    0.000105
    0.346353    0.000105
    0.361632    0.000104
    0.376911    0.000103
    0.392189    0.000103
    0.407468    0.000102
    0.422747    0.000102
    0.438026    0.000101
    0.453305    0.000100
    0.468584    0.000100
    0.483863    0.000099
    0.499142    0.000098
    0.514421    0.000098
    0.529700    0.000097
    0.544979    0.000097
    0.560258    0.000096
    0.575536    0.000096
    0.590815    0.000095
    0.606094    0.000094
    0.621373    0.000094
    0.636652    0.000093
    0.651931    0.000093
    0.667210    0.000092
    0.682489    0.000092
    0.697768    0.000091
    0.713047    0.000091
    0.728326    0.000090
    0.743605    0.000090
    0.758883    0.000089
    0.774162    0.000089
    0.789441    0.000088
    0.804720    0.000088
    0.819999    0.000087
    0.835278    0.000087
    0.850557    0.000086
    0.865836    0.000086
    0.881115    0.000085
    0.896394    0.000085
    0.911673    0.000084
    0.926952    0.000084
    0.942230    0.000083
    0.957509    0.000083
    0.972788    0.000082
    0.988067    0.000082
    1.003346    0.000082
    1.018625    0.000081
    1.033904    0.000081
    1.049183    0.000080
    1.064462    0.000080
    1.079741    0.000079
    1.095020    0.000079
    1.110299    0.000078
    1.125577    0.000078
    1.140856    0.000078
    1.156135    0.000077
    1.171414    0.000077
    1.186693    0.000076
    1.201972    0.000076
    1.217251    0.000076
    1.232530    0.000075
    1.247809    0.000075
    1.263088    0.000074
    1.278367    0.000074
    1.293646    0.000074
    1.308924    0.000073
    1.324203    0.000073
    1.339482    0.000073
    1.354761    0.000072
    1.370040    0.000072
    1.385319    0.000071
    1.400598    0.000071
    1.415877    0.000071
    1.431156    0.000070
    1.446435    0.000070
    1.461714    0.000070
    1.476993    0.000069
    1.492271    0.000069
    1.507550    0.000069
    1.522829    0.000068
    1.538108    0.000068
    1.553387    0.000068
    1.568666    0.000067
    1.583945    0.000067
    1.599224    0.000067
    1.614503    0.000066
    1.629782    0.000066
    1.645061    0.000066
    1.660340    0.000065
    1.675618    0.000065
    1.690897    0.000065
    1.706176    0.000064
    1.721455    0.000064
    1.736734    0.000064
    1.752013    0.000063
    1.767292    0.000063
