# energy [H], band-resolved DOS
   -5.856888    0.000088
   -5.841609    0.000089
   -5.826330    0.000089
   -5.811051    0.000090
   -5.795772    0.000090
   -5.780493    0.000091
   -5.765214    0.000091
   -5.749935    0.000092
   -5.734656    0.000092
   -5.719377    0.000093
   -5.704099    0.000093
   -5.688820    0.000094
   -5.673541    0.000094
   -5.658262    0.000095
   -5.642983    0.000096
   -5.627704    0.000096
   -5.612425    0.000097
   -5.597146    0.000097
   -5.581867    0.000098
   -5.566588    0.000098
   -5.551309    0.000099
   -5.536030    0.000100
   -5.520752    0.000100
   -5.505473    0.000101
   -5.490194    0.000101
   -5.474915    0.000102
   -5.459636    0.000103
   -5.444357    0.000103
   -5.429078    0.000104
   -5.413799    0.000105
   -5.398520    0.000105
   -5.383241    0.000106
   -5.367962    0.000107
   -5.352683    0.000107
   -5.337405    0.000108
   -5.322126    0.000109
   -5.306847    0.000109
   -5.291568    0.000110
   -5.276289    0.000111
   -5.261010    0.000111
   -5.245731    0.000112
   -5.230452    0.000113
   -5.215173    0.000114
   -5.199894    0.000114
   -5.184615    0.000115
   -5.169336    0.000116
   -5.154058    0.000117
   -5.138779    0.000117
   -5.123500    0.000118
   -5.108221    0.000119
   -5.092942    0.000120
   -5.077663    0.000120
   -5.062384    0.000121
   -5.047105    0.000122
   -5.031826    0.000123
   -5.016547    0.000124
   -5.001268    0.000125
   -4.985989    0.000125
   -4.970711    0.000126
   -4.955432    0.000127
   -4.940153    0.000128
   -4.924874    0.000129
   -4.909595    0.000130
   -4.894316    0.000131
   -4.879037    0.000132
   -4.863758    0.000132
   -4.848479    0.000133
   -4.833200    0.000134
   -4.817921    0.000135
   -4.802642    0.000136
   -4.787363    0.000137
   -4.772085    0.000138
   -4.756806    0.000139
   -4.741527    0.000140
   -4.726248    0.000141
   -4.710969    0.000142
   -4.695690    0.000143
   -4.680411    0.000144
   -4.665132    0.000145
   -4.649853    0.000146
   -4.634574    0.000148
   -4.619295    0.000149
   -4.604016    0.000150
   -4.588738    0.000151
   -4.573459    0.000152
   -4.558180    0.000153
   -4.542901    0.000154
   -4.527622    0.000155
   -4.512343    0.000157
   -4.497064    0.000158
   -4.481785    0.000159
   -4.466506    0.000160
   -4.451227    0.000161
   -4.435948    0.000163
   -4.420669    0.000164
   -4.405391    0.000165
   -4.390112    0.000167
   -4.374833    0.000168
   -4.359554    0.000169
   -4.344275    0.000170
   -4.328996    0.000172
   -4.313717    0.000173
   -4.298438    0.000175
   -4.283159    0.000176
   -4.267880    0.000177
   -4.252601    0.000179
   -4.237322    0.000180
   -4.222044    0.000182
   -4.206765    0.000183
   -4.191486    0.000185
   -4.176207    0.000186
   -4.160928    0.000188
   -4.145649    0.000189
   -4.130370    0.000191
   -4.115091    0.000193
   -4.099812    0.000194
   -4.084533    0.000196
   -4.069254    0.000198
   -4.053975    0.000199
   -4.038697    0.000201
   -4.023418    0.000203
   -4.008139    0.000205
   -3.992860    0.000206
   -3.977581    0.000208
   -3.962302    0.000210
   -3.947023    0.000212
   -3.931744    0.000214
   -3.916465    0.000216
   -3.901186    0.000218
   -3.885907    0.000219
   -3.870628    0.000221
   -3.855350    0.000223
   -3.840071    0.000225
   -3.824792    0.000228
   -3.809513    0.000230
   -3.794234    0.000232
   -3.778955    0.000234
   -3.763676    0.000236
   -3.748397    0.000238
   -3.733118    0.000241
   -3.717839    0.000243
   -3.702560    0.000245
   -3.687281    0.000247
   -3.672003    0.000250
   -3.656724    0.000252
   -3.641445    0.000255
   -3.626166    0.000257
   -3.610887    0.000260
   -3.595608    0.000262
   -3.580329    0.000265
   -3.565050    0.000267
   -3.549771    0.000270
   -3.534492    0.000273
   -3.519213    0.000276
   -3.503934    0.000278
   -3.488656    0.000281
   -3.473377    0.000284
   -3.458098    0.000287
   -3.442819    0.000290
   -3.427540    0.000293
   -3.412261    0.000296
   -3.396982    0.000299
   -3.381703    0.000302
   -3.366424    0.000306
   -3.351145    0.000309
   -3.335866    0.000312
   -3.320587    0.000315
   -3.305309    0.000319
   -3.290030    0.000322
   -3.274751    0.000326
   -3.259472    0.000330
   -3.244193    0.000333
   -3.228914    0.000337
   -3.213635    0.000341
   -3.198356    0.000344
   -3.183077    0.000348
   -3.167798    0.000352
   -3.152519    0.000356
   -3.137240    0.000361
   -3.121962    0.000365
   -3.106683    0.000369
   -3.091404    0.000373
   -3.076125    0.000378
   -3.060846    0.000382
   -3.045567    0.000387
   -3.030288    0.000391
   -3.015009    0.000396
   -2.999730    0.000401
   -2.984451    0.000406
   -2.969172    0.000411
   -2.953893    0.000416
   -2.938615    0.000421
   -2.923336    0.000426
   -2.908057    0.000432
   -2.892778    0.000437
   -2.877499    0.000443
   -2.862220    0.000449
   -2.846941    0.000454
   -2.831662    0.000460
   -2.816383    0.000466
   -2.801104    0.000472
   -2.785825    0.000479
   -2.770546    0.000485
   -2.755268    0.000492
   -2.739989    0.000498
   -2.724710    0.000505
   -2.709431    0.000512
   -2.694152    0.000519
   -2.678873    0.000526
   -2.663594    0.000534
   -2.648315    0.000541
   -2.633036    0.000549
   -2.617757    0.000557
   -2.602478    0.000565
   -2.587199    0.000573
   -2.571921    0.000582
   -2.556642    0.000590
   -2.541363    0.000599
   -2.526084    0.000608
   -2.510805    0.000617
   -2.495526    0.000627
   -2.480247    0.000636
   -2.464968    0.000646
   -2.449689    0.000656
   -2.434410    0.000666
   -2.419131    0.000677
   -2.403852    0.000688
   -2.388573    0.000699
   -2.373295    0.000710
   -2.358016    0.000722
   -2.342737    0.000734
   -2.327458    0.000746
   -2.312179    0.000758
   -2.296900    0.000771
   -2.281621    0.000784
   -2.266342    0.000798
   -2.251063    0.000811
   -2.235784    0.000826
   -2.220505    0.000840
   -2.205226    0.000855
   -2.189948    0.000870
   -2.174669    0.000886
   -2.159390    0.000902
   -2.144111    0.000919
   -2.128832    0.000936
   -2.113553    0.000954
   -2.098274    0.000972
   -2.082995    0.000990
   -2.067716    0.001010
   -2.052437    0.001029
   -2.037158    0.001050
   -2.021879    0.001071
   -2.006601    0.001092
   -1.991322    0.001114
   -1.976043    0.001137
   -1.960764    0.001161
   -1.945485    0.001185
   -1.930206    0.001210
   -1.914927    0.001236
   -1.899648    0.001263
   -1.884369    0.001290
   -1.869090    0.001319
   -1.853811    0.001348
   -1.838532    0.001379
   -1.823254    0.001410
   -1.807975    0.001443
   -1.792696    0.001477
   -1.777417    0.001512
   -1.762138    0.001548
   -1.746859    0.001586
   -1.731580    0.001624
   -1.716301    0.001665
   -1.701022    0.001707
   -1.685743    0.001750
   -1.670464    0.001795
   -1.655185    0.001842
   -1.639907    0.001891
   -1.624628    0.001942
   -1.609349    0.001995
   -1.594070    0.002050
   -1.578791    0.002107
   -1.563512    0.002167
   -1.548233    0.002230
   -1.532954    0.002295
   -1.517675    0.002363
   -1.502396    0.002434
   -1.487117    0.002508
   -1.471838    0.002586
   -1.456560    0.002668
   -1.441281    0.002753
   -1.426002    0.002843
   -1.410723    0.002937
   -1.395444    0.003036
   -1.380165    0.003139
   -1.364886    0.003249
   -1.349607    0.003364
   -1.334328    0.003485
   -1.319049    0.003613
   -1.303770    0.003748
   -1.288491    0.003891
   -1.273213    0.004043
   -1.257934    0.004203
   -1.242655    0.004373
   -1.227376    0.004553
   -1.212097    0.004745
   -1.196818    0.004949
   -1.181539    0.005167
   -1.166260    0.005400
   -1.150981    0.005648
   -1.135702    0.005914
   -1.120423    0.006200
   -1.105144    0.006506
   -1.089866    0.006836
   -1.074587    0.007192
   -1.059308    0.007576
   -1.044029    0.007991
   -1.028750    0.008442
   -1.013471    0.008932
   -0.998192    0.009466
   -0.982913    0.010049
   -0.967634    0.010688
   -0.952355    0.011390
   -0.937076    0.012163
   -0.921797    0.013018
   -0.906519    0.013966
   -0.891240    0.015021
   -0.875961    0.016201
   -0.860682    0.017526
   -0.845403    0.019020
   -0.830124    0.020713
   -0.814845    0.022643
   -0.799566    0.024856
   -0.784287    0.027410
   -0.769008    0.030378
   -0.753729    0.033856
   -0.738450    0.037967
   -0.723172    0.042875
   -0.707893    0.048799
   -0.692614    0.056042
   -0.677335    0.065024
   -0.662056    0.076350
   -0.646777    0.090914
   -0.631498    0.110076
   -0.616219    0.135995
   -0.600940    0.172262
   -0.585661    0.225206
   -0.570382    0.306843
   -0.555103    0.442288
   -0.539825    0.691413
   -0.524546    1.226904
   -0.509267    2.722464
   -0.493988    9.640078
   -0.478709   37.257199
   -0.463430    8.076834
   -0.448151    2.449010
   -0.432872    1.140378
   -0.417593    0.654052
   -0.402314    0.422952
   -0.387035    0.295587
   -0.371756    0.218093
   -0.356478    0.167486
   -0.341199    0.132635
   -0.325920    0.107624
   -0.310641    0.089070
   -0.295362    0.074929
   -0.280083    0.063905
   -0.264804    0.055146
   -0.249525    0.048071
   -0.234246    0.042275
   -0.218967    0.037467
   -0.203688    0.033434
   -0.188409    0.030020
   -0.173130    0.027102
   -0.157852    0.024590
   -0.142573    0.022412
   -0.127294    0.020511
   -0.112015    0.018842
   -0.096736    0.017368
   -0.081457    0.016061
   -0.066178    0.014896
   -0.050899    0.013854
   -0.035620    0.012917
   -0.020341    0.012072
   -0.005062    0.011307
    0.010217    0.010613
    0.025495    0.009981
    0.040774    0.009403
    0.056053    0.008874
    0.071332    0.008389
    0.086611    0.007942
    0.101890    0.007531
    0.117169    0.007150
    0.132448    0.006798
    0.147727    0.006470
    0.163006    0.006166
    0.178285    0.005883
    0.193564    0.005619
    0.208842    0.005373
    0.224121    0.005142
    0.239400    0.004926
    0.254679    0.004723
    0.269958    0.004532
    0.285237    0.004353
    0.300516    0.004184
    0.315795    0.004025
    0.331074    0.003875
    0.346353    0.003733
    0.361632    0.003598
    0.376911    0.003471
    0.392189    0.003351
    0.407468    0.003236
    0.422747    0.003127
    0.438026    0.003024
    0.453305    0.002926
    0.468584    0.002832
    0.483863    0.002743
    0.499142    0.002658
    0.514421    0.002577
    0.529700    0.002500
    0.544979    0.002426
    0.560258    0.002355
    0.575536    0.002287
    0.590815    0.002222
    0.606094    0.002160
    0.621373    0.002101
    0.636652    0.002044
    0.651931    0.001989
    0.667210    0.001936
    0.682489    0.001886
    0.697768    0.001837
    0.713047    0.001790
    0.728326    0.001745
    0.743605    0.001702
    0.758883    0.001660
    0.774162    0.001620
    0.789441    0.001581
    0.804720    0.001544
    0.819999    0.001508
    0.835278    0.001473
    0.850557    0.001439
    0.865836    0.001407
    0.881115    0.001375
    0.896394    0.001345
    0.911673    0.001316
    0.926952    0.001287
    0.942230    0.001260
    0.957509    0.001233
    0.972788    0.001207
    0.988067    0.001182
    1.003346    0.001158
    1.018625    0.001134
    1.033904    0.001112
    1.049183    0.001090
    1.064462    0.001068
    1.079741    0.001047
    1.095020    0.001027
    1.110299    0.001007
    1.125577    0.000988
    1.140856    0.000970
    1.156135    0.000952
    1.171414    0.000934
    1.186693    0.000917
    1.201972    0.000901
    1.217251    0.000884
    1.232530    0.000869
    1.247809    0.000853
    1.263088    0.000839
    1.278367    0.000824
    1.293646    0.000810
    1.308924    0.000796
    1.324203    0.000783
    1.339482    0.000770
    1.354761    0.000757
    1.370040    0.000744
    1.385319    0.000732
    1.400598    0.000720
    1.415877    0.000709
    1.431156    0.000697
    1.446435    0.000686
    1.461714    0.000676
    1.476993    0.000665
    1.492271    0.000655
    1.507550    0.000645
    1.522829    0.000635
    1.538108    0.000626
    1.553387    0.000616
    1.568666    0.000607
    1.583945    0.000598
    1.599224    0.000589
    1.614503    0.000581
    1.629782    0.000572
    1.645061    0.000564
    1.660340    0.000556
    1.675618    0.000548
    1.690897    0.000541
    1.706176    0.000533
    1.721455    0.000526
    1.736734    0.000518
    1.752013    0.000511
    1.767292    0.000504
