# energy [H], band-resolved DOS
   -5.856888    0.000064
   -5.841609    0.000064
   -5.826330    0.000064
   -5.811051    0.000065
   -5.795772    0.000065
   -5.780493    0.000065
   -5.765214    0.000066
   -5.749935    0.000066
   -5.734656    0.000066
   -5.719377    0.000067
   -5.704099    0.000067
   -5.688820    0.000067
   -5.673541    0.000068
   -5.658262    0.000068
   -5.642983    0.000068
   -5.627704    0.000069
   -5.612425    0.000069
   -5.597146    0.000069
   -5.581867    0.000070
   -5.566588    0.000070
   -5.551309    0.000071
   -5.536030    0.000071
   -5.520752    0.000071
   -5.505473    0.000072
   -5.490194    0.000072
   -5.474915    0.000072
   -5.459636    0.000073
   -5.444357    0.000073
   -5.429078    0.000073
   -5.413799    0.000074
   -5.398520    0.000074
   -5.383241    0.000075
   -5.367962    0.000075
   -5.352683    0.000075
   -5.337405    0.000076
   -5.322126    0.000076
   -5.306847    0.000077
   -5.291568    0.000077
   -5.276289    0.000077
   -5.261010    0.000078
   -5.245731    0.000078
   -5.230452    0.000079
   -5.215173    0.000079
   -5.199894    0.000080
   -5.184615    0.000080
   -5.169336    0.000080
   -5.154058    0.000081
   -5.138779    0.000081
   -5.123500    0.000082
   -5.108221    0.000082
   -5.092942    0.000083
   -5.077663    0.000083
   -5.062384    0.000084
   -5.047105    0.000084
   -5.031826    0.000085
   -5.016547    0.000085
   -5.001268    0.000085
   -4.985989    0.000086
   -4.970711    0.000086
   -4.955432    0.000087
   -4.940153    0.000087
   -4.924874    0.000088
   -4.909595    0.000088
   -4.894316    0.000089
   -4.879037    0.000089
   -4.863758    0.000090
   -4.848479    0.000090
   -4.833200    0.000091
   -4.817921    0.000091
   -4.802642    0.000092
   -4.787363    0.000093
   -4.772085    0.000093
   -4.756806    0.000094
   -4.741527    0.000094
   -4.726248    0.000095
   -4.710969    0.000095
   -4.695690    0.000096
   -4.680411    0.000096
   -4.665132    0.000097
   -4.649853    0.000098
   -4.634574    0.000098
   -4.619295    0.000099
   -4.604016    0.000099
   -4.588738    0.000100
   -4.573459    0.000101
   -4.558180    0.000101
   -4.542901    0.000102
   -4.527622    0.000102
   -4.512343    0.000103
   -4.497064    0.000104
   -4.481785    0.000104
   -4.466506    0.000105
   -4.451227    0.000106
   -4.435948    0.000106
   -4.420669    0.000107
   -4.405391    0.000108
   -4.390112    0.000108
   -4.374833    0.000109
   -4.359554    0.000110
   -4.344275    0.000110
   -4.328996    0.000111
   -4.313717    0.000112
   -4.298438    0.000113
   -4.283159    0.000113
   -4.267880    0.000114
   -4.252601    0.000115
   -4.237322    0.000116
   -4.222044    0.000116
   -4.206765    0.000117
   -4.191486    0.000118
   -4.176207    0.000119
   -4.160928    0.000119
   -4.145649    0.000120
   -4.130370    0.000121
   -4.115091    0.000122
   -4.099812    0.000123
   -4.084533    0.000123
   -4.069254    0.000124
   -4.053975    0.000125
   -4.038697    0.000126
   -4.023418    0.000127
   -4.008139    0.000128
   -3.992860    0.000129
   -3.977581    0.000129
   -3.962302    0.000130
   -3.947023    0.000131
   -3.931744    0.000132
   -3.916465    0.000133
   -3.901186    0.000134
   -3.885907    0.000135
   -3.870628    0.000136
   -3.855350    0.000137
   -3.840071    0.000138
   -3.824792    0.000139
   -3.809513    0.000140
   -3.794234    0.000141
   -3.778955    0.000142
   -3.763676    0.000143
   -3.748397    0.000144
   -3.733118    0.000145
   -3.717839    0.000146
   -3.702560    0.000147
   -3.687281    0.000148
   -3.672003    0.000149
   -3.656724    0.000150
   -3.641445    0.000152
   -3.626166    0.000153
   -3.610887    0.000154
   -3.595608    0.000155
   -3.580329    0.000156
   -3.565050    0.000157
   -3.549771    0.000159
   -3.534492    0.000160
   -3.519213    0.000161
   -3.503934    0.000162
   -3.488656    0.000164
   -3.473377    0.000165
   -3.458098    0.000166
   -3.442819    0.000167
   -3.427540    0.000169
   -3.412261    0.000170
   -3.396982    0.000171
   -3.381703    0.000173
   -3.366424    0.000174
   -3.351145    0.000176
   -3.335866    0.000177
   -3.320587    0.000178
   -3.305309    0.000180
   -3.290030    0.000181
   -3.274751    0.000183
   -3.259472    0.000184
   -3.244193    0.000186
   -3.228914    0.000187
   -3.213635    0.000189
   -3.198356    0.000191
   -3.183077    0.000192
   -3.167798    0.000194
   -3.152519    0.000195
   -3.137240    0.000197
   -3.121962    0.000199
   -3.106683    0.000200
   -3.091404    0.000202
   -3.076125    0.000204
   -3.060846    0.000206
   -3.045567    0.000207
   -3.030288    0.000209
   -3.015009    0.000211
   -2.999730    0.000213
   -2.984451    0.000215
   -2.969172    0.000217
   -2.953893    0.000219
   -2.938615    0.000221
   -2.923336    0.000223
   -2.908057    0.000225
   -2.892778    0.000227
   -2.877499    0.000229
   -2.862220    0.000231
   -2.846941    0.000233
   -2.831662    0.000235
   -2.816383    0.000238
   -2.801104    0.000240
   -2.785825    0.000242
   -2.770546    0.000244
   -2.755268    0.000247
   -2.739989    0.000249
   -2.724710    0.000251
   -2.709431    0.000254
   -2.694152    0.000256
   -2.678873    0.000259
   -2.663594    0.000261
   -2.648315    0.000264
   -2.633036    0.000267
   -2.617757    0.000269
   -2.602478    0.000272
   -2.587199    0.000275
   -2.571921    0.000277
   -2.556642    0.000280
   -2.541363    0.000283
   -2.526084    0.000286
   -2.510805    0.000289
   -2.495526    0.000292
   -2.480247    0.000295
   -2.464968    0.000298
   -2.449689    0.000301
   -2.434410    0.000304
   -2.419131    0.000308
   -2.403852    0.000311
   -2.388573    0.000314
   -2.373295    0.000318
   -2.358016    0.000321
   -2.342737    0.000325
   -2.327458    0.000328
   -2.312179    0.000332
   -2.296900    0.000336
   -2.281621    0.000339
   -2.266342    0.000343
   -2.251063    0.000347
   -2.235784    0.000351
   -2.220505    0.000355
   -2.205226    0.000359
   -2.189948    0.000363
   -2.174669    0.000368
   -2.159390    0.000372
   -2.144111    0.000376
   -2.128832    0.000381
   -2.113553    0.000385
   -2.098274    0.000390
   -2.082995    0.000395
   -2.067716    0.000399
   -2.052437    0.000404
   -2.037158    0.000409
   -2.021879    0.000414
   -2.006601    0.000419
   -1.991322    0.000425
   -1.976043    0.000430
   -1.960764    0.000435
   -1.945485    0.000441
   -1.930206    0.000447
   -1.914927    0.000452
   -1.899648    0.000458
   -1.884369    0.000464
   -1.869090    0.000470
   -1.853811    0.000477
   -1.838532    0.000483
   -1.823254    0.000489
   -1.807975    0.000496
   -1.792696    0.000503
   -1.777417    0.000510
   -1.762138    0.000517
   -1.746859    0.000524
   -1.731580    0.000531
   -1.716301    0.000539
   -1.701022    0.000547
   -1.685743    0.000554
   -1.670464    0.000562
   -1.655185    0.000570
   -1.639907    0.000579
   -1.624628    0.000587
   -1.609349    0.000596
   -1.594070    0.000605
   -1.578791    0.000614
   -1.563512    0.000623
   -1.548233    0.000633
   -1.532954    0.000643
   -1.517675    0.000653
   -1.502396    0.000663
   -1.487117    0.000673
   -1.471838    0.000684
   -1.456560    0.000695
   -1.441281    0.000706
   -1.426002    0.000718
   -1.410723    0.000730
   -1.395444    0.000742
   -1.380165    0.000754
   -1.364886    0.000767
   -1.349607    0.000780
   -1.334328    0.000793
   -1.319049    0.000807
   -1.303770    0.000821
   -1.288491    0.000835
   -1.273213    0.000850
   -1.257934    0.000865
   -1.242655    0.000881
   -1.227376    0.000897
   -1.212097    0.000913
   -1.196818    0.000930
   -1.181539    0.000948
   -1.166260    0.000966
   -1.150981    0.000984
   -1.135702    0.001003
   -1.120423    0.001023
   -1.105144    0.001043
   -1.089866    0.001064
   -1.074587    0.001085
   -1.059308    0.001107
   -1.044029    0.001129
   -1.028750    0.001153
   -1.013471    0.001177
   -0.998192    0.001202
   -0.982913    0.001227
   -0.967634    0.001254
   -0.952355    0.001281
   -0.937076    0.001309
   -0.921797    0.001339
   -0.906519    0.001369
   -0.891240    0.001400
   -0.875961    0.001432
   -0.860682    0.001466
   -0.845403    0.001500
   -0.830124    0.001536
   -0.814845    0.001573
   -0.799566    0.001612
   -0.784287    0.001651
   -0.769008    0.001693
   -0.753729    0.001736
   -0.738450    0.001781
   -0.723172    0.001827
   -0.707893    0.001875
   -0.692614    0.001925
   -0.677335    0.001977
   -0.662056    0.002032
   -0.646777    0.002088
   -0.631498    0.002148
   -0.616219    0.002209
   -0.600940    0.002273
   -0.585661    0.002340
   -0.570382    0.002411
   -0.555103    0.002484
   -0.539825    0.002561
   -0.524546    0.002641
   -0.509267    0.002725
   -0.493988    0.002813
   -0.478709    0.002906
   -0.463430    0.003003
   -0.448151    0.003106
   -0.432872    0.003213
   -0.417593    0.003326
   -0.402314    0.003446
   -0.387035    0.003572
   -0.371756    0.003705
   -0.356478    0.003845
   -0.341199    0.003994
   -0.325920    0.004151
   -0.310641    0.004318
   -0.295362    0.004495
   -0.280083    0.004683
   -0.264804    0.004884
   -0.249525    0.005097
   -0.234246    0.005325
   -0.218967    0.005569
   -0.203688    0.005830
   -0.188409    0.006109
   -0.173130    0.006409
   -0.157852    0.006732
   -0.142573    0.007079
   -0.127294    0.007455
   -0.112015    0.007861
   -0.096736    0.008301
   -0.081457    0.008779
   -0.066178    0.009300
   -0.050899    0.009868
   -0.035620    0.010490
   -0.020341    0.011174
   -0.005062    0.011926
    0.010217    0.012757
    0.025495    0.013678
    0.040774    0.014703
    0.056053    0.015847
    0.071332    0.017131
    0.086611    0.018577
    0.101890    0.020215
    0.117169    0.022080
    0.132448    0.024216
    0.147727    0.026679
    0.163006    0.029538
    0.178285    0.032884
    0.193564    0.036835
    0.208842    0.041546
    0.224121    0.047226
    0.239400    0.054162
    0.254679    0.062756
    0.269958    0.073584
    0.285237    0.087502
    0.300516    0.105819
    0.315795    0.130629
    0.331074    0.165459
    0.346353    0.216653
    0.361632    0.296657
    0.376911    0.433002
    0.392189    0.698583
    0.407468    1.354912
    0.422747    4.042281
    0.438026   11.269719
    0.453305   14.876355
    0.468584   15.884530
    0.483863    7.581494
    0.499142    2.692355
    0.514421    1.036396
    0.529700    0.571064
    0.544979    0.368554
    0.560258    0.259349
    0.575536    0.193043
    0.590815    0.149540
    0.606094    0.119374
    0.621373    0.097562
    0.636652    0.081262
    0.651931    0.068751
    0.667210    0.058936
    0.682489    0.051090
    0.697768    0.044718
    0.713047    0.039471
    0.728326    0.035100
    0.743605    0.031418
    0.758883    0.028287
    0.774162    0.025603
    0.789441    0.023285
    0.804720    0.021268
    0.819999    0.019503
    0.835278    0.017949
    0.850557    0.016574
    0.865836    0.015351
    0.881115    0.014259
    0.896394    0.013280
    0.911673    0.012398
    0.926952    0.011601
    0.942230    0.010879
    0.957509    0.010222
    0.972788    0.009623
    0.988067    0.009076
    1.003346    0.008573
    1.018625    0.008112
    1.033904    0.007686
    1.049183    0.007293
    1.064462    0.006930
    1.079741    0.006593
    1.095020    0.006280
    1.110299    0.005989
    1.125577    0.005718
    1.140856    0.005465
    1.156135    0.005228
    1.171414    0.005006
    1.186693    0.004798
    1.201972    0.004603
    1.217251    0.004419
    1.232530    0.004247
    1.247809    0.004084
    1.263088    0.003930
    1.278367    0.003785
    1.293646    0.003648
    1.308924    0.003518
    1.324203    0.003395
    1.339482    0.003278
    1.354761    0.003167
    1.370040    0.003062
    1.385319    0.002962
    1.400598    0.002867
    1.415877    0.002776
    1.431156    0.002689
    1.446435    0.002607
    1.461714    0.002528
    1.476993    0.002453
    1.492271    0.002381
    1.507550    0.002312
    1.522829    0.002246
    1.538108    0.002183
    1.553387    0.002122
    1.568666    0.002064
    1.583945    0.002009
    1.599224    0.001955
    1.614503    0.001904
    1.629782    0.001855
    1.645061    0.001807
    1.660340    0.001762
    1.675618    0.001718
    1.690897    0.001675
    1.706176    0.001635
    1.721455    0.001595
    1.736734    0.001557
    1.752013    0.001521
    1.767292    0.001485
