# energy [H], band-resolved DOS
   -5.856888    0.000088
   -5.841609    0.000088
   -5.826330    0.000089
   -5.811051    0.000089
   -5.795772    0.000090
   -5.780493    0.000090
   -5.765214    0.000091
   -5.749935    0.000091
   -5.734656    0.000092
   -5.719377    0.000092
   -5.704099    0.000093
   -5.688820    0.000093
   -5.673541    0.000094
   -5.658262    0.000094
   -5.642983    0.000095
   -5.627704    0.000096
   -5.612425    0.000096
   -5.597146    0.000097
   -5.581867    0.000097
   -5.566588    0.000098
   -5.551309    0.000099
   -5.536030    0.000099
   -5.520752    0.000100
   -5.505473    0.000100
   -5.490194    0.000101
   -5.474915    0.000102
   -5.459636    0.000102
   -5.444357    0.000103
   -5.429078    0.000103
   -5.413799    0.000104
   -5.398520    0.000105
   -5.383241    0.000105
   -5.367962    0.000106
   -5.352683    0.000107
   -5.337405    0.000107
   -5.322126    0.000108
   -5.306847    0.000109
   -5.291568    0.000109
   -5.276289    0.000110
   -5.261010    0.000111
   -5.245731    0.000112
   -5.230452    0.000112
   -5.215173    0.000113
   -5.199894    0.000114
   -5.184615    0.000114
   -5.169336    0.000115
   -5.154058    0.000116
   -5.138779    0.000117
   -5.123500    0.000117
   -5.108221    0.000118
   -5.092942    0.000119
   -5.077663    0.000120
   -5.062384    0.000121
   -5.047105    0.000121
   -5.031826    0.000122
   -5.016547    0.000123
   -5.001268    0.000124
   -4.985989    0.000125
   -4.970711    0.000126
   -4.955432    0.000126
   -4.940153    0.000127
   -4.924874    0.000128
   -4.909595    0.000129
   -4.894316    0.000130
   -4.879037    0.000131
   -4.863758    0.000132
   -4.848479    0.000133
   -4.833200    0.000134
   -4.817921    0.000135
   -4.802642    0.000135
   -4.787363    0.000136
   -4.772085    0.000137
   -4.756806    0.000138
   -4.741527    0.000139
   -4.726248    0.000140
   -4.710969    0.000141
   -4.695690    0.000142
   -4.680411    0.000143
   -4.665132    0.000144
   -4.649853    0.000146
   -4.634574    0.000147
   -4.619295    0.000148
   -4.604016    0.000149
   -4.588738    0.000150
   -4.573459    0.000151
   -4.558180    0.000152
   -4.542901    0.000153
   -4.527622    0.000154
   -4.512343    0.000156
   -4.497064    0.000157
   -4.481785    0.000158
   -4.466506    0.000159
   -4.451227    0.000160
   -4.435948    0.000162
   -4.420669    0.000163
   -4.405391    0.000164
   -4.390112    0.000165
   -4.374833    0.000167
   -4.359554    0.000168
   -4.344275    0.000169
   -4.328996    0.000171
   -4.313717    0.000172
   -4.298438    0.000173
   -4.283159    0.000175
   -4.267880    0.000176
   -4.252601    0.000178
   -4.237322    0.000179
   -4.222044    0.000181
   -4.206765    0.000182
   -4.191486    0.000184
   -4.176207    0.000185
   -4.160928    0.000187
   -4.145649    0.000188
   -4.130370    0.000190
   -4.115091    0.000191
   -4.099812    0.000193
   -4.084533    0.000195
   -4.069254    0.000196
   -4.053975    0.000198
   -4.038697    0.000200
   -4.023418    0.000201
   -4.008139    0.000203
   -3.992860    0.000205
   -3.977581    0.000207
   -3.962302    0.000208
   -3.947023    0.000210
   -3.931744    0.000212
   -3.916465    0.000214
   -3.901186    0.000216
   -3.885907    0.000218
   -3.870628    0.000220
   -3.855350    0.000222
   -3.840071    0.000224
   -3.824792    0.000226
   -3.809513    0.000228
   -3.794234    0.000230
   -3.778955    0.000232
   -3.763676    0.000234
   -3.748397    0.000236
   -3.733118    0.000239
   -3.717839    0.000241
   -3.702560    0.000243
   -3.687281    0.000246
   -3.672003    0.000248
   -3.656724    0.000250
   -3.641445    0.000253
   -3.626166    0.000255
   -3.610887    0.000258
   -3.595608    0.000260
   -3.580329    0.000263
   -3.565050    0.000265
   -3.549771    0.000268
   -3.534492    0.000271
   -3.519213    0.000273
   -3.503934    0.000276
   -3.488656    0.000279
   -3.473377    0.000282
   -3.458098    0.000285
   -3.442819    0.000288
   -3.427540    0.000291
   -3.412261    0.000294
   -3.396982    0.000297
   -3.381703    0.000300
   -3.366424    0.000303
   -3.351145    0.000306
   -3.335866    0.000309
   -3.320587    0.000313
   -3.305309    0.000316
   -3.290030    0.000320
   -3.274751    0.000323
   -3.259472    0.000327
   -3.244193    0.000330
   -3.228914    0.000334
   -3.213635    0.000338
   -3.198356    0.000341
   -3.183077    0.000345
   -3.167798    0.000349
   -3.152519    0.000353
   -3.137240    0.000357
   -3.121962    0.000361
   -3.106683    0.000365
   -3.091404    0.000370
   -3.076125    0.000374
   -3.060846    0.000378
   -3.045567    0.000383
   -3.030288    0.000388
   -3.015009    0.000392
   -2.999730    0.000397
   -2.984451    0.000402
   -2.969172    0.000407
   -2.953893    0.000412
   -2.938615    0.000417
   -2.923336    0.000422
   -2.908057    0.000427
   -2.892778    0.000433
   -2.877499    0.000438
   -2.862220    0.000444
   -2.846941    0.000450
   -2.831662    0.000455
   -2.816383    0.000461
   -2.801104    0.000467
   -2.785825    0.000474
   -2.770546    0.000480
   -2.755268    0.000486
   -2.739989    0.000493
   -2.724710    0.000500
   -2.709431    0.000506
   -2.694152    0.000513
   -2.678873    0.000520
   -2.663594    0.000528
   -2.648315    0.000535
   -2.633036    0.000543
   -2.617757    0.000551
   -2.602478    0.000558
   -2.587199    0.000566
   -2.571921    0.000575
   -2.556642    0.000583
   -2.541363    0.000592
   -2.526084    0.000601
   -2.510805    0.000610
   -2.495526    0.000619
   -2.480247    0.000628
   -2.464968    0.000638
   -2.449689    0.000648
   -2.434410    0.000658
   -2.419131    0.000668
   -2.403852    0.000679
   -2.388573    0.000690
   -2.373295    0.000701
   -2.358016    0.000712
   -2.342737    0.000724
   -2.327458    0.000736
   -2.312179    0.000748
   -2.296900    0.000760
   -2.281621    0.000773
   -2.266342    0.000787
   -2.251063    0.000800
   -2.235784    0.000814
   -2.220505    0.000828
   -2.205226    0.000843
   -2.189948    0.000858
   -2.174669    0.000873
   -2.159390    0.000889
   -2.144111    0.000905
   -2.128832    0.000922
   -2.113553    0.000939
   -2.098274    0.000957
   -2.082995    0.000975
   -2.067716    0.000994
   -2.052437    0.001013
   -2.037158    0.001033
   -2.021879    0.001053
   -2.006601    0.001074
   -1.991322    0.001096
   -1.976043    0.001118
   -1.960764    0.001141
   -1.945485    0.001165
   -1.930206    0.001189
   -1.914927    0.001215
   -1.899648    0.001241
   -1.884369    0.001268
   -1.869090    0.001295
   -1.853811    0.001324
   -1.838532    0.001354
   -1.823254    0.001384
   -1.807975    0.001416
   -1.792696    0.001449
   -1.777417    0.001483
   -1.762138    0.001518
   -1.746859    0.001555
   -1.731580    0.001592
   -1.716301    0.001632
   -1.701022    0.001672
   -1.685743    0.001714
   -1.670464    0.001758
   -1.655185    0.001804
   -1.639907    0.001851
   -1.624628    0.001900
   -1.609349    0.001951
   -1.594070    0.002005
   -1.578791    0.002060
   -1.563512    0.002118
   -1.548233    0.002178
   -1.532954    0.002241
   -1.517675    0.002307
   -1.502396    0.002375
   -1.487117    0.002447
   -1.471838    0.002522
   -1.456560    0.002601
   -1.441281    0.002683
   -1.426002    0.002769
   -1.410723    0.002859
   -1.395444    0.002954
   -1.380165    0.003054
   -1.364886    0.003159
   -1.349607    0.003269
   -1.334328    0.003385
   -1.319049    0.003508
   -1.303770    0.003637
   -1.288491    0.003774
   -1.273213    0.003918
   -1.257934    0.004071
   -1.242655    0.004233
   -1.227376    0.004405
   -1.212097    0.004588
   -1.196818    0.004782
   -1.181539    0.004988
   -1.166260    0.005209
   -1.150981    0.005444
   -1.135702    0.005696
   -1.120423    0.005965
   -1.105144    0.006255
   -1.089866    0.006565
   -1.074587    0.006900
   -1.059308    0.007260
   -1.044029    0.007650
   -1.028750    0.008072
   -1.013471    0.008530
   -0.998192    0.009028
   -0.982913    0.009571
   -0.967634    0.010164
   -0.952355    0.010814
   -0.937076    0.011529
   -0.921797    0.012317
   -0.906519    0.013189
   -0.891240    0.014156
   -0.875961    0.015235
   -0.860682    0.016441
   -0.845403    0.017796
   -0.830124    0.019327
   -0.814845    0.021063
   -0.799566    0.023045
   -0.784287    0.025321
   -0.769008    0.027951
   -0.753729    0.031013
   -0.738450    0.034608
   -0.723172    0.038867
   -0.707893    0.043963
   -0.692614    0.050133
   -0.677335    0.057700
   -0.662056    0.067122
   -0.646777    0.079058
   -0.631498    0.094491
   -0.616219    0.114937
   -0.600940    0.142832
   -0.585661    0.182304
   -0.570382    0.240798
   -0.555103    0.332913
   -0.539825    0.490626
   -0.524546    0.795961
   -0.509267    1.517739
   -0.493988    4.011526
   -0.478709   17.859127
   -0.463430   24.234752
   -0.448151    8.568205
   -0.432872    2.387645
   -0.417593    1.091890
   -0.402314    0.625585
   -0.387035    0.405634
   -0.371756    0.284436
   -0.356478    0.210539
   -0.341199    0.162150
   -0.325920    0.128734
   -0.310641    0.104688
   -0.295362    0.086807
   -0.280083    0.073149
   -0.264804    0.062480
   -0.249525    0.053988
   -0.234246    0.047117
   -0.218967    0.041480
   -0.203688    0.036797
   -0.188409    0.032866
   -0.173130    0.029532
   -0.157852    0.026681
   -0.142573    0.024225
   -0.127294    0.022092
   -0.112015    0.020230
   -0.096736    0.018593
   -0.081457    0.017147
   -0.066178    0.015864
   -0.050899    0.014719
   -0.035620    0.013694
   -0.020341    0.012773
   -0.005062    0.011942
    0.010217    0.011189
    0.025495    0.010505
    0.040774    0.009882
    0.056053    0.009313
    0.071332    0.008791
    0.086611    0.008313
    0.101890    0.007872
    0.117169    0.007465
    0.132448    0.007090
    0.147727    0.006741
    0.163006    0.006418
    0.178285    0.006118
    0.193564    0.005838
    0.208842    0.005577
    0.224121    0.005333
    0.239400    0.005105
    0.254679    0.004891
    0.269958    0.004690
    0.285237    0.004501
    0.300516    0.004324
    0.315795    0.004157
    0.331074    0.003999
    0.346353    0.003850
    0.361632    0.003710
    0.376911    0.003576
    0.392189    0.003450
    0.407468    0.003331
    0.422747    0.003217
    0.438026    0.003110
    0.453305    0.003007
    0.468584    0.002910
    0.483863    0.002817
    0.499142    0.002729
    0.514421    0.002644
    0.529700    0.002564
    0.544979    0.002487
    0.560258    0.002414
    0.575536    0.002343
    0.590815    0.002276
    0.606094    0.002212
    0.621373    0.002150
    0.636652    0.002091
    0.651931    0.002034
    0.667210    0.001980
    0.682489    0.001927
    0.697768    0.001877
    0.713047    0.001829
    0.728326    0.001782
    0.743605    0.001738
    0.758883    0.001695
    0.774162    0.001653
    0.789441    0.001613
    0.804720    0.001575
    0.819999    0.001538
    0.835278    0.001502
    0.850557    0.001467
    0.865836    0.001434
    0.881115    0.001401
    0.896394    0.001370
    0.911673    0.001340
    0.926952    0.001311
    0.942230    0.001282
    0.957509    0.001255
    0.972788    0.001229
    0.988067    0.001203
    1.003346    0.001178
    1.018625    0.001154
    1.033904    0.001131
    1.049183    0.001108
    1.064462    0.001086
    1.079741    0.001064
    1.095020    0.001044
    1.110299    0.001024
    1.125577    0.001004
    1.140856    0.000985
    1.156135    0.000967
    1.171414    0.000949
    1.186693    0.000931
    1.201972    0.000914
    1.217251    0.000898
    1.232530    0.000882
    1.247809    0.000866
    1.263088    0.000851
    1.278367    0.000836
    1.293646    0.000822
    1.308924    0.000807
    1.324203    0.000794
    1.339482    0.000780
    1.354761    0.000767
    1.370040    0.000755
    1.385319    0.000742
    1.400598    0.000730
    1.415877    0.000718
    1.431156    0.000707
    1.446435    0.000696
    1.461714    0.000685
    1.476993    0.000674
    1.492271    0.000663
    1.507550    0.000653
    1.522829    0.000643
    1.538108    0.000633
    1.553387    0.000624
    1.568666    0.000615
    1.583945    0.000605
    1.599224    0.000596
    1.614503    0.000588
    1.629782    0.000579
    1.645061    0.000571
    1.660340    0.000563
    1.675618    0.000555
    1.690897    0.000547
    1.706176    0.000539
    1.721455    0.000532
    1.736734    0.000524
    1.752013    0.000517
    1.767292    0.000510
