# energy [H], band-resolved DOS
   -5.856888    0.000087
   -5.841609    0.000088
   -5.826330    0.000088
   -5.811051    0.000089
   -5.795772    0.000089
   -5.780493    0.000090
   -5.765214    0.000090
   -5.749935    0.000091
   -5.734656    0.000091
   -5.719377    0.000092
   -5.704099    0.000092
   -5.688820    0.000093
   -5.673541    0.000093
   -5.658262    0.000094
   -5.642983    0.000094
   -5.627704    0.000095
   -5.612425    0.000095
   -5.597146    0.000096
   -5.581867    0.000097
   -5.566588    0.000097
   -5.551309    0.000098
   -5.536030    0.000098
   -5.520752    0.000099
   -5.505473    0.000100
   -5.490194    0.000100
   -5.474915    0.000101
   -5.459636    0.000101
   -5.444357    0.000102
   -5.429078    0.000103
   -5.413799    0.000103
   -5.398520    0.000104
   -5.383241    0.000105
   -5.367962    0.000105
   -5.352683    0.000106
   -5.337405    0.000107
   -5.322126    0.000107
   -5.306847    0.000108
   -5.291568    0.000109
   -5.276289    0.000109
   -5.261010    0.000110
   -5.245731    0.000111
   -5.230452    0.000111
   -5.215173    0.000112
   -5.199894    0.000113
   -5.184615    0.000113
   -5.169336    0.000114
   -5.154058    0.000115
   -5.138779    0.000116
   -5.123500    0.000116
   -5.108221    0.000117
   -5.092942    0.000118
   -5.077663    0.000119
   -5.062384    0.000120
   -5.047105    0.000120
   -5.031826    0.000121
   -5.016547    0.000122
   -5.001268    0.000123
   -4.985989    0.000124
   -4.970711    0.000124
   -4.955432    0.000125
   -4.940153    0.000126
   -4.924874    0.000127
   -4.909595    0.000128
   -4.894316    0.000129
   -4.879037    0.000130
   -4.863758    0.000131
   -4.848479    0.000131
   -4.833200    0.000132
   -4.817921    0.000133
   -4.802642    0.000134
   -4.787363    0.000135
   -4.772085    0.000136
   -4.756806    0.000137
   -4.741527    0.000138
   -4.726248    0.000139
   -4.710969    0.000140
   -4.695690    0.000141
   -4.680411    0.000142
   -4.665132    0.000143
   -4.649853    0.000144
   -4.634574    0.000145
   -4.619295    0.000146
   -4.604016    0.000147
   -4.588738    0.000149
   -4.573459    0.000150
   -4.558180    0.000151
   -4.542901    0.000152
   -4.527622    0.000153
   -4.512343    0.000154
   -4.497064    0.000155
   -4.481785    0.000156
   -4.466506    0.000158
   -4.451227    0.000159
   -4.435948    0.000160
   -4.420669    0.000161
   -4.405391    0.000163
   -4.390112    0.000164
   -4.374833    0.000165
   -4.359554    0.000166
   -4.344275    0.000168
   -4.328996    0.000169
   -4.313717    0.000170
   -4.298438    0.000172
   -4.283159    0.000173
   -4.267880    0.000175
   -4.252601    0.000176
   -4.237322    0.000177
   -4.222044    0.000179
   -4.206765    0.000180
   -4.191486    0.000182
   -4.176207    0.000183
   -4.160928    0.000185
   -4.145649    0.000186
   -4.130370    0.000188
   -4.115091    0.000189
   -4.099812    0.000191
   -4.084533    0.000193
   -4.069254    0.000194
   -4.053975    0.000196
   -4.038697    0.000197
   -4.023418    0.000199
   -4.008139    0.000201
   -3.992860    0.000203
   -3.977581    0.000204
   -3.962302    0.000206
   -3.947023    0.000208
   -3.931744    0.000210
   -3.916465    0.000212
   -3.901186    0.000214
   -3.885907    0.000215
   -3.870628    0.000217
   -3.855350    0.000219
   -3.840071    0.000221
   -3.824792    0.000223
   -3.809513    0.000225
   -3.794234    0.000227
   -3.778955    0.000229
   -3.763676    0.000232
   -3.748397    0.000234
   -3.733118    0.000236
   -3.717839    0.000238
   -3.702560    0.000240
   -3.687281    0.000243
   -3.672003    0.000245
   -3.656724    0.000247
   -3.641445    0.000250
   -3.626166    0.000252
   -3.610887    0.000255
   -3.595608    0.000257
   -3.580329    0.000260
   -3.565050    0.000262
   -3.549771    0.000265
   -3.534492    0.000267
   -3.519213    0.000270
   -3.503934    0.000273
   -3.488656    0.000275
   -3.473377    0.000278
   -3.458098    0.000281
   -3.442819    0.000284
   -3.427540    0.000287
   -3.412261    0.000290
   -3.396982    0.000293
   -3.381703    0.000296
   -3.366424    0.000299
   -3.351145    0.000302
   -3.335866    0.000305
   -3.320587    0.000309
   -3.305309    0.000312
   -3.290030    0.000315
   -3.274751    0.000319
   -3.259472    0.000322
   -3.244193    0.000326
   -3.228914    0.000329
   -3.213635    0.000333
   -3.198356    0.000337
   -3.183077    0.000340
   -3.167798    0.000344
   -3.152519    0.000348
   -3.137240    0.000352
   -3.121962    0.000356
   -3.106683    0.000360
   -3.091404    0.000364
   -3.076125    0.000369
   -3.060846    0.000373
   -3.045567    0.000377
   -3.030288    0.000382
   -3.015009    0.000386
   -2.999730    0.000391
   -2.984451    0.000396
   -2.969172    0.000401
   -2.953893    0.000405
   -2.938615    0.000410
   -2.923336    0.000416
   -2.908057    0.000421
   -2.892778    0.000426
   -2.877499    0.000431
   -2.862220    0.000437
   -2.846941    0.000442
   -2.831662    0.000448
   -2.816383    0.000454
   -2.801104    0.000460
   -2.785825    0.000466
   -2.770546    0.000472
   -2.755268    0.000478
   -2.739989    0.000485
   -2.724710    0.000491
   -2.709431    0.000498
   -2.694152    0.000505
   -2.678873    0.000512
   -2.663594    0.000519
   -2.648315    0.000526
   -2.633036    0.000533
   -2.617757    0.000541
   -2.602478    0.000549
   -2.587199    0.000556
   -2.571921    0.000564
   -2.556642    0.000573
   -2.541363    0.000581
   -2.526084    0.000590
   -2.510805    0.000598
   -2.495526    0.000607
   -2.480247    0.000616
   -2.464968    0.000626
   -2.449689    0.000635
   -2.434410    0.000645
   -2.419131    0.000655
   -2.403852    0.000666
   -2.388573    0.000676
   -2.373295    0.000687
   -2.358016    0.000698
   -2.342737    0.000709
   -2.327458    0.000721
   -2.312179    0.000733
   -2.296900    0.000745
   -2.281621    0.000757
   -2.266342    0.000770
   -2.251063    0.000783
   -2.235784    0.000797
   -2.220505    0.000810
   -2.205226    0.000825
   -2.189948    0.000839
   -2.174669    0.000854
   -2.159390    0.000869
   -2.144111    0.000885
   -2.128832    0.000901
   -2.113553    0.000918
   -2.098274    0.000935
   -2.082995    0.000952
   -2.067716    0.000970
   -2.052437    0.000989
   -2.037158    0.001008
   -2.021879    0.001028
   -2.006601    0.001048
   -1.991322    0.001069
   -1.976043    0.001090
   -1.960764    0.001113
   -1.945485    0.001135
   -1.930206    0.001159
   -1.914927    0.001183
   -1.899648    0.001208
   -1.884369    0.001234
   -1.869090    0.001261
   -1.853811    0.001288
   -1.838532    0.001317
   -1.823254    0.001346
   -1.807975    0.001376
   -1.792696    0.001408
   -1.777417    0.001440
   -1.762138    0.001474
   -1.746859    0.001509
   -1.731580    0.001545
   -1.716301    0.001583
   -1.701022    0.001621
   -1.685743    0.001662
   -1.670464    0.001704
   -1.655185    0.001747
   -1.639907    0.001792
   -1.624628    0.001839
   -1.609349    0.001888
   -1.594070    0.001938
   -1.578791    0.001991
   -1.563512    0.002046
   -1.548233    0.002103
   -1.532954    0.002163
   -1.517675    0.002225
   -1.502396    0.002290
   -1.487117    0.002358
   -1.471838    0.002428
   -1.456560    0.002503
   -1.441281    0.002580
   -1.426002    0.002661
   -1.410723    0.002747
   -1.395444    0.002836
   -1.380165    0.002930
   -1.364886    0.003028
   -1.349607    0.003131
   -1.334328    0.003240
   -1.319049    0.003355
   -1.303770    0.003476
   -1.288491    0.003603
   -1.273213    0.003738
   -1.257934    0.003880
   -1.242655    0.004031
   -1.227376    0.004190
   -1.212097    0.004360
   -1.196818    0.004539
   -1.181539    0.004730
   -1.166260    0.004934
   -1.150981    0.005150
   -1.135702    0.005382
   -1.120423    0.005629
   -1.105144    0.005894
   -1.089866    0.006178
   -1.074587    0.006482
   -1.059308    0.006810
   -1.044029    0.007164
   -1.028750    0.007546
   -1.013471    0.007959
   -0.998192    0.008407
   -0.982913    0.008894
   -0.967634    0.009424
   -0.952355    0.010003
   -0.937076    0.010638
   -0.921797    0.011335
   -0.906519    0.012102
   -0.891240    0.012951
   -0.875961    0.013891
   -0.860682    0.014938
   -0.845403    0.016108
   -0.830124    0.017422
   -0.814845    0.018902
   -0.799566    0.020579
   -0.784287    0.022490
   -0.769008    0.024680
   -0.753729    0.027207
   -0.738450    0.030142
   -0.723172    0.033578
   -0.707893    0.037638
   -0.692614    0.042480
   -0.677335    0.048321
   -0.662056    0.055455
   -0.646777    0.064292
   -0.631498    0.075423
   -0.616219    0.089715
   -0.600940    0.108487
   -0.585661    0.133827
   -0.570382    0.169196
   -0.555103    0.220671
   -0.539825    0.299732
   -0.524546    0.430227
   -0.509267    0.668548
   -0.493988    1.175586
   -0.478709    2.569659
   -0.463430    8.864346
   -0.448151   35.179052
   -0.432872    9.419738
   -0.417593    2.665470
   -0.402314    1.205701
   -0.387035    0.681517
   -0.371756    0.436931
   -0.356478    0.303632
   -0.341199    0.223134
   -0.325920    0.170850
   -0.310641    0.134990
   -0.295362    0.109335
   -0.280083    0.090353
   -0.264804    0.075915
   -0.249525    0.064679
   -0.234246    0.055765
   -0.218967    0.048573
   -0.203688    0.042688
   -0.188409    0.037811
   -0.173130    0.033724
   -0.157852    0.030266
   -0.142573    0.027313
   -0.127294    0.024772
   -0.112015    0.022570
   -0.096736    0.020649
   -0.081457    0.018964
   -0.066178    0.017476
   -0.050899    0.016157
   -0.035620    0.014982
   -0.020341    0.013930
   -0.005062    0.012986
    0.010217    0.012134
    0.025495    0.011363
    0.040774    0.010664
    0.056053    0.010027
    0.071332    0.009446
    0.086611    0.008913
    0.101890    0.008425
    0.117169    0.007976
    0.132448    0.007561
    0.147727    0.007178
    0.163006    0.006824
    0.178285    0.006495
    0.193564    0.006189
    0.208842    0.005904
    0.224121    0.005639
    0.239400    0.005391
    0.254679    0.005159
    0.269958    0.004942
    0.285237    0.004738
    0.300516    0.004547
    0.315795    0.004366
    0.331074    0.004197
    0.346353    0.004037
    0.361632    0.003886
    0.376911    0.003743
    0.392189    0.003608
    0.407468    0.003481
    0.422747    0.003360
    0.438026    0.003245
    0.453305    0.003136
    0.468584    0.003032
    0.483863    0.002933
    0.499142    0.002839
    0.514421    0.002750
    0.529700    0.002665
    0.544979    0.002583
    0.560258    0.002506
    0.575536    0.002431
    0.590815    0.002360
    0.606094    0.002292
    0.621373    0.002227
    0.636652    0.002165
    0.651931    0.002105
    0.667210    0.002048
    0.682489    0.001993
    0.697768    0.001940
    0.713047    0.001889
    0.728326    0.001841
    0.743605    0.001794
    0.758883    0.001749
    0.774162    0.001705
    0.789441    0.001663
    0.804720    0.001623
    0.819999    0.001584
    0.835278    0.001547
    0.850557    0.001510
    0.865836    0.001476
    0.881115    0.001442
    0.896394    0.001409
    0.911673    0.001378
    0.926952    0.001347
    0.942230    0.001318
    0.957509    0.001289
    0.972788    0.001262
    0.988067    0.001235
    1.003346    0.001209
    1.018625    0.001184
    1.033904    0.001160
    1.049183    0.001136
    1.064462    0.001113
    1.079741    0.001091
    1.095020    0.001070
    1.110299    0.001049
    1.125577    0.001029
    1.140856    0.001009
    1.156135    0.000990
    1.171414    0.000971
    1.186693    0.000953
    1.201972    0.000936
    1.217251    0.000918
    1.232530    0.000902
    1.247809    0.000886
    1.263088    0.000870
    1.278367    0.000855
    1.293646    0.000840
    1.308924    0.000825
    1.324203    0.000811
    1.339482    0.000797
    1.354761    0.000784
    1.370040    0.000771
    1.385319    0.000758
    1.400598    0.000745
    1.415877    0.000733
    1.431156    0.000721
    1.446435    0.000710
    1.461714    0.000698
    1.476993    0.000687
    1.492271    0.000677
    1.507550    0.000666
    1.522829    0.000656
    1.538108    0.000646
    1.553387    0.000636
    1.568666    0.000626
    1.583945    0.000617
    1.599224    0.000608
    1.614503    0.000599
    1.629782    0.000590
    1.645061    0.000581
    1.660340    0.000573
    1.675618    0.000565
    1.690897    0.000557
    1.706176    0.000549
    1.721455    0.000541
    1.736734    0.000534
    1.752013    0.000526
    1.767292    0.000519
