# energy [H], band-resolved DOS
   -5.856888    0.000088
   -5.841609    0.000088
   -5.826330    0.000089
   -5.811051    0.000089
   -5.795772    0.000090
   -5.780493    0.000091
   -5.765214    0.000091
   -5.749935    0.000092
   -5.734656    0.000092
   -5.719377    0.000093
   -5.704099    0.000093
   -5.688820    0.000094
   -5.673541    0.000094
   -5.658262    0.000095
   -5.642983    0.000095
   -5.627704    0.000096
   -5.612425    0.000097
   -5.597146    0.000097
   -5.581867    0.000098
   -5.566588    0.000098
   -5.551309    0.000099
   -5.536030    0.000099
   -5.520752    0.000100
   -5.505473    0.000101
   -5.490194    0.000101
   -5.474915    0.000102
   -5.459636    0.000103
   -5.444357    0.000103
   -5.429078    0.000104
   -5.413799    0.000104
   -5.398520    0.000105
   -5.383241    0.000106
   -5.367962    0.000106
   -5.352683    0.000107
   -5.337405    0.000108
   -5.322126    0.000108
   -5.306847    0.000109
   -5.291568    0.000110
   -5.276289    0.000111
   -5.261010    0.000111
   -5.245731    0.000112
   -5.230452    0.000113
   -5.215173    0.000113
   -5.199894    0.000114
   -5.184615    0.000115
   -5.169336    0.000116
   -5.154058    0.000116
   -5.138779    0.000117
   -5.123500    0.000118
   -5.108221    0.000119
   -5.092942    0.000119
   -5.077663    0.000120
   -5.062384    0.000121
   -5.047105    0.000122
   -5.031826    0.000123
   -5.016547    0.000124
   -5.001268    0.000124
   -4.985989    0.000125
   -4.970711    0.000126
   -4.955432    0.000127
   -4.940153    0.000128
   -4.924874    0.000129
   -4.909595    0.000130
   -4.894316    0.000130
   -4.879037    0.000131
   -4.863758    0.000132
   -4.848479    0.000133
   -4.833200    0.000134
   -4.817921    0.000135
   -4.802642    0.000136
   -4.787363    0.000137
   -4.772085    0.000138
   -4.756806    0.000139
   -4.741527    0.000140
   -4.726248    0.000141
   -4.710969    0.000142
   -4.695690    0.000143
   -4.680411    0.000144
   -4.665132    0.000145
   -4.649853    0.000146
   -4.634574    0.000147
   -4.619295    0.000148
   -4.604016    0.000149
   -4.588738    0.000151
   -4.573459    0.000152
   -4.558180    0.000153
   -4.542901    0.000154
   -4.527622    0.000155
   -4.512343    0.000156
   -4.497064    0.000158
   -4.481785    0.000159
   -4.466506    0.000160
   -4.451227    0.000161
   -4.435948    0.000162
   -4.420669    0.000164
   -4.405391    0.000165
   -4.390112    0.000166
   -4.374833    0.000168
   -4.359554    0.000169
   -4.344275    0.000170
   -4.328996    0.000172
   -4.313717    0.000173
   -4.298438    0.000174
   -4.283159    0.000176
   -4.267880    0.000177
   -4.252601    0.000179
   -4.237322    0.000180
   -4.222044    0.000182
   -4.206765    0.000183
   -4.191486    0.000185
   -4.176207    0.000186
   -4.160928    0.000188
   -4.145649    0.000189
   -4.130370    0.000191
   -4.115091    0.000192
   -4.099812    0.000194
   -4.084533    0.000196
   -4.069254    0.000197
   -4.053975    0.000199
   -4.038697    0.000201
   -4.023418    0.000202
   -4.008139    0.000204
   -3.992860    0.000206
   -3.977581    0.000208
   -3.962302    0.000210
   -3.947023    0.000211
   -3.931744    0.000213
   -3.916465    0.000215
   -3.901186    0.000217
   -3.885907    0.000219
   -3.870628    0.000221
   -3.855350    0.000223
   -3.840071    0.000225
   -3.824792    0.000227
   -3.809513    0.000229
   -3.794234    0.000231
   -3.778955    0.000234
   -3.763676    0.000236
   -3.748397    0.000238
   -3.733118    0.000240
   -3.717839    0.000242
   -3.702560    0.000245
   -3.687281    0.000247
   -3.672003    0.000249
   -3.656724    0.000252
   -3.641445    0.000254
   -3.626166    0.000257
   -3.610887    0.000259
   -3.595608    0.000262
   -3.580329    0.000264
   -3.565050    0.000267
   -3.549771    0.000270
   -3.534492    0.000272
   -3.519213    0.000275
   -3.503934    0.000278
   -3.488656    0.000281
   -3.473377    0.000284
   -3.458098    0.000286
   -3.442819    0.000289
   -3.427540    0.000292
   -3.412261    0.000296
   -3.396982    0.000299
   -3.381703    0.000302
   -3.366424    0.000305
   -3.351145    0.000308
   -3.335866    0.000312
   -3.320587    0.000315
   -3.305309    0.000318
   -3.290030    0.000322
   -3.274751    0.000325
   -3.259472    0.000329
   -3.244193    0.000332
   -3.228914    0.000336
   -3.213635    0.000340
   -3.198356    0.000344
   -3.183077    0.000348
   -3.167798    0.000352
   -3.152519    0.000356
   -3.137240    0.000360
   -3.121962    0.000364
   -3.106683    0.000368
   -3.091404    0.000372
   -3.076125    0.000377
   -3.060846    0.000381
   -3.045567    0.000386
   -3.030288    0.000391
   -3.015009    0.000395
   -2.999730    0.000400
   -2.984451    0.000405
   -2.969172    0.000410
   -2.953893    0.000415
   -2.938615    0.000420
   -2.923336    0.000425
   -2.908057    0.000431
   -2.892778    0.000436
   -2.877499    0.000442
   -2.862220    0.000447
   -2.846941    0.000453
   -2.831662    0.000459
   -2.816383    0.000465
   -2.801104    0.000471
   -2.785825    0.000478
   -2.770546    0.000484
   -2.755268    0.000490
   -2.739989    0.000497
   -2.724710    0.000504
   -2.709431    0.000511
   -2.694152    0.000518
   -2.678873    0.000525
   -2.663594    0.000532
   -2.648315    0.000540
   -2.633036    0.000548
   -2.617757    0.000556
   -2.602478    0.000564
   -2.587199    0.000572
   -2.571921    0.000580
   -2.556642    0.000589
   -2.541363    0.000597
   -2.526084    0.000606
   -2.510805    0.000615
   -2.495526    0.000625
   -2.480247    0.000634
   -2.464968    0.000644
   -2.449689    0.000654
   -2.434410    0.000664
   -2.419131    0.000675
   -2.403852    0.000686
   -2.388573    0.000697
   -2.373295    0.000708
   -2.358016    0.000719
   -2.342737    0.000731
   -2.327458    0.000743
   -2.312179    0.000756
   -2.296900    0.000769
   -2.281621    0.000782
   -2.266342    0.000795
   -2.251063    0.000809
   -2.235784    0.000823
   -2.220505    0.000837
   -2.205226    0.000852
   -2.189948    0.000868
   -2.174669    0.000883
   -2.159390    0.000899
   -2.144111    0.000916
   -2.128832    0.000933
   -2.113553    0.000950
   -2.098274    0.000968
   -2.082995    0.000987
   -2.067716    0.001006
   -2.052437    0.001026
   -2.037158    0.001046
   -2.021879    0.001067
   -2.006601    0.001088
   -1.991322    0.001110
   -1.976043    0.001133
   -1.960764    0.001156
   -1.945485    0.001180
   -1.930206    0.001205
   -1.914927    0.001231
   -1.899648    0.001258
   -1.884369    0.001285
   -1.869090    0.001313
   -1.853811    0.001343
   -1.838532    0.001373
   -1.823254    0.001404
   -1.807975    0.001437
   -1.792696    0.001470
   -1.777417    0.001505
   -1.762138    0.001541
   -1.746859    0.001578
   -1.731580    0.001617
   -1.716301    0.001657
   -1.701022    0.001699
   -1.685743    0.001742
   -1.670464    0.001787
   -1.655185    0.001834
   -1.639907    0.001882
   -1.624628    0.001932
   -1.609349    0.001985
   -1.594070    0.002040
   -1.578791    0.002097
   -1.563512    0.002156
   -1.548233    0.002218
   -1.532954    0.002282
   -1.517675    0.002350
   -1.502396    0.002421
   -1.487117    0.002494
   -1.471838    0.002571
   -1.456560    0.002652
   -1.441281    0.002737
   -1.426002    0.002826
   -1.410723    0.002919
   -1.395444    0.003017
   -1.380165    0.003120
   -1.364886    0.003228
   -1.349607    0.003342
   -1.334328    0.003462
   -1.319049    0.003589
   -1.303770    0.003723
   -1.288491    0.003864
   -1.273213    0.004014
   -1.257934    0.004172
   -1.242655    0.004340
   -1.227376    0.004519
   -1.212097    0.004709
   -1.196818    0.004911
   -1.181539    0.005126
   -1.166260    0.005355
   -1.150981    0.005601
   -1.135702    0.005864
   -1.120423    0.006145
   -1.105144    0.006448
   -1.089866    0.006773
   -1.074587    0.007124
   -1.059308    0.007502
   -1.044029    0.007912
   -1.028750    0.008356
   -1.013471    0.008838
   -0.998192    0.009363
   -0.982913    0.009937
   -0.967634    0.010565
   -0.952355    0.011255
   -0.937076    0.012014
   -0.921797    0.012853
   -0.906519    0.013783
   -0.891240    0.014818
   -0.875961    0.015974
   -0.860682    0.017270
   -0.845403    0.018731
   -0.830124    0.020385
   -0.814845    0.022268
   -0.799566    0.024426
   -0.784287    0.026912
   -0.769008    0.029798
   -0.753729    0.033175
   -0.738450    0.037160
   -0.723172    0.041908
   -0.707893    0.047629
   -0.692614    0.054605
   -0.677335    0.063234
   -0.662056    0.074082
   -0.646777    0.087981
   -0.631498    0.106190
   -0.616219    0.130696
   -0.600940    0.164771
   -0.585661    0.214130
   -0.570382    0.289481
   -0.555103    0.412842
   -0.539825    0.635556
   -0.524546    1.101176
   -0.509267    2.344032
   -0.493988    7.654256
   -0.478709   32.883260
   -0.463430   11.851864
   -0.448151    3.028537
   -0.432872    1.309033
   -0.417593    0.723833
   -0.402314    0.458165
   -0.387035    0.315747
   -0.371756    0.230684
   -0.356478    0.175867
   -0.341199    0.138492
   -0.325920    0.111875
   -0.310641    0.092253
   -0.295362    0.077373
   -0.280083    0.065823
   -0.264804    0.056678
   -0.249525    0.049314
   -0.234246    0.043297
   -0.218967    0.038318
   -0.203688    0.034150
   -0.188409    0.030628
   -0.173130    0.027623
   -0.157852    0.025040
   -0.142573    0.022803
   -0.127294    0.020853
   -0.112015    0.019142
   -0.096736    0.017634
   -0.081457    0.016297
   -0.066178    0.015107
   -0.050899    0.014042
   -0.035620    0.013087
   -0.020341    0.012225
   -0.005062    0.011446
    0.010217    0.010739
    0.025495    0.010096
    0.040774    0.009508
    0.056053    0.008971
    0.071332    0.008478
    0.086611    0.008024
    0.101890    0.007606
    0.117169    0.007220
    0.132448    0.006862
    0.147727    0.006530
    0.163006    0.006222
    0.178285    0.005935
    0.193564    0.005668
    0.208842    0.005418
    0.224121    0.005184
    0.239400    0.004965
    0.254679    0.004760
    0.269958    0.004567
    0.285237    0.004386
    0.300516    0.004215
    0.315795    0.004054
    0.331074    0.003902
    0.346353    0.003759
    0.361632    0.003623
    0.376911    0.003495
    0.392189    0.003373
    0.407468    0.003257
    0.422747    0.003147
    0.438026    0.003043
    0.453305    0.002944
    0.468584    0.002850
    0.483863    0.002760
    0.499142    0.002674
    0.514421    0.002592
    0.529700    0.002514
    0.544979    0.002439
    0.560258    0.002368
    0.575536    0.002300
    0.590815    0.002234
    0.606094    0.002172
    0.621373    0.002112
    0.636652    0.002054
    0.651931    0.001999
    0.667210    0.001946
    0.682489    0.001895
    0.697768    0.001846
    0.713047    0.001799
    0.728326    0.001754
    0.743605    0.001710
    0.758883    0.001668
    0.774162    0.001627
    0.789441    0.001588
    0.804720    0.001551
    0.819999    0.001514
    0.835278    0.001479
    0.850557    0.001445
    0.865836    0.001413
    0.881115    0.001381
    0.896394    0.001351
    0.911673    0.001321
    0.926952    0.001292
    0.942230    0.001265
    0.957509    0.001238
    0.972788    0.001212
    0.988067    0.001187
    1.003346    0.001162
    1.018625    0.001139
    1.033904    0.001116
    1.049183    0.001094
    1.064462    0.001072
    1.079741    0.001051
    1.095020    0.001031
    1.110299    0.001011
    1.125577    0.000992
    1.140856    0.000973
    1.156135    0.000955
    1.171414    0.000937
    1.186693    0.000920
    1.201972    0.000904
    1.217251    0.000887
    1.232530    0.000872
    1.247809    0.000856
    1.263088    0.000841
    1.278367    0.000827
    1.293646    0.000812
    1.308924    0.000799
    1.324203    0.000785
    1.339482    0.000772
    1.354761    0.000759
    1.370040    0.000747
    1.385319    0.000734
    1.400598    0.000723
    1.415877    0.000711
    1.431156    0.000700
    1.446435    0.000689
    1.461714    0.000678
    1.476993    0.000667
    1.492271    0.000657
    1.507550    0.000647
    1.522829    0.000637
    1.538108    0.000627
    1.553387    0.000618
    1.568666    0.000609
    1.583945    0.000600
    1.599224    0.000591
    1.614503    0.000582
    1.629782    0.000574
    1.645061    0.000566
    1.660340    0.000558
    1.675618    0.000550
    1.690897    0.000542
    1.706176    0.000534
    1.721455    0.000527
    1.736734    0.000520
    1.752013    0.000513
    1.767292    0.000506
