# energy [H], band-resolved DOS
   -5.856888    0.000087
   -5.841609    0.000088
   -5.826330    0.000088
   -5.811051    0.000089
   -5.795772    0.000089
   -5.780493    0.000090
   -5.765214    0.000090
   -5.749935    0.000091
   -5.734656    0.000091
   -5.719377    0.000092
   -5.704099    0.000092
   -5.688820    0.000093
   -5.673541    0.000094
   -5.658262    0.000094
   -5.642983    0.000095
   -5.627704    0.000095
   -5.612425    0.000096
   -5.597146    0.000096
   -5.581867    0.000097
   -5.566588    0.000097
   -5.551309    0.000098
   -5.536030    0.000099
   -5.520752    0.000099
   -5.505473    0.000100
   -5.490194    0.000100
   -5.474915    0.000101
   -5.459636    0.000102
   -5.444357    0.000102
   -5.429078    0.000103
   -5.413799    0.000104
   -5.398520    0.000104
   -5.383241    0.000105
   -5.367962    0.000105
   -5.352683    0.000106
   -5.337405    0.000107
   -5.322126    0.000107
   -5.306847    0.000108
   -5.291568    0.000109
   -5.276289    0.000110
   -5.261010    0.000110
   -5.245731    0.000111
   -5.230452    0.000112
   -5.215173    0.000112
   -5.199894    0.000113
   -5.184615    0.000114
   -5.169336    0.000115
   -5.154058    0.000115
   -5.138779    0.000116
   -5.123500    0.000117
   -5.108221    0.000118
   -5.092942    0.000118
   -5.077663    0.000119
   -5.062384    0.000120
   -5.047105    0.000121
   -5.031826    0.000122
   -5.016547    0.000122
   -5.001268    0.000123
   -4.985989    0.000124
   -4.970711    0.000125
   -4.955432    0.000126
   -4.940153    0.000127
   -4.924874    0.000127
   -4.909595    0.000128
   -4.894316    0.000129
   -4.879037    0.000130
   -4.863758    0.000131
   -4.848479    0.000132
   -4.833200    0.000133
   -4.817921    0.000134
   -4.802642    0.000135
   -4.787363    0.000136
   -4.772085    0.000137
   -4.756806    0.000138
   -4.741527    0.000139
   -4.726248    0.000140
   -4.710969    0.000141
   -4.695690    0.000142
   -4.680411    0.000143
   -4.665132    0.000144
   -4.649853    0.000145
   -4.634574    0.000146
   -4.619295    0.000147
   -4.604016    0.000148
   -4.588738    0.000149
   -4.573459    0.000150
   -4.558180    0.000151
   -4.542901    0.000152
   -4.527622    0.000154
   -4.512343    0.000155
   -4.497064    0.000156
   -4.481785    0.000157
   -4.466506    0.000158
   -4.451227    0.000159
   -4.435948    0.000161
   -4.420669    0.000162
   -4.405391    0.000163
   -4.390112    0.000164
   -4.374833    0.000166
   -4.359554    0.000167
   -4.344275    0.000168
   -4.328996    0.000170
   -4.313717    0.000171
   -4.298438    0.000172
   -4.283159    0.000174
   -4.267880    0.000175
   -4.252601    0.000177
   -4.237322    0.000178
   -4.222044    0.000179
   -4.206765    0.000181
   -4.191486    0.000182
   -4.176207    0.000184
   -4.160928    0.000185
   -4.145649    0.000187
   -4.130370    0.000188
   -4.115091    0.000190
   -4.099812    0.000192
   -4.084533    0.000193
   -4.069254    0.000195
   -4.053975    0.000197
   -4.038697    0.000198
   -4.023418    0.000200
   -4.008139    0.000202
   -3.992860    0.000203
   -3.977581    0.000205
   -3.962302    0.000207
   -3.947023    0.000209
   -3.931744    0.000211
   -3.916465    0.000213
   -3.901186    0.000214
   -3.885907    0.000216
   -3.870628    0.000218
   -3.855350    0.000220
   -3.840071    0.000222
   -3.824792    0.000224
   -3.809513    0.000226
   -3.794234    0.000228
   -3.778955    0.000230
   -3.763676    0.000233
   -3.748397    0.000235
   -3.733118    0.000237
   -3.717839    0.000239
   -3.702560    0.000241
   -3.687281    0.000244
   -3.672003    0.000246
   -3.656724    0.000248
   -3.641445    0.000251
   -3.626166    0.000253
   -3.610887    0.000256
   -3.595608    0.000258
   -3.580329    0.000261
   -3.565050    0.000263
   -3.549771    0.000266
   -3.534492    0.000268
   -3.519213    0.000271
   -3.503934    0.000274
   -3.488656    0.000277
   -3.473377    0.000279
   -3.458098    0.000282
   -3.442819    0.000285
   -3.427540    0.000288
   -3.412261    0.000291
   -3.396982    0.000294
   -3.381703    0.000297
   -3.366424    0.000300
   -3.351145    0.000304
   -3.335866    0.000307
   -3.320587    0.000310
   -3.305309    0.000313
   -3.290030    0.000317
   -3.274751    0.000320
   -3.259472    0.000324
   -3.244193    0.000327
   -3.228914    0.000331
   -3.213635    0.000335
   -3.198356    0.000338
   -3.183077    0.000342
   -3.167798    0.000346
   -3.152519    0.000350
   -3.137240    0.000354
   -3.121962    0.000358
   -3.106683    0.000362
   -3.091404    0.000366
   -3.076125    0.000371
   -3.060846    0.000375
   -3.045567    0.000379
   -3.030288    0.000384
   -3.015009    0.000389
   -2.999730    0.000393
   -2.984451    0.000398
   -2.969172    0.000403
   -2.953893    0.000408
   -2.938615    0.000413
   -2.923336    0.000418
   -2.908057    0.000423
   -2.892778    0.000428
   -2.877499    0.000434
   -2.862220    0.000439
   -2.846941    0.000445
   -2.831662    0.000451
   -2.816383    0.000457
   -2.801104    0.000463
   -2.785825    0.000469
   -2.770546    0.000475
   -2.755268    0.000481
   -2.739989    0.000488
   -2.724710    0.000494
   -2.709431    0.000501
   -2.694152    0.000508
   -2.678873    0.000515
   -2.663594    0.000522
   -2.648315    0.000529
   -2.633036    0.000537
   -2.617757    0.000544
   -2.602478    0.000552
   -2.587199    0.000560
   -2.571921    0.000568
   -2.556642    0.000576
   -2.541363    0.000585
   -2.526084    0.000594
   -2.510805    0.000602
   -2.495526    0.000611
   -2.480247    0.000621
   -2.464968    0.000630
   -2.449689    0.000640
   -2.434410    0.000650
   -2.419131    0.000660
   -2.403852    0.000670
   -2.388573    0.000681
   -2.373295    0.000692
   -2.358016    0.000703
   -2.342737    0.000714
   -2.327458    0.000726
   -2.312179    0.000738
   -2.296900    0.000750
   -2.281621    0.000763
   -2.266342    0.000776
   -2.251063    0.000789
   -2.235784    0.000803
   -2.220505    0.000817
   -2.205226    0.000831
   -2.189948    0.000846
   -2.174669    0.000861
   -2.159390    0.000876
   -2.144111    0.000892
   -2.128832    0.000909
   -2.113553    0.000926
   -2.098274    0.000943
   -2.082995    0.000961
   -2.067716    0.000979
   -2.052437    0.000998
   -2.037158    0.001017
   -2.021879    0.001037
   -2.006601    0.001058
   -1.991322    0.001079
   -1.976043    0.001100
   -1.960764    0.001123
   -1.945485    0.001146
   -1.930206    0.001170
   -1.914927    0.001195
   -1.899648    0.001220
   -1.884369    0.001246
   -1.869090    0.001273
   -1.853811    0.001301
   -1.838532    0.001330
   -1.823254    0.001360
   -1.807975    0.001391
   -1.792696    0.001423
   -1.777417    0.001456
   -1.762138    0.001490
   -1.746859    0.001526
   -1.731580    0.001562
   -1.716301    0.001600
   -1.701022    0.001640
   -1.685743    0.001681
   -1.670464    0.001723
   -1.655185    0.001767
   -1.639907    0.001813
   -1.624628    0.001861
   -1.609349    0.001911
   -1.594070    0.001962
   -1.578791    0.002016
   -1.563512    0.002072
   -1.548233    0.002130
   -1.532954    0.002191
   -1.517675    0.002254
   -1.502396    0.002321
   -1.487117    0.002390
   -1.471838    0.002462
   -1.456560    0.002538
   -1.441281    0.002617
   -1.426002    0.002700
   -1.410723    0.002787
   -1.395444    0.002878
   -1.380165    0.002974
   -1.364886    0.003075
   -1.349607    0.003181
   -1.334328    0.003292
   -1.319049    0.003410
   -1.303770    0.003534
   -1.288491    0.003664
   -1.273213    0.003802
   -1.257934    0.003949
   -1.242655    0.004103
   -1.227376    0.004267
   -1.212097    0.004441
   -1.196818    0.004626
   -1.181539    0.004822
   -1.166260    0.005032
   -1.150981    0.005255
   -1.135702    0.005494
   -1.120423    0.005749
   -1.105144    0.006022
   -1.089866    0.006315
   -1.074587    0.006631
   -1.059308    0.006970
   -1.044029    0.007336
   -1.028750    0.007732
   -1.013471    0.008161
   -0.998192    0.008626
   -0.982913    0.009133
   -0.967634    0.009685
   -0.952355    0.010289
   -0.937076    0.010951
   -0.921797    0.011680
   -0.906519    0.012484
   -0.891240    0.013373
   -0.875961    0.014361
   -0.860682    0.015463
   -0.845403    0.016697
   -0.830124    0.018084
   -0.814845    0.019652
   -0.799566    0.021433
   -0.784287    0.023467
   -0.769008    0.025805
   -0.753729    0.028512
   -0.738450    0.031667
   -0.723172    0.035377
   -0.707893    0.039779
   -0.692614    0.045057
   -0.677335    0.051460
   -0.662056    0.059332
   -0.646777    0.069158
   -0.631498    0.081645
   -0.616219    0.097847
   -0.600940    0.119400
   -0.585661    0.148948
   -0.570382    0.191001
   -0.555103    0.253764
   -0.539825    0.353479
   -0.524546    0.526153
   -0.509267    0.865582
   -0.493988    1.686094
   -0.478709    4.636900
   -0.463430   18.889589
   -0.448151   25.793306
   -0.432872    5.090485
   -0.417593    1.824894
   -0.402314    0.921589
   -0.387035    0.553616
   -0.371756    0.368836
   -0.356478    0.263179
   -0.341199    0.197176
   -0.325920    0.153210
   -0.310641    0.122463
   -0.295362    0.100122
   -0.280083    0.083380
   -0.264804    0.070511
   -0.249525    0.060407
   -0.234246    0.052328
   -0.218967    0.045769
   -0.203688    0.040369
   -0.188409    0.035872
   -0.173130    0.032086
   -0.157852    0.028870
   -0.142573    0.026114
   -0.127294    0.023734
   -0.112015    0.021666
   -0.096736    0.019856
   -0.081457    0.018265
   -0.066178    0.016857
   -0.050899    0.015606
   -0.035620    0.014489
   -0.020341    0.013488
   -0.005062    0.012587
    0.010217    0.011774
    0.025495    0.011037
    0.040774    0.010367
    0.056053    0.009756
    0.071332    0.009197
    0.086611    0.008686
    0.101890    0.008215
    0.117169    0.007782
    0.132448    0.007383
    0.147727    0.007013
    0.163006    0.006671
    0.178285    0.006353
    0.193564    0.006057
    0.208842    0.005781
    0.224121    0.005524
    0.239400    0.005283
    0.254679    0.005058
    0.269958    0.004847
    0.285237    0.004649
    0.300516    0.004463
    0.315795    0.004288
    0.331074    0.004123
    0.346353    0.003967
    0.361632    0.003820
    0.376911    0.003681
    0.392189    0.003549
    0.407468    0.003425
    0.422747    0.003306
    0.438026    0.003194
    0.453305    0.003088
    0.468584    0.002986
    0.483863    0.002890
    0.499142    0.002798
    0.514421    0.002710
    0.529700    0.002627
    0.544979    0.002547
    0.560258    0.002471
    0.575536    0.002398
    0.590815    0.002329
    0.606094    0.002262
    0.621373    0.002199
    0.636652    0.002137
    0.651931    0.002079
    0.667210    0.002023
    0.682489    0.001969
    0.697768    0.001917
    0.713047    0.001867
    0.728326    0.001819
    0.743605    0.001773
    0.758883    0.001729
    0.774162    0.001686
    0.789441    0.001645
    0.804720    0.001605
    0.819999    0.001567
    0.835278    0.001530
    0.850557    0.001494
    0.865836    0.001460
    0.881115    0.001427
    0.896394    0.001395
    0.911673    0.001364
    0.926952    0.001334
    0.942230    0.001305
    0.957509    0.001277
    0.972788    0.001249
    0.988067    0.001223
    1.003346    0.001198
    1.018625    0.001173
    1.033904    0.001149
    1.049183    0.001126
    1.064462    0.001103
    1.079741    0.001081
    1.095020    0.001060
    1.110299    0.001040
    1.125577    0.001020
    1.140856    0.001000
    1.156135    0.000981
    1.171414    0.000963
    1.186693    0.000945
    1.201972    0.000928
    1.217251    0.000911
    1.232530    0.000894
    1.247809    0.000878
    1.263088    0.000863
    1.278367    0.000848
    1.293646    0.000833
    1.308924    0.000819
    1.324203    0.000805
    1.339482    0.000791
    1.354761    0.000778
    1.370040    0.000765
    1.385319    0.000752
    1.400598    0.000740
    1.415877    0.000728
    1.431156    0.000716
    1.446435    0.000704
    1.461714    0.000693
    1.476993    0.000682
    1.492271    0.000672
    1.507550    0.000661
    1.522829    0.000651
    1.538108    0.000641
    1.553387    0.000631
    1.568666    0.000622
    1.583945    0.000613
    1.599224    0.000604
    1.614503    0.000595
    1.629782    0.000586
    1.645061    0.000577
    1.660340    0.000569
    1.675618    0.000561
    1.690897    0.000553
    1.706176    0.000545
    1.721455    0.000538
    1.736734    0.000530
    1.752013    0.000523
    1.767292    0.000516
