# energy [H], band-resolved DOS
   -5.856888    0.000064
   -5.841609    0.000065
   -5.826330    0.000065
   -5.811051    0.000065
   -5.795772    0.000066
   -5.780493    0.000066
   -5.765214    0.000066
   -5.749935    0.000067
   -5.734656    0.000067
   -5.719377    0.000067
   -5.704099    0.000068
   -5.688820    0.000068
   -5.673541    0.000068
   -5.658262    0.000069
   -5.642983    0.000069
   -5.627704    0.000069
   -5.612425    0.000070
   -5.597146    0.000070
   -5.581867    0.000070
   -5.566588    0.000071
   -5.551309    0.000071
   -5.536030    0.000071
   -5.520752    0.000072
   -5.505473    0.000072
   -5.490194    0.000073
   -5.474915    0.000073
   -5.459636    0.000073
   -5.444357    0.000074
   -5.429078    0.000074
   -5.413799    0.000074
   -5.398520    0.000075
   -5.383241    0.000075
   -5.367962    0.000076
   -5.352683    0.000076
   -5.337405    0.000076
   -5.322126    0.000077
   -5.306847    0.000077
   -5.291568    0.000078
   -5.276289    0.000078
   -5.261010    0.000079
   -5.245731    0.000079
   -5.230452    0.000079
   -5.215173    0.000080
   -5.199894    0.000080
   -5.184615    0.000081
   -5.169336    0.000081
   -5.154058    0.000082
   -5.138779    0.000082
   -5.123500    0.000082
   -5.108221    0.000083
   -5.092942    0.000083
   -5.077663    0.000084
   -5.062384    0.000084
   -5.047105    0.000085
   -5.031826    0.000085
   -5.016547    0.000086
   -5.001268    0.000086
   -4.985989    0.000087
   -4.970711    0.000087
   -4.955432    0.000088
   -4.940153    0.000088
   -4.924874    0.000089
   -4.909595    0.000089
   -4.894316    0.000090
   -4.879037    0.000090
   -4.863758    0.000091
   -4.848479    0.000091
   -4.833200    0.000092
   -4.817921    0.000092
   -4.802642    0.000093
   -4.787363    0.000093
   -4.772085    0.000094
   -4.756806    0.000095
   -4.741527    0.000095
   -4.726248    0.000096
   -4.710969    0.000096
   -4.695690    0.000097
   -4.680411    0.000097
   -4.665132    0.000098
   -4.649853    0.000099
   -4.634574    0.000099
   -4.619295    0.000100
   -4.604016    0.000100
   -4.588738    0.000101
   -4.573459    0.000102
   -4.558180    0.000102
   -4.542901    0.000103
   -4.527622    0.000103
   -4.512343    0.000104
   -4.497064    0.000105
   -4.481785    0.000105
   -4.466506    0.000106
   -4.451227    0.000107
   -4.435948    0.000107
   -4.420669    0.000108
   -4.405391    0.000109
   -4.390112    0.000109
   -4.374833    0.000110
   -4.359554    0.000111
   -4.344275    0.000112
   -4.328996    0.000112
   -4.313717    0.000113
   -4.298438    0.000114
   -4.283159    0.000114
   -4.267880    0.000115
   -4.252601    0.000116
   -4.237322    0.000117
   -4.222044    0.000117
   -4.206765    0.000118
   -4.191486    0.000119
   -4.176207    0.000120
   -4.160928    0.000121
   -4.145649    0.000121
   -4.130370    0.000122
   -4.115091    0.000123
   -4.099812    0.000124
   -4.084533    0.000125
   -4.069254    0.000126
   -4.053975    0.000126
   -4.038697    0.000127
   -4.023418    0.000128
   -4.008139    0.000129
   -3.992860    0.000130
   -3.977581    0.000131
   -3.962302    0.000132
   -3.947023    0.000133
   -3.931744    0.000134
   -3.916465    0.000135
   -3.901186    0.000135
   -3.885907    0.000136
   -3.870628    0.000137
   -3.855350    0.000138
   -3.840071    0.000139
   -3.824792    0.000140
   -3.809513    0.000141
   -3.794234    0.000142
   -3.778955    0.000143
   -3.763676    0.000145
   -3.748397    0.000146
   -3.733118    0.000147
   -3.717839    0.000148
   -3.702560    0.000149
   -3.687281    0.000150
   -3.672003    0.000151
   -3.656724    0.000152
   -3.641445    0.000153
   -3.626166    0.000154
   -3.610887    0.000156
   -3.595608    0.000157
   -3.580329    0.000158
   -3.565050    0.000159
   -3.549771    0.000160
   -3.534492    0.000162
   -3.519213    0.000163
   -3.503934    0.000164
   -3.488656    0.000165
   -3.473377    0.000167
   -3.458098    0.000168
   -3.442819    0.000169
   -3.427540    0.000171
   -3.412261    0.000172
   -3.396982    0.000174
   -3.381703    0.000175
   -3.366424    0.000176
   -3.351145    0.000178
   -3.335866    0.000179
   -3.320587    0.000181
   -3.305309    0.000182
   -3.290030    0.000184
   -3.274751    0.000185
   -3.259472    0.000187
   -3.244193    0.000188
   -3.228914    0.000190
   -3.213635    0.000191
   -3.198356    0.000193
   -3.183077    0.000195
   -3.167798    0.000196
   -3.152519    0.000198
   -3.137240    0.000200
   -3.121962    0.000201
   -3.106683    0.000203
   -3.091404    0.000205
   -3.076125    0.000207
   -3.060846    0.000208
   -3.045567    0.000210
   -3.030288    0.000212
   -3.015009    0.000214
   -2.999730    0.000216
   -2.984451    0.000218
   -2.969172    0.000220
   -2.953893    0.000222
   -2.938615    0.000224
   -2.923336    0.000226
   -2.908057    0.000228
   -2.892778    0.000230
   -2.877499    0.000232
   -2.862220    0.000234
   -2.846941    0.000237
   -2.831662    0.000239
   -2.816383    0.000241
   -2.801104    0.000243
   -2.785825    0.000246
   -2.770546    0.000248
   -2.755268    0.000250
   -2.739989    0.000253
   -2.724710    0.000255
   -2.709431    0.000258
   -2.694152    0.000260
   -2.678873    0.000263
   -2.663594    0.000265
   -2.648315    0.000268
   -2.633036    0.000271
   -2.617757    0.000273
   -2.602478    0.000276
   -2.587199    0.000279
   -2.571921    0.000282
   -2.556642    0.000285
   -2.541363    0.000288
   -2.526084    0.000291
   -2.510805    0.000294
   -2.495526    0.000297
   -2.480247    0.000300
   -2.464968    0.000303
   -2.449689    0.000306
   -2.434410    0.000310
   -2.419131    0.000313
   -2.403852    0.000316
   -2.388573    0.000320
   -2.373295    0.000323
   -2.358016    0.000327
   -2.342737    0.000330
   -2.327458    0.000334
   -2.312179    0.000338
   -2.296900    0.000341
   -2.281621    0.000345
   -2.266342    0.000349
   -2.251063    0.000353
   -2.235784    0.000357
   -2.220505    0.000361
   -2.205226    0.000366
   -2.189948    0.000370
   -2.174669    0.000374
   -2.159390    0.000379
   -2.144111    0.000383
   -2.128832    0.000388
   -2.113553    0.000392
   -2.098274    0.000397
   -2.082995    0.000402
   -2.067716    0.000407
   -2.052437    0.000412
   -2.037158    0.000417
   -2.021879    0.000422
   -2.006601    0.000428
   -1.991322    0.000433
   -1.976043    0.000438
   -1.960764    0.000444
   -1.945485    0.000450
   -1.930206    0.000456
   -1.914927    0.000462
   -1.899648    0.000468
   -1.884369    0.000474
   -1.869090    0.000480
   -1.853811    0.000487
   -1.838532    0.000493
   -1.823254    0.000500
   -1.807975    0.000507
   -1.792696    0.000514
   -1.777417    0.000521
   -1.762138    0.000528
   -1.746859    0.000536
   -1.731580    0.000543
   -1.716301    0.000551
   -1.701022    0.000559
   -1.685743    0.000567
   -1.670464    0.000575
   -1.655185    0.000584
   -1.639907    0.000592
   -1.624628    0.000601
   -1.609349    0.000610
   -1.594070    0.000619
   -1.578791    0.000629
   -1.563512    0.000638
   -1.548233    0.000648
   -1.532954    0.000658
   -1.517675    0.000669
   -1.502396    0.000679
   -1.487117    0.000690
   -1.471838    0.000701
   -1.456560    0.000713
   -1.441281    0.000724
   -1.426002    0.000736
   -1.410723    0.000749
   -1.395444    0.000761
   -1.380165    0.000774
   -1.364886    0.000787
   -1.349607    0.000801
   -1.334328    0.000815
   -1.319049    0.000829
   -1.303770    0.000844
   -1.288491    0.000859
   -1.273213    0.000874
   -1.257934    0.000890
   -1.242655    0.000906
   -1.227376    0.000923
   -1.212097    0.000940
   -1.196818    0.000958
   -1.181539    0.000976
   -1.166260    0.000995
   -1.150981    0.001014
   -1.135702    0.001034
   -1.120423    0.001054
   -1.105144    0.001075
   -1.089866    0.001097
   -1.074587    0.001119
   -1.059308    0.001142
   -1.044029    0.001166
   -1.028750    0.001191
   -1.013471    0.001216
   -0.998192    0.001242
   -0.982913    0.001269
   -0.967634    0.001297
   -0.952355    0.001326
   -0.937076    0.001355
   -0.921797    0.001386
   -0.906519    0.001418
   -0.891240    0.001451
   -0.875961    0.001485
   -0.860682    0.001520
   -0.845403    0.001557
   -0.830124    0.001595
   -0.814845    0.001634
   -0.799566    0.001675
   -0.784287    0.001717
   -0.769008    0.001761
   -0.753729    0.001807
   -0.738450    0.001854
   -0.723172    0.001903
   -0.707893    0.001955
   -0.692614    0.002008
   -0.677335    0.002064
   -0.662056    0.002122
   -0.646777    0.002182
   -0.631498    0.002245
   -0.616219    0.002311
   -0.600940    0.002380
   -0.585661    0.002452
   -0.570382    0.002527
   -0.555103    0.002606
   -0.539825    0.002689
   -0.524546    0.002775
   -0.509267    0.002866
   -0.493988    0.002961
   -0.478709    0.003061
   -0.463430    0.003167
   -0.448151    0.003278
   -0.432872    0.003394
   -0.417593    0.003517
   -0.402314    0.003647
   -0.387035    0.003785
   -0.371756    0.003930
   -0.356478    0.004084
   -0.341199    0.004247
   -0.325920    0.004419
   -0.310641    0.004603
   -0.295362    0.004799
   -0.280083    0.005007
   -0.264804    0.005229
   -0.249525    0.005466
   -0.234246    0.005719
   -0.218967    0.005991
   -0.203688    0.006283
   -0.188409    0.006596
   -0.173130    0.006934
   -0.157852    0.007298
   -0.142573    0.007691
   -0.127294    0.008118
   -0.112015    0.008581
   -0.096736    0.009085
   -0.081457    0.009634
   -0.066178    0.010236
   -0.050899    0.010895
   -0.035620    0.011620
   -0.020341    0.012421
   -0.005062    0.013308
    0.010217    0.014293
    0.025495    0.015392
    0.040774    0.016624
    0.056053    0.018011
    0.071332    0.019579
    0.086611    0.021363
    0.101890    0.023404
    0.117169    0.025753
    0.132448    0.028478
    0.147727    0.031664
    0.163006    0.035421
    0.178285    0.039896
    0.193564    0.045288
    0.208842    0.051870
    0.224121    0.060027
    0.239400    0.070318
    0.254679    0.083580
    0.269958    0.101127
    0.285237    0.125124
    0.300516    0.159408
    0.315795    0.211470
    0.331074    0.298273
    0.346353    0.469178
    0.361632    0.959400
    0.376911    2.602124
    0.392189    4.784275
    0.407468    5.429747
    0.422747    8.357864
    0.438026   15.364936
    0.453305   13.932077
    0.468584    5.526720
    0.483863    1.634128
    0.499142    0.790312
    0.514421    0.473180
    0.529700    0.317383
    0.544979    0.228552
    0.560258    0.172831
    0.575536    0.135466
    0.590815    0.109139
    0.606094    0.089864
    0.621373    0.075316
    0.636652    0.064058
    0.651931    0.055162
    0.667210    0.048008
    0.682489    0.042168
    0.697768    0.037336
    0.713047    0.033293
    0.728326    0.029876
    0.743605    0.026960
    0.758883    0.024453
    0.774162    0.022281
    0.789441    0.020387
    0.804720    0.018725
    0.819999    0.017258
    0.835278    0.015958
    0.850557    0.014800
    0.865836    0.013764
    0.881115    0.012833
    0.896394    0.011993
    0.911673    0.011234
    0.926952    0.010544
    0.942230    0.009916
    0.957509    0.009343
    0.972788    0.008818
    0.988067    0.008336
    1.003346    0.007893
    1.018625    0.007484
    1.033904    0.007106
    1.049183    0.006756
    1.064462    0.006432
    1.079741    0.006130
    1.095020    0.005849
    1.110299    0.005587
    1.125577    0.005342
    1.140856    0.005113
    1.156135    0.004898
    1.171414    0.004697
    1.186693    0.004507
    1.201972    0.004329
    1.217251    0.004162
    1.232530    0.004004
    1.247809    0.003854
    1.263088    0.003713
    1.278367    0.003580
    1.293646    0.003454
    1.308924    0.003334
    1.324203    0.003220
    1.339482    0.003112
    1.354761    0.003010
    1.370040    0.002912
    1.385319    0.002819
    1.400598    0.002730
    1.415877    0.002646
    1.431156    0.002565
    1.446435    0.002488
    1.461714    0.002415
    1.476993    0.002345
    1.492271    0.002277
    1.507550    0.002213
    1.522829    0.002151
    1.538108    0.002092
    1.553387    0.002035
    1.568666    0.001981
    1.583945    0.001928
    1.599224    0.001878
    1.614503    0.001830
    1.629782    0.001783
    1.645061    0.001738
    1.660340    0.001695
    1.675618    0.001654
    1.690897    0.001614
    1.706176    0.001575
    1.721455    0.001538
    1.736734    0.001502
    1.752013    0.001467
    1.767292    0.001434
