# energy [H], band-resolved DOS
   -5.856888    0.000079
   -5.841609    0.000080
   -5.826330    0.000080
   -5.811051    0.000080
   -5.795772    0.000081
   -5.780493    0.000081
   -5.765214    0.000082
   -5.749935    0.000082
   -5.734656    0.000083
   -5.719377    0.000083
   -5.704099    0.000084
   -5.688820    0.000084
   -5.673541    0.000085
   -5.658262    0.000085
   -5.642983    0.000086
   -5.627704    0.000086
   -5.612425    0.000086
   -5.597146    0.000087
   -5.581867    0.000087
   -5.566588    0.000088
   -5.551309    0.000088
   -5.536030    0.000089
   -5.520752    0.000089
   -5.505473    0.000090
   -5.490194    0.000090
   -5.474915    0.000091
   -5.459636    0.000092
   -5.444357    0.000092
   -5.429078    0.000093
   -5.413799    0.000093
   -5.398520    0.000094
   -5.383241    0.000094
   -5.367962    0.000095
   -5.352683    0.000095
   -5.337405    0.000096
   -5.322126    0.000097
   -5.306847    0.000097
   -5.291568    0.000098
   -5.276289    0.000098
   -5.261010    0.000099
   -5.245731    0.000099
   -5.230452    0.000100
   -5.215173    0.000101
   -5.199894    0.000101
   -5.184615    0.000102
   -5.169336    0.000103
   -5.154058    0.000103
   -5.138779    0.000104
   -5.123500    0.000104
   -5.108221    0.000105
   -5.092942    0.000106
   -5.077663    0.000106
   -5.062384    0.000107
   -5.047105    0.000108
   -5.031826    0.000108
   -5.016547    0.000109
   -5.001268    0.000110
   -4.985989    0.000111
   -4.970711    0.000111
   -4.955432    0.000112
   -4.940153    0.000113
   -4.924874    0.000113
   -4.909595    0.000114
   -4.894316    0.000115
   -4.879037    0.000116
   -4.863758    0.000116
   -4.848479    0.000117
   -4.833200    0.000118
   -4.817921    0.000119
   -4.802642    0.000119
   -4.787363    0.000120
   -4.772085    0.000121
   -4.756806    0.000122
   -4.741527    0.000123
   -4.726248    0.000124
   -4.710969    0.000124
   -4.695690    0.000125
   -4.680411    0.000126
   -4.665132    0.000127
   -4.649853    0.000128
   -4.634574    0.000129
   -4.619295    0.000130
   -4.604016    0.000130
   -4.588738    0.000131
   -4.573459    0.000132
   -4.558180    0.000133
   -4.542901    0.000134
   -4.527622    0.000135
   -4.512343    0.000136
   -4.497064    0.000137
   -4.481785    0.000138
   -4.466506    0.000139
   -4.451227    0.000140
   -4.435948    0.000141
   -4.420669    0.000142
   -4.405391    0.000143
   -4.390112    0.000144
   -4.374833    0.000145
   -4.359554    0.000146
   -4.344275    0.000147
   -4.328996    0.000148
   -4.313717    0.000149
   -4.298438    0.000151
   -4.283159    0.000152
   -4.267880    0.000153
   -4.252601    0.000154
   -4.237322    0.000155
   -4.222044    0.000156
   -4.206765    0.000157
   -4.191486    0.000159
   -4.176207    0.000160
   -4.160928    0.000161
   -4.145649    0.000162
   -4.130370    0.000164
   -4.115091    0.000165
   -4.099812    0.000166
   -4.084533    0.000168
   -4.069254    0.000169
   -4.053975    0.000170
   -4.038697    0.000172
   -4.023418    0.000173
   -4.008139    0.000174
   -3.992860    0.000176
   -3.977581    0.000177
   -3.962302    0.000179
   -3.947023    0.000180
   -3.931744    0.000181
   -3.916465    0.000183
   -3.901186    0.000184
   -3.885907    0.000186
   -3.870628    0.000188
   -3.855350    0.000189
   -3.840071    0.000191
   -3.824792    0.000192
   -3.809513    0.000194
   -3.794234    0.000196
   -3.778955    0.000197
   -3.763676    0.000199
   -3.748397    0.000201
   -3.733118    0.000202
   -3.717839    0.000204
   -3.702560    0.000206
   -3.687281    0.000208
   -3.672003    0.000210
   -3.656724    0.000211
   -3.641445    0.000213
   -3.626166    0.000215
   -3.610887    0.000217
   -3.595608    0.000219
   -3.580329    0.000221
   -3.565050    0.000223
   -3.549771    0.000225
   -3.534492    0.000227
   -3.519213    0.000229
   -3.503934    0.000231
   -3.488656    0.000233
   -3.473377    0.000236
   -3.458098    0.000238
   -3.442819    0.000240
   -3.427540    0.000242
   -3.412261    0.000245
   -3.396982    0.000247
   -3.381703    0.000249
   -3.366424    0.000252
   -3.351145    0.000254
   -3.335866    0.000257
   -3.320587    0.000259
   -3.305309    0.000262
   -3.290030    0.000264
   -3.274751    0.000267
   -3.259472    0.000270
   -3.244193    0.000272
   -3.228914    0.000275
   -3.213635    0.000278
   -3.198356    0.000281
   -3.183077    0.000283
   -3.167798    0.000286
   -3.152519    0.000289
   -3.137240    0.000292
   -3.121962    0.000295
   -3.106683    0.000299
   -3.091404    0.000302
   -3.076125    0.000305
   -3.060846    0.000308
   -3.045567    0.000311
   -3.030288    0.000315
   -3.015009    0.000318
   -2.999730    0.000322
   -2.984451    0.000325
   -2.969172    0.000329
   -2.953893    0.000332
   -2.938615    0.000336
   -2.923336    0.000340
   -2.908057    0.000344
   -2.892778    0.000348
   -2.877499    0.000352
   -2.862220    0.000356
   -2.846941    0.000360
   -2.831662    0.000364
   -2.816383    0.000368
   -2.801104    0.000372
   -2.785825    0.000377
   -2.770546    0.000381
   -2.755268    0.000386
   -2.739989    0.000390
   -2.724710    0.000395
   -2.709431    0.000400
   -2.694152    0.000405
   -2.678873    0.000410
   -2.663594    0.000415
   -2.648315    0.000420
   -2.633036    0.000425
   -2.617757    0.000431
   -2.602478    0.000436
   -2.587199    0.000442
   -2.571921    0.000447
   -2.556642    0.000453
   -2.541363    0.000459
   -2.526084    0.000465
   -2.510805    0.000471
   -2.495526    0.000477
   -2.480247    0.000484
   -2.464968    0.000490
   -2.449689    0.000497
   -2.434410    0.000504
   -2.419131    0.000511
   -2.403852    0.000518
   -2.388573    0.000525
   -2.373295    0.000532
   -2.358016    0.000540
   -2.342737    0.000548
   -2.327458    0.000555
   -2.312179    0.000563
   -2.296900    0.000572
   -2.281621    0.000580
   -2.266342    0.000588
   -2.251063    0.000597
   -2.235784    0.000606
   -2.220505    0.000615
   -2.205226    0.000625
   -2.189948    0.000634
   -2.174669    0.000644
   -2.159390    0.000654
   -2.144111    0.000664
   -2.128832    0.000675
   -2.113553    0.000686
   -2.098274    0.000697
   -2.082995    0.000708
   -2.067716    0.000719
   -2.052437    0.000731
   -2.037158    0.000743
   -2.021879    0.000756
   -2.006601    0.000769
   -1.991322    0.000782
   -1.976043    0.000795
   -1.960764    0.000809
   -1.945485    0.000823
   -1.930206    0.000837
   -1.914927    0.000852
   -1.899648    0.000868
   -1.884369    0.000883
   -1.869090    0.000899
   -1.853811    0.000916
   -1.838532    0.000933
   -1.823254    0.000950
   -1.807975    0.000968
   -1.792696    0.000987
   -1.777417    0.001006
   -1.762138    0.001026
   -1.746859    0.001046
   -1.731580    0.001067
   -1.716301    0.001088
   -1.701022    0.001110
   -1.685743    0.001133
   -1.670464    0.001156
   -1.655185    0.001181
   -1.639907    0.001206
   -1.624628    0.001231
   -1.609349    0.001258
   -1.594070    0.001285
   -1.578791    0.001314
   -1.563512    0.001343
   -1.548233    0.001373
   -1.532954    0.001405
   -1.517675    0.001437
   -1.502396    0.001471
   -1.487117    0.001506
   -1.471838    0.001542
   -1.456560    0.001579
   -1.441281    0.001618
   -1.426002    0.001658
   -1.410723    0.001700
   -1.395444    0.001743
   -1.380165    0.001788
   -1.364886    0.001835
   -1.349607    0.001883
   -1.334328    0.001934
   -1.319049    0.001987
   -1.303770    0.002041
   -1.288491    0.002099
   -1.273213    0.002158
   -1.257934    0.002220
   -1.242655    0.002285
   -1.227376    0.002353
   -1.212097    0.002423
   -1.196818    0.002497
   -1.181539    0.002575
   -1.166260    0.002656
   -1.150981    0.002741
   -1.135702    0.002830
   -1.120423    0.002924
   -1.105144    0.003022
   -1.089866    0.003126
   -1.074587    0.003235
   -1.059308    0.003349
   -1.044029    0.003470
   -1.028750    0.003597
   -1.013471    0.003732
   -0.998192    0.003874
   -0.982913    0.004025
   -0.967634    0.004185
   -0.952355    0.004354
   -0.937076    0.004534
   -0.921797    0.004725
   -0.906519    0.004929
   -0.891240    0.005146
   -0.875961    0.005378
   -0.860682    0.005626
   -0.845403    0.005892
   -0.830124    0.006177
   -0.814845    0.006483
   -0.799566    0.006813
   -0.784287    0.007168
   -0.769008    0.007552
   -0.753729    0.007968
   -0.738450    0.008420
   -0.723172    0.008911
   -0.707893    0.009447
   -0.692614    0.010032
   -0.677335    0.010674
   -0.662056    0.011380
   -0.646777    0.012159
   -0.631498    0.013022
   -0.616219    0.013980
   -0.600940    0.015048
   -0.585661    0.016245
   -0.570382    0.017592
   -0.555103    0.019115
   -0.539825    0.020847
   -0.524546    0.022828
   -0.509267    0.025110
   -0.493988    0.027755
   -0.478709    0.030849
   -0.463430    0.034498
   -0.448151    0.038849
   -0.432872    0.044096
   -0.417593    0.050509
   -0.402314    0.058470
   -0.387035    0.068538
   -0.371756    0.081554
   -0.356478    0.098840
   -0.341199    0.122590
   -0.325920    0.156682
   -0.310641    0.208593
   -0.295362    0.294552
   -0.280083    0.456431
   -0.264804    0.836744
   -0.249525    2.233301
   -0.234246    8.710387
   -0.218967    7.580565
   -0.203688    4.213019
   -0.188409    6.496461
   -0.173130    9.719452
   -0.157852    8.187830
   -0.142573    9.010852
   -0.127294    2.831948
   -0.112015    0.980055
   -0.096736    0.517673
   -0.081457    0.328026
   -0.066178    0.229341
   -0.050899    0.170578
   -0.035620    0.132407
   -0.020341    0.106055
   -0.005062    0.087023
    0.010217    0.072789
    0.025495    0.061842
    0.040774    0.053230
    0.056053    0.046325
    0.071332    0.040698
    0.086611    0.036050
    0.101890    0.032164
    0.117169    0.028879
    0.132448    0.026078
    0.147727    0.023669
    0.163006    0.021582
    0.178285    0.019761
    0.193564    0.018162
    0.208842    0.016752
    0.224121    0.015500
    0.239400    0.014384
    0.254679    0.013386
    0.269958    0.012488
    0.285237    0.011678
    0.300516    0.010944
    0.315795    0.010278
    0.331074    0.009672
    0.346353    0.009117
    0.361632    0.008609
    0.376911    0.008143
    0.392189    0.007713
    0.407468    0.007317
    0.422747    0.006951
    0.438026    0.006611
    0.453305    0.006296
    0.468584    0.006003
    0.483863    0.005730
    0.499142    0.005475
    0.514421    0.005237
    0.529700    0.005014
    0.544979    0.004805
    0.560258    0.004609
    0.575536    0.004425
    0.590815    0.004251
    0.606094    0.004088
    0.621373    0.003934
    0.636652    0.003788
    0.651931    0.003650
    0.667210    0.003520
    0.682489    0.003397
    0.697768    0.003280
    0.713047    0.003169
    0.728326    0.003063
    0.743605    0.002963
    0.758883    0.002867
    0.774162    0.002776
    0.789441    0.002690
    0.804720    0.002607
    0.819999    0.002528
    0.835278    0.002453
    0.850557    0.002381
    0.865836    0.002312
    0.881115    0.002246
    0.896394    0.002183
    0.911673    0.002122
    0.926952    0.002064
    0.942230    0.002008
    0.957509    0.001955
    0.972788    0.001903
    0.988067    0.001854
    1.003346    0.001807
    1.018625    0.001761
    1.033904    0.001717
    1.049183    0.001675
    1.064462    0.001634
    1.079741    0.001595
    1.095020    0.001557
    1.110299    0.001520
    1.125577    0.001485
    1.140856    0.001451
    1.156135    0.001418
    1.171414    0.001386
    1.186693    0.001355
    1.201972    0.001325
    1.217251    0.001297
    1.232530    0.001269
    1.247809    0.001242
    1.263088    0.001216
    1.278367    0.001190
    1.293646    0.001166
    1.308924    0.001142
    1.324203    0.001119
    1.339482    0.001097
    1.354761    0.001075
    1.370040    0.001054
    1.385319    0.001034
    1.400598    0.001014
    1.415877    0.000995
    1.431156    0.000976
    1.446435    0.000958
    1.461714    0.000940
    1.476993    0.000923
    1.492271    0.000906
    1.507550    0.000890
    1.522829    0.000874
    1.538108    0.000858
    1.553387    0.000843
    1.568666    0.000829
    1.583945    0.000814
    1.599224    0.000800
    1.614503    0.000787
    1.629782    0.000774
    1.645061    0.000761
    1.660340    0.000748
    1.675618    0.000736
    1.690897    0.000724
    1.706176    0.000712
    1.721455    0.000701
    1.736734    0.000690
    1.752013    0.000679
    1.767292    0.000668
