# energy [H], band-resolved DOS
   -5.856888    0.000095
   -5.841609    0.000095
   -5.826330    0.000096
   -5.811051    0.000097
   -5.795772    0.000097
   -5.780493    0.000098
   -5.765214    0.000098
   -5.749935    0.000099
   -5.734656    0.000100
   -5.719377    0.000100
   -5.704099    0.000101
   -5.688820    0.000101
   -5.673541    0.000102
   -5.658262    0.000103
   -5.642983    0.000103
   -5.627704    0.000104
   -5.612425    0.000105
   -5.597146    0.000105
   -5.581867    0.000106
   -5.566588    0.000107
   -5.551309    0.000107
   -5.536030    0.000108
   -5.520752    0.000109
   -5.505473    0.000109
   -5.490194    0.000110
   -5.474915    0.000111
   -5.459636    0.000111
   -5.444357    0.000112
   -5.429078    0.000113
   -5.413799    0.000114
   -5.398520    0.000114
   -5.383241    0.000115
   -5.367962    0.000116
   -5.352683    0.000116
   -5.337405    0.000117
   -5.322126    0.000118
   -5.306847    0.000119
   -5.291568    0.000120
   -5.276289    0.000120
   -5.261010    0.000121
   -5.245731    0.000122
   -5.230452    0.000123
   -5.215173    0.000124
   -5.199894    0.000125
   -5.184615    0.000125
   -5.169336    0.000126
   -5.154058    0.000127
   -5.138779    0.000128
   -5.123500    0.000129
   -5.108221    0.000130
   -5.092942    0.000131
   -5.077663    0.000132
   -5.062384    0.000132
   -5.047105    0.000133
   -5.031826    0.000134
   -5.016547    0.000135
   -5.001268    0.000136
   -4.985989    0.000137
   -4.970711    0.000138
   -4.955432    0.000139
   -4.940153    0.000140
   -4.924874    0.000141
   -4.909595    0.000142
   -4.894316    0.000143
   -4.879037    0.000144
   -4.863758    0.000145
   -4.848479    0.000146
   -4.833200    0.000147
   -4.817921    0.000149
   -4.802642    0.000150
   -4.787363    0.000151
   -4.772085    0.000152
   -4.756806    0.000153
   -4.741527    0.000154
   -4.726248    0.000155
   -4.710969    0.000157
   -4.695690    0.000158
   -4.680411    0.000159
   -4.665132    0.000160
   -4.649853    0.000161
   -4.634574    0.000163
   -4.619295    0.000164
   -4.604016    0.000165
   -4.588738    0.000166
   -4.573459    0.000168
   -4.558180    0.000169
   -4.542901    0.000170
   -4.527622    0.000172
   -4.512343    0.000173
   -4.497064    0.000175
   -4.481785    0.000176
   -4.466506    0.000177
   -4.451227    0.000179
   -4.435948    0.000180
   -4.420669    0.000182
   -4.405391    0.000183
   -4.390112    0.000185
   -4.374833    0.000186
   -4.359554    0.000188
   -4.344275    0.000189
   -4.328996    0.000191
   -4.313717    0.000193
   -4.298438    0.000194
   -4.283159    0.000196
   -4.267880    0.000198
   -4.252601    0.000199
   -4.237322    0.000201
   -4.222044    0.000203
   -4.206765    0.000204
   -4.191486    0.000206
   -4.176207    0.000208
   -4.160928    0.000210
   -4.145649    0.000212
   -4.130370    0.000214
   -4.115091    0.000215
   -4.099812    0.000217
   -4.084533    0.000219
   -4.069254    0.000221
   -4.053975    0.000223
   -4.038697    0.000225
   -4.023418    0.000227
   -4.008139    0.000230
   -3.992860    0.000232
   -3.977581    0.000234
   -3.962302    0.000236
   -3.947023    0.000238
   -3.931744    0.000240
   -3.916465    0.000243
   -3.901186    0.000245
   -3.885907    0.000247
   -3.870628    0.000250
   -3.855350    0.000252
   -3.840071    0.000255
   -3.824792    0.000257
   -3.809513    0.000260
   -3.794234    0.000262
   -3.778955    0.000265
   -3.763676    0.000267
   -3.748397    0.000270
   -3.733118    0.000273
   -3.717839    0.000275
   -3.702560    0.000278
   -3.687281    0.000281
   -3.672003    0.000284
   -3.656724    0.000287
   -3.641445    0.000290
   -3.626166    0.000293
   -3.610887    0.000296
   -3.595608    0.000299
   -3.580329    0.000302
   -3.565050    0.000305
   -3.549771    0.000309
   -3.534492    0.000312
   -3.519213    0.000315
   -3.503934    0.000319
   -3.488656    0.000322
   -3.473377    0.000326
   -3.458098    0.000329
   -3.442819    0.000333
   -3.427540    0.000337
   -3.412261    0.000340
   -3.396982    0.000344
   -3.381703    0.000348
   -3.366424    0.000352
   -3.351145    0.000356
   -3.335866    0.000360
   -3.320587    0.000364
   -3.305309    0.000369
   -3.290030    0.000373
   -3.274751    0.000377
   -3.259472    0.000382
   -3.244193    0.000386
   -3.228914    0.000391
   -3.213635    0.000396
   -3.198356    0.000401
   -3.183077    0.000406
   -3.167798    0.000411
   -3.152519    0.000416
   -3.137240    0.000421
   -3.121962    0.000426
   -3.106683    0.000431
   -3.091404    0.000437
   -3.076125    0.000443
   -3.060846    0.000448
   -3.045567    0.000454
   -3.030288    0.000460
   -3.015009    0.000466
   -2.999730    0.000472
   -2.984451    0.000478
   -2.969172    0.000485
   -2.953893    0.000491
   -2.938615    0.000498
   -2.923336    0.000505
   -2.908057    0.000512
   -2.892778    0.000519
   -2.877499    0.000526
   -2.862220    0.000533
   -2.846941    0.000541
   -2.831662    0.000549
   -2.816383    0.000557
   -2.801104    0.000565
   -2.785825    0.000573
   -2.770546    0.000581
   -2.755268    0.000590
   -2.739989    0.000599
   -2.724710    0.000608
   -2.709431    0.000617
   -2.694152    0.000626
   -2.678873    0.000636
   -2.663594    0.000645
   -2.648315    0.000656
   -2.633036    0.000666
   -2.617757    0.000676
   -2.602478    0.000687
   -2.587199    0.000698
   -2.571921    0.000709
   -2.556642    0.000721
   -2.541363    0.000733
   -2.526084    0.000745
   -2.510805    0.000758
   -2.495526    0.000770
   -2.480247    0.000783
   -2.464968    0.000797
   -2.449689    0.000811
   -2.434410    0.000825
   -2.419131    0.000839
   -2.403852    0.000854
   -2.388573    0.000870
   -2.373295    0.000885
   -2.358016    0.000902
   -2.342737    0.000918
   -2.327458    0.000935
   -2.312179    0.000953
   -2.296900    0.000971
   -2.281621    0.000989
   -2.266342    0.001009
   -2.251063    0.001028
   -2.235784    0.001048
   -2.220505    0.001069
   -2.205226    0.001091
   -2.189948    0.001113
   -2.174669    0.001136
   -2.159390    0.001159
   -2.144111    0.001184
   -2.128832    0.001209
   -2.113553    0.001235
   -2.098274    0.001261
   -2.082995    0.001289
   -2.067716    0.001317
   -2.052437    0.001347
   -2.037158    0.001377
   -2.021879    0.001409
   -2.006601    0.001441
   -1.991322    0.001475
   -1.976043    0.001510
   -1.960764    0.001546
   -1.945485    0.001583
   -1.930206    0.001622
   -1.914927    0.001663
   -1.899648    0.001704
   -1.884369    0.001748
   -1.869090    0.001793
   -1.853811    0.001840
   -1.838532    0.001889
   -1.823254    0.001939
   -1.807975    0.001992
   -1.792696    0.002047
   -1.777417    0.002104
   -1.762138    0.002164
   -1.746859    0.002226
   -1.731580    0.002291
   -1.716301    0.002359
   -1.701022    0.002430
   -1.685743    0.002504
   -1.670464    0.002582
   -1.655185    0.002663
   -1.639907    0.002748
   -1.624628    0.002838
   -1.609349    0.002932
   -1.594070    0.003030
   -1.578791    0.003134
   -1.563512    0.003243
   -1.548233    0.003357
   -1.532954    0.003478
   -1.517675    0.003606
   -1.502396    0.003741
   -1.487117    0.003883
   -1.471838    0.004034
   -1.456560    0.004194
   -1.441281    0.004363
   -1.426002    0.004543
   -1.410723    0.004734
   -1.395444    0.004938
   -1.380165    0.005155
   -1.364886    0.005387
   -1.349607    0.005634
   -1.334328    0.005899
   -1.319049    0.006184
   -1.303770    0.006489
   -1.288491    0.006817
   -1.273213    0.007171
   -1.257934    0.007554
   -1.242655    0.007968
   -1.227376    0.008416
   -1.212097    0.008904
   -1.196818    0.009435
   -1.181539    0.010016
   -1.166260    0.010651
   -1.150981    0.011350
   -1.135702    0.012119
   -1.120423    0.012969
   -1.105144    0.013911
   -1.089866    0.014961
   -1.074587    0.016133
   -1.059308    0.017449
   -1.044029    0.018933
   -1.028750    0.020615
   -1.013471    0.022530
   -0.998192    0.024726
   -0.982913    0.027259
   -0.967634    0.030202
   -0.952355    0.033649
   -0.937076    0.037721
   -0.921797    0.042579
   -0.906519    0.048440
   -0.891240    0.055598
   -0.875961    0.064468
   -0.860682    0.075642
   -0.845403    0.089992
   -0.830124    0.108845
   -0.814845    0.134300
   -0.799566    0.169836
   -0.784287    0.221562
   -0.769008    0.301014
   -0.753729    0.432122
   -0.738450    0.671339
   -0.723172    1.178810
   -0.707893    2.561289
   -0.692614    8.622663
   -0.677335   39.516678
   -0.662056    8.554399
   -0.646777    2.549226
   -0.631498    1.174976
   -0.616219    0.669681
   -0.600940    0.431263
   -0.585661    0.300513
   -0.570382    0.221246
   -0.555103    0.169623
   -0.539825    0.134150
   -0.524546    0.108736
   -0.509267    0.089910
   -0.493988    0.075579
   -0.478709    0.064419
   -0.463430    0.055558
   -0.448151    0.048407
   -0.432872    0.042552
   -0.417593    0.037699
   -0.402314    0.033630
   -0.387035    0.030186
   -0.371756    0.027245
   -0.356478    0.024714
   -0.341199    0.022520
   -0.325920    0.020606
   -0.310641    0.018925
   -0.295362    0.017442
   -0.280083    0.016127
   -0.264804    0.014955
   -0.249525    0.013906
   -0.234246    0.012964
   -0.218967    0.012115
   -0.203688    0.011346
   -0.188409    0.010648
   -0.173130    0.010013
   -0.157852    0.009433
   -0.142573    0.008901
   -0.127294    0.008414
   -0.112015    0.007965
   -0.096736    0.007552
   -0.081457    0.007170
   -0.066178    0.006816
   -0.050899    0.006487
   -0.035620    0.006182
   -0.020341    0.005898
   -0.005062    0.005633
    0.010217    0.005385
    0.025495    0.005154
    0.040774    0.004937
    0.056053    0.004733
    0.071332    0.004542
    0.086611    0.004362
    0.101890    0.004193
    0.117169    0.004033
    0.132448    0.003883
    0.147727    0.003740
    0.163006    0.003605
    0.178285    0.003478
    0.193564    0.003357
    0.208842    0.003242
    0.224121    0.003133
    0.239400    0.003030
    0.254679    0.002931
    0.269958    0.002837
    0.285237    0.002748
    0.300516    0.002663
    0.315795    0.002581
    0.331074    0.002504
    0.346353    0.002430
    0.361632    0.002359
    0.376911    0.002291
    0.392189    0.002226
    0.407468    0.002164
    0.422747    0.002104
    0.438026    0.002047
    0.453305    0.001992
    0.468584    0.001939
    0.483863    0.001888
    0.499142    0.001840
    0.514421    0.001793
    0.529700    0.001748
    0.544979    0.001704
    0.560258    0.001662
    0.575536    0.001622
    0.590815    0.001583
    0.606094    0.001546
    0.621373    0.001510
    0.636652    0.001475
    0.651931    0.001441
    0.667210    0.001408
    0.682489    0.001377
    0.697768    0.001347
    0.713047    0.001317
    0.728326    0.001289
    0.743605    0.001261
    0.758883    0.001234
    0.774162    0.001209
    0.789441    0.001184
    0.804720    0.001159
    0.819999    0.001136
    0.835278    0.001113
    0.850557    0.001091
    0.865836    0.001069
    0.881115    0.001048
    0.896394    0.001028
    0.911673    0.001008
    0.926952    0.000989
    0.942230    0.000971
    0.957509    0.000953
    0.972788    0.000935
    0.988067    0.000918
    1.003346    0.000901
    1.018625    0.000885
    1.033904    0.000870
    1.049183    0.000854
    1.064462    0.000839
    1.079741    0.000825
    1.095020    0.000811
    1.110299    0.000797
    1.125577    0.000783
    1.140856    0.000770
    1.156135    0.000757
    1.171414    0.000745
    1.186693    0.000733
    1.201972    0.000721
    1.217251    0.000709
    1.232530    0.000698
    1.247809    0.000687
    1.263088    0.000676
    1.278367    0.000666
    1.293646    0.000655
    1.308924    0.000645
    1.324203    0.000636
    1.339482    0.000626
    1.354761    0.000617
    1.370040    0.000607
    1.385319    0.000599
    1.400598    0.000590
    1.415877    0.000581
    1.431156    0.000573
    1.446435    0.000565
    1.461714    0.000557
    1.476993    0.000549
    1.492271    0.000541
    1.507550    0.000533
    1.522829    0.000526
    1.538108    0.000519
    1.553387    0.000512
    1.568666    0.000505
    1.583945    0.000498
    1.599224    0.000491
    1.614503    0.000485
    1.629782    0.000478
    1.645061    0.000472
    1.660340    0.000466
    1.675618    0.000460
    1.690897    0.000454
    1.706176    0.000448
    1.721455    0.000443
    1.736734    0.000437
    1.752013    0.000431
    1.767292    0.000426
