# energy [H], total DOS
   -5.856888    0.006977
   -5.841609    0.007083
   -5.826330    0.007193
   -5.811051    0.007307
   -5.795772    0.007424
   -5.780493    0.007544
   -5.765214    0.007669
   -5.749935    0.007798
   -5.734656    0.007931
   -5.719377    0.008068
   -5.704099    0.008210
   -5.688820    0.008358
   -5.673541    0.008510
   -5.658262    0.008668
   -5.642983    0.008832
   -5.627704    0.009002
   -5.612425    0.009179
   -5.597146    0.009363
   -5.581867    0.009554
   -5.566588    0.009753
   -5.551309    0.009960
   -5.536030    0.010175
   -5.520752    0.010401
   -5.505473    0.010636
   -5.490194    0.010881
   -5.474915    0.011138
   -5.459636    0.011407
   -5.444357    0.011689
   -5.429078    0.011984
   -5.413799    0.012294
   -5.398520    0.012620
   -5.383241    0.012963
   -5.367962    0.013325
   -5.352683    0.013706
   -5.337405    0.014109
   -5.322126    0.014534
   -5.306847    0.014985
   -5.291568    0.015463
   -5.276289    0.015970
   -5.261010    0.016510
   -5.245731    0.017085
   -5.230452    0.017698
   -5.215173    0.018353
   -5.199894    0.019055
   -5.184615    0.019808
   -5.169336    0.020617
   -5.154058    0.021489
   -5.138779    0.022430
   -5.123500    0.023449
   -5.108221    0.024554
   -5.092942    0.025756
   -5.077663    0.027066
   -5.062384    0.028500
   -5.047105    0.030073
   -5.031826    0.031805
   -5.016547    0.033719
   -5.001268    0.035841
   -4.985989    0.038204
   -4.970711    0.040846
   -4.955432    0.043815
   -4.940153    0.047168
   -4.924874    0.050975
   -4.909595    0.055324
   -4.894316    0.060324
   -4.879037    0.066113
   -4.863758    0.072870
   -4.848479    0.080826
   -4.833200    0.090284
   -4.817921    0.101652
   -4.802642    0.115484
   -4.787363    0.132553
   -4.772085    0.153960
   -4.756806    0.181315
   -4.741527    0.217053
   -4.726248    0.264992
   -4.710969    0.331400
   -4.695690    0.427143
   -4.680411    0.572412
   -4.665132    0.808225
   -4.649853    1.228554
   -4.634574    2.088715
   -4.619295    4.290185
   -4.604016   12.815631
   -4.588738   69.740504
   -4.573459   23.737275
   -4.558180    6.195046
   -4.542901    2.691178
   -4.527622    1.489200
   -4.512343    0.943800
   -4.497064    0.652076
   -4.481785    0.478272
   -4.466506    0.366542
   -4.451227    0.290545
   -4.435948    0.236552
   -4.420669    0.196844
   -4.405391    0.166809
   -4.390112    0.143559
   -4.374833    0.125206
   -4.359554    0.110477
   -4.344275    0.098488
   -4.328996    0.088610
   -4.313717    0.080382
   -4.298438    0.073467
   -4.283159    0.067606
   -4.267880    0.062605
   -4.252601    0.058310
   -4.237322    0.054602
   -4.222044    0.051386
   -4.206765    0.048585
   -4.191486    0.046138
   -4.176207    0.043996
   -4.160928    0.042115
   -4.145649    0.040463
   -4.130370    0.039010
   -4.115091    0.037733
   -4.099812    0.036612
   -4.084533    0.035630
   -4.069254    0.034772
   -4.053975    0.034027
   -4.038697    0.033384
   -4.023418    0.032833
   -4.008139    0.032368
   -3.992860    0.031981
   -3.977581    0.031669
   -3.962302    0.031424
   -3.947023    0.031245
   -3.931744    0.031126
   -3.916465    0.031066
   -3.901186    0.031063
   -3.885907    0.031114
   -3.870628    0.031218
   -3.855350    0.031374
   -3.840071    0.031582
   -3.824792    0.031841
   -3.809513    0.032151
   -3.794234    0.032513
   -3.778955    0.032928
   -3.763676    0.033396
   -3.748397    0.033919
   -3.733118    0.034499
   -3.717839    0.035138
   -3.702560    0.035839
   -3.687281    0.036604
   -3.672003    0.037437
   -3.656724    0.038342
   -3.641445    0.039323
   -3.626166    0.040385
   -3.610887    0.041534
   -3.595608    0.042776
   -3.580329    0.044119
   -3.565050    0.045571
   -3.549771    0.047141
   -3.534492    0.048839
   -3.519213    0.050678
   -3.503934    0.052670
   -3.488656    0.054831
   -3.473377    0.057179
   -3.458098    0.059733
   -3.442819    0.062516
   -3.427540    0.065554
   -3.412261    0.068877
   -3.396982    0.072520
   -3.381703    0.076525
   -3.366424    0.080938
   -3.351145    0.085814
   -3.335866    0.091221
   -3.320587    0.097235
   -3.305309    0.103950
   -3.290030    0.111478
   -3.274751    0.119952
   -3.259472    0.129539
   -3.244193    0.140439
   -3.228914    0.152903
   -3.213635    0.167243
   -3.198356    0.183856
   -3.183077    0.203247
   -3.167798    0.226070
   -3.152519    0.253185
   -3.137240    0.285740
   -3.121962    0.325290
   -3.106683    0.373995
   -3.091404    0.434912
   -3.076125    0.512492
   -3.060846    0.613412
   -3.045567    0.748059
   -3.030288    0.933308
   -3.015009    1.198049
   -2.999730    1.595118
   -2.984451    2.229636
   -2.969172    3.335647
   -2.953893    5.523132
   -2.938615   10.807942
   -2.923336   29.097097
   -2.908057  149.168876
   -2.892778  104.393215
   -2.877499   23.260167
   -2.862220    9.356666
   -2.846941    4.972830
   -2.831662    3.072768
   -2.816383    2.084884
   -2.801104    1.507478
   -2.785825    1.141327
   -2.770546    0.894780
   -2.755268    0.720952
   -2.739989    0.593852
   -2.724710    0.498137
   -2.709431    0.424280
   -2.694152    0.366109
   -2.678873    0.319487
   -2.663594    0.281555
   -2.648315    0.250287
   -2.633036    0.224217
   -2.617757    0.202258
   -2.602478    0.183594
   -2.587199    0.167604
   -2.571921    0.153805
   -2.556642    0.141818
   -2.541363    0.131345
   -2.526084    0.122144
   -2.510805    0.114022
   -2.495526    0.106821
   -2.480247    0.100410
   -2.464968    0.094681
   -2.449689    0.089545
   -2.434410    0.084925
   -2.419131    0.080760
   -2.403852    0.076993
   -2.388573    0.073580
   -2.373295    0.070480
   -2.358016    0.067660
   -2.342737    0.065091
   -2.327458    0.062746
   -2.312179    0.060603
   -2.296900    0.058644
   -2.281621    0.056850
   -2.266342    0.055208
   -2.251063    0.053703
   -2.235784    0.052325
   -2.220505    0.051062
   -2.205226    0.049906
   -2.189948    0.048847
   -2.174669    0.047880
   -2.159390    0.046998
   -2.144111    0.046194
   -2.128832    0.045463
   -2.113553    0.044801
   -2.098274    0.044204
   -2.082995    0.043667
   -2.067716    0.043187
   -2.052437    0.042762
   -2.037158    0.042388
   -2.021879    0.042064
   -2.006601    0.041786
   -1.991322    0.041553
   -1.976043    0.041364
   -1.960764    0.041216
   -1.945485    0.041108
   -1.930206    0.041040
   -1.914927    0.041010
   -1.899648    0.041017
   -1.884369    0.041061
   -1.869090    0.041141
   -1.853811    0.041256
   -1.838532    0.041406
   -1.823254    0.041592
   -1.807975    0.041812
   -1.792696    0.042066
   -1.777417    0.042356
   -1.762138    0.042681
   -1.746859    0.043041
   -1.731580    0.043437
   -1.716301    0.043870
   -1.701022    0.044339
   -1.685743    0.044847
   -1.670464    0.045393
   -1.655185    0.045978
   -1.639907    0.046605
   -1.624628    0.047273
   -1.609349    0.047985
   -1.594070    0.048742
   -1.578791    0.049546
   -1.563512    0.050399
   -1.548233    0.051302
   -1.532954    0.052258
   -1.517675    0.053270
   -1.502396    0.054339
   -1.487117    0.055470
   -1.471838    0.056666
   -1.456560    0.057929
   -1.441281    0.059264
   -1.426002    0.060675
   -1.410723    0.062166
   -1.395444    0.063743
   -1.380165    0.065412
   -1.364886    0.067177
   -1.349607    0.069047
   -1.334328    0.071027
   -1.319049    0.073127
   -1.303770    0.075355
   -1.288491    0.077722
   -1.273213    0.080237
   -1.257934    0.082914
   -1.242655    0.085766
   -1.227376    0.088808
   -1.212097    0.092057
   -1.196818    0.095533
   -1.181539    0.099257
   -1.166260    0.103253
   -1.150981    0.107549
   -1.135702    0.112178
   -1.120423    0.117175
   -1.105144    0.122582
   -1.089866    0.128449
   -1.074587    0.134831
   -1.059308    0.141795
   -1.044029    0.149419
   -1.028750    0.157797
   -1.013471    0.167039
   -0.998192    0.177281
   -0.982913    0.188687
   -0.967634    0.201459
   -0.952355    0.215851
   -0.937076    0.232184
   -0.921797    0.250870
   -0.906519    0.272448
   -0.891240    0.297637
   -0.875961    0.327417
   -0.860682    0.363158
   -0.845403    0.406835
   -0.830124    0.461393
   -0.814845    0.531410
   -0.799566    0.624364
   -0.784287    0.753237
   -0.769008    0.942337
   -0.753729    1.241905
   -0.738450    1.770542
   -0.723172    2.867108
   -0.707893    5.838150
   -0.692614   19.175502
   -0.677335   77.654204
   -0.662056   16.942047
   -0.646777    5.754283
   -0.631498    3.259331
   -0.616219    2.464029
   -0.600940    2.246267
   -0.585661    2.334243
   -0.570382    2.679602
   -0.555103    3.353363
   -0.539825    4.589828
   -0.524546    7.042700
   -0.509267   12.972733
   -0.493988   35.061905
   -0.478709  133.459420
   -0.463430  132.452286
   -0.448151  156.076955
   -0.432872   70.329692
   -0.417593   41.130803
   -0.402314   22.578058
   -0.387035    8.595548
   -0.371756    5.267691
   -0.356478    4.023403
   -0.341199    3.688761
   -0.325920    4.535759
   -0.310641    9.783566
   -0.295362   13.334656
   -0.280083   20.201668
   -0.264804   22.511873
   -0.249525   22.854308
   -0.234246   21.633290
   -0.218967   24.394668
   -0.203688   21.432170
   -0.188409   26.882762
   -0.173130   47.182225
   -0.157852   45.616079
   -0.142573   45.207589
   -0.127294   35.706492
   -0.112015   14.317276
   -0.096736    5.167182
   -0.081457    2.993820
   -0.066178    2.149898
   -0.050899    1.801256
   -0.035620    1.871608
   -0.020341    3.558544
   -0.005062    4.802300
    0.010217    4.038804
    0.025495    3.712118
    0.040774    3.721426
    0.056053    4.147077
    0.071332    5.772385
    0.086611    6.976096
    0.101890    8.700400
    0.117169    9.930428
    0.132448   12.414510
    0.147727   16.379802
    0.163006   15.123300
    0.178285    7.289414
    0.193564    6.378641
    0.208842    8.747357
    0.224121   18.071175
    0.239400   17.689813
    0.254679   31.642203
    0.269958   22.793684
    0.285237   13.915942
    0.300516   10.068188
    0.315795   11.672700
    0.331074   12.438720
    0.346353   22.475137
    0.361632   22.992789
    0.376911   19.538419
    0.392189   19.314546
    0.407468   23.825810
    0.422747   36.184948
    0.438026   35.744118
    0.453305   34.579235
    0.468584   23.745141
    0.483863   10.440130
    0.499142    4.316091
    0.514421    2.139242
    0.529700    1.392264
    0.544979    1.015416
    0.560258    0.788670
    0.575536    0.638282
    0.590815    0.531955
    0.606094    0.453247
    0.621373    0.392919
    0.636652    0.345388
    0.651931    0.307097
    0.667210    0.275674
    0.682489    0.249483
    0.697768    0.227359
    0.713047    0.208454
    0.728326    0.192137
    0.743605    0.177928
    0.758883    0.165457
    0.774162    0.154434
    0.789441    0.144629
    0.804720    0.135857
    0.819999    0.127969
    0.835278    0.120842
    0.850557    0.114374
    0.865836    0.108482
    0.881115    0.103094
    0.896394    0.098150
    0.911673    0.093599
    0.926952    0.089399
    0.942230    0.085511
    0.957509    0.081903
    0.972788    0.078546
    0.988067    0.075417
    1.003346    0.072494
    1.018625    0.069758
    1.033904    0.067192
    1.049183    0.064781
    1.064462    0.062512
    1.079741    0.060374
    1.095020    0.058356
    1.110299    0.056448
    1.125577    0.054643
    1.140856    0.052932
    1.156135    0.051308
    1.171414    0.049766
    1.186693    0.048299
    1.201972    0.046902
    1.217251    0.045571
    1.232530    0.044302
    1.247809    0.043089
    1.263088    0.041931
    1.278367    0.040823
    1.293646    0.039762
    1.308924    0.038746
    1.324203    0.037772
    1.339482    0.036837
    1.354761    0.035940
    1.370040    0.035077
    1.385319    0.034248
    1.400598    0.033451
    1.415877    0.032683
    1.431156    0.031943
    1.446435    0.031231
    1.461714    0.030543
    1.476993    0.029880
    1.492271    0.029240
    1.507550    0.028622
    1.522829    0.028025
    1.538108    0.027447
    1.553387    0.026889
    1.568666    0.026348
    1.583945    0.025825
    1.599224    0.025318
    1.614503    0.024828
    1.629782    0.024352
    1.645061    0.023891
    1.660340    0.023443
    1.675618    0.023009
    1.690897    0.022588
    1.706176    0.022178
    1.721455    0.021781
    1.736734    0.021395
    1.752013    0.021019
    1.767292    0.020654
