################################################################################
# HEADER
# nspin         1
#%
# nik       186
#  st         1      26
# ust         1      26
# Iter             t            #  iter t Nex(t)  
################################################################################
       0  0.000000000000e+00 -8.784639682347e-15
      50  2.500000000000e+00  6.409251046557e-10
     100  5.000000000000e+00  3.384796719991e-08
     150  7.500000000000e+00  2.965343851441e-07
     200  1.000000000000e+01  1.326417186115e-06
     250  1.250000000000e+01  4.204298015197e-06
     300  1.500000000000e+01  1.065817331952e-05
     350  1.750000000000e+01  2.290329958047e-05
     400  2.000000000000e+01  4.333364697406e-05
     450  2.250000000000e+01  7.405162322933e-05
     500  2.500000000000e+01  1.160700028049e-04
     550  2.750000000000e+01  1.684295022942e-04
     600  3.000000000000e+01  2.277064875147e-04
     650  3.250000000000e+01  2.878828613084e-04
     700  3.500000000000e+01  3.406886035234e-04
     750  3.750000000000e+01  3.766552542831e-04
     800  4.000000000000e+01  3.867848358051e-04
     850  4.250000000000e+01  3.647862191132e-04
     900  4.500000000000e+01  3.094902437750e-04
     950  4.750000000000e+01  2.273783728393e-04
    1000  5.000000000000e+01  1.347310135186e-04
    1050  5.250000000000e+01  5.899247456750e-05
    1100  5.500000000000e+01  3.818456158174e-05
    1150  5.750000000000e+01  1.184870555711e-04
    1200  6.000000000000e+01  3.499637476788e-04
    1250  6.250000000000e+01  7.806444959524e-04
    1300  6.500000000000e+01  1.449275709018e-03
    1350  6.750000000000e+01  2.377151858792e-03
    1400  7.000000000000e+01  3.561271288120e-03
    1450  7.250000000000e+01  4.968839570016e-03
    1500  7.500000000000e+01  6.534081299578e-03
    1550  7.750000000000e+01  8.159089205558e-03
    1600  8.000000000000e+01  9.719737089239e-03
    1650  8.250000000000e+01  1.107469635343e-02
    1700  8.500000000000e+01  1.207950115154e-02
    1750  8.750000000000e+01  1.260486323564e-02
    1800  9.000000000000e+01  1.255591781133e-02
    1850  9.250000000000e+01  1.188736455071e-02
    1900  9.500000000000e+01  1.061693168345e-02
    1950  9.750000000000e+01  8.836646219044e-03
    2000  1.000000000000e+02  6.717948703099e-03
    2050  1.025000000000e+02  4.505296366238e-03
    2100  1.050000000000e+02  2.499861792988e-03
    2150  1.075000000000e+02  1.036465867609e-03
    2200  1.100000000000e+02  4.526247970439e-04
    2250  1.125000000000e+02  1.051728041396e-03
    2300  1.150000000000e+02  3.065355065334e-03
    2350  1.175000000000e+02  6.617933360744e-03
    2400  1.200000000000e+02  1.169950573255e-02
    2450  1.225000000000e+02  1.814915233685e-02
    2500  1.250000000000e+02  2.565170552261e-02
    2550  1.275000000000e+02  3.375369313702e-02
    2600  1.300000000000e+02  4.189278281564e-02
    2650  1.325000000000e+02  4.944031639714e-02
    2700  1.350000000000e+02  5.575959297958e-02
    2750  1.375000000000e+02  6.026673659676e-02
    2800  1.400000000000e+02  6.248847168424e-02
    2850  1.425000000000e+02  6.213040306582e-02
    2900  1.450000000000e+02  5.910713966592e-02
    2950  1.475000000000e+02  5.357020750627e-02
    3000  1.500000000000e+02  4.592138684428e-02
    3050  1.525000000000e+02  3.680062467975e-02
    3100  1.550000000000e+02  2.704516484822e-02
    3150  1.575000000000e+02  1.763171171469e-02
    3200  1.600000000000e+02  9.597631854791e-03
    3250  1.625000000000e+02  3.942974815079e-03
    3300  1.650000000000e+02  1.530310304741e-03
    3350  1.675000000000e+02  2.986529288429e-03
    3400  1.700000000000e+02  8.622023500616e-03
    3450  1.725000000000e+02  1.837757904170e-02
    3500  1.750000000000e+02  3.180371430133e-02
    3550  1.775000000000e+02  4.808462489948e-02
    3600  1.800000000000e+02  6.609811896758e-02
    3650  1.825000000000e+02  8.450591598531e-02
    3700  1.850000000000e+02  1.018734733640e-01
    3750  1.875000000000e+02  1.167950344894e-01
    3800  1.900000000000e+02  1.280130880506e-01
    3850  1.925000000000e+02  1.345356178786e-01
    3900  1.950000000000e+02  1.357271129645e-01
    3950  1.975000000000e+02  1.313773915510e-01
    4000  2.000000000000e+02  1.217288281892e-01
    4050  2.025000000000e+02  1.074879695365e-01
    4100  2.050000000000e+02  8.978137219475e-02
    4150  2.075000000000e+02  7.009372822839e-02
    4200  2.100000000000e+02  5.015630220998e-02
    4250  2.125000000000e+02  3.179938217843e-02
    4300  2.150000000000e+02  1.679938835905e-02
    4350  2.175000000000e+02  6.704953491440e-03
    4400  2.200000000000e+02  2.669648984819e-03
    4450  2.225000000000e+02  5.322201337953e-03
    4500  2.250000000000e+02  1.468073775691e-02
    4550  2.275000000000e+02  3.013826873812e-02
    4600  2.300000000000e+02  5.051648594113e-02
    4650  2.325000000000e+02  7.417871863162e-02
    4700  2.350000000000e+02  9.919827123525e-02
    4750  2.375000000000e+02  1.235359961992e-01
    4800  2.400000000000e+02  1.452179638885e-01
    4850  2.425000000000e+02  1.625102895958e-01
    4900  2.450000000000e+02  1.740435741439e-01
    4950  2.475000000000e+02  1.789048570897e-01
    5000  2.500000000000e+02  1.767202956530e-01
    5050  2.525000000000e+02  1.676646249581e-01
    5100  2.550000000000e+02  1.524309945705e-01
    5150  2.575000000000e+02  1.322146063962e-01
    5200  2.600000000000e+02  1.086202993133e-01
    5250  2.625000000000e+02  8.353933620260e-02
    5300  2.650000000000e+02  5.902401197850e-02
    5350  2.675000000000e+02  3.710499115529e-02
    5400  2.700000000000e+02  1.960051787861e-02
    5450  2.725000000000e+02  7.947736710136e-03
    5500  2.750000000000e+02  3.044183069394e-03
    5550  2.775000000000e+02  5.151434049251e-03
    5600  2.800000000000e+02  1.387167467597e-02
    5650  2.825000000000e+02  2.819615853017e-02
    5700  2.850000000000e+02  4.663560093583e-02
    5750  2.875000000000e+02  6.738522725768e-02
    5800  2.900000000000e+02  8.851669225389e-02
    5850  2.925000000000e+02  1.081755514386e-01
    5900  2.950000000000e+02  1.247248275079e-01
    5950  2.975000000000e+02  1.368669183296e-01
    6000  3.000000000000e+02  1.437345147722e-01
    6050  3.025000000000e+02  1.449095489940e-01
    6100  3.050000000000e+02  1.404284461952e-01
    6150  3.075000000000e+02  1.307630727828e-01
    6200  3.100000000000e+02  1.167499479430e-01
    6250  3.125000000000e+02  9.952431466290e-02
    6300  3.150000000000e+02  8.044872283793e-02
    6350  3.175000000000e+02  6.098925631442e-02
    6400  3.200000000000e+02  4.260412381835e-02
    6450  3.225000000000e+02  2.663705739117e-02
    6500  3.250000000000e+02  1.418721225377e-02
    6550  3.275000000000e+02  6.013653486134e-03
    6600  3.300000000000e+02  2.470711255675e-03
    6650  3.325000000000e+02  3.471264177174e-03
    6700  3.350000000000e+02  8.512314546097e-03
    6750  3.375000000000e+02  1.674308882197e-02
    6800  3.400000000000e+02  2.707464384113e-02
    6850  3.425000000000e+02  3.831651909192e-02
    6900  3.450000000000e+02  4.929773723657e-02
    6950  3.475000000000e+02  5.898510815907e-02
    7000  3.500000000000e+02  6.657062709529e-02
    7050  3.525000000000e+02  7.150300442438e-02
    7100  3.550000000000e+02  7.351281826133e-02
    7150  3.575000000000e+02  7.260936600900e-02
    7200  3.600000000000e+02  6.902212274701e-02
    7250  3.625000000000e+02  6.316343462845e-02
    7300  3.650000000000e+02  5.558628105686e-02
    7350  3.675000000000e+02  4.691198730915e-02
    7400  3.700000000000e+02  3.778669948494e-02
    7450  3.725000000000e+02  2.884205346042e-02
    7500  3.750000000000e+02  2.063273319330e-02
    7550  3.775000000000e+02  1.360656043563e-02
    7600  3.800000000000e+02  8.081336064737e-03
    7650  3.825000000000e+02  4.216296208068e-03
    7700  3.850000000000e+02  2.014881466123e-03
    7750  3.875000000000e+02  1.338195030578e-03
    7800  3.900000000000e+02  1.927804694064e-03
    7850  3.925000000000e+02  3.447238258353e-03
    7900  3.950000000000e+02  5.522250059404e-03
    7950  3.975000000000e+02  7.785549984150e-03
    8000  4.000000000000e+02  9.915016826101e-03
    8050  4.025000000000e+02  1.165294038050e-02
    8100  4.050000000000e+02  1.282575091159e-02
    8150  4.075000000000e+02  1.334841484679e-02
    8200  4.100000000000e+02  1.321083019741e-02
    8250  4.125000000000e+02  1.247398488764e-02
    8300  4.150000000000e+02  1.125547252586e-02
    8350  4.175000000000e+02  9.702171009730e-03
    8400  4.200000000000e+02  7.979790950745e-03
    8450  4.225000000000e+02  6.254168751517e-03
    8500  4.250000000000e+02  4.664705484283e-03
    8550  4.275000000000e+02  3.317028271851e-03
    8600  4.300000000000e+02  2.275263556192e-03
    8650  4.325000000000e+02  1.555457185791e-03
    8700  4.350000000000e+02  1.135683840931e-03
    8750  4.375000000000e+02  9.661989805920e-04
    8800  4.400000000000e+02  9.807094300514e-04
    8850  4.425000000000e+02  1.111207661185e-03
    8900  4.450000000000e+02  1.296408754923e-03
    8950  4.475000000000e+02  1.489238567719e-03
    9000  4.500000000000e+02  1.659243572538e-03
    9050  4.525000000000e+02  1.788795986744e-03
    9100  4.550000000000e+02  1.873047781319e-03
    9150  4.575000000000e+02  1.915068015875e-03
    9200  4.600000000000e+02  1.918888563619e-03
    9250  4.625000000000e+02  1.890953698498e-03
    9300  4.650000000000e+02  1.837632567823e-03
    9350  4.675000000000e+02  1.761618480369e-03
    9400  4.700000000000e+02  1.666964598304e-03
    9450  4.725000000000e+02  1.558940479045e-03
    9500  4.750000000000e+02  1.441735725106e-03
    9550  4.775000000000e+02  1.322959615107e-03
    9600  4.800000000000e+02  1.212062373138e-03
    9650  4.825000000000e+02  1.116031037121e-03
    9700  4.850000000000e+02  1.040632762016e-03
    9750  4.875000000000e+02  9.881095856387e-04
    9800  4.900000000000e+02  9.556275760026e-04
    9850  4.925000000000e+02  9.388422961485e-04
    9900  4.950000000000e+02  9.337039093915e-04
    9950  4.975000000000e+02  9.371051027293e-04
   10000  5.000000000000e+02  9.480050160831e-04
   10050  5.025000000000e+02  9.668013271002e-04
   10100  5.050000000000e+02  9.933653327251e-04
   10150  5.075000000000e+02  1.024413930254e-03
   10200  5.100000000000e+02  1.054796104251e-03
   10250  5.125000000000e+02  1.076915742273e-03
   10300  5.150000000000e+02  1.084692505931e-03
   10350  5.175000000000e+02  1.076777442199e-03
   10400  5.200000000000e+02  1.054878503164e-03
   10450  5.225000000000e+02  1.024592610632e-03
   10500  5.250000000000e+02  9.937413183663e-04
   10550  5.275000000000e+02  9.675138838431e-04
   10600  5.300000000000e+02  9.488555602008e-04
   10650  5.325000000000e+02  9.386822153786e-04
   10700  5.350000000000e+02  9.357937748842e-04
   10750  5.375000000000e+02  9.394749753997e-04
   10800  5.400000000000e+02  9.505892630187e-04
   10850  5.425000000000e+02  9.694289172080e-04
   10900  5.450000000000e+02  9.946590490942e-04
   10950  5.475000000000e+02  1.023483468367e-03
   11000  5.500000000000e+02  1.049748753678e-03
   11050  5.525000000000e+02  1.066403968733e-03
   11100  5.550000000000e+02  1.069719586889e-03
   11150  5.575000000000e+02  1.058340102223e-03
   11200  5.600000000000e+02  1.035026034297e-03
   11250  5.625000000000e+02  1.006936984659e-03
   11300  5.650000000000e+02  9.800759453992e-04
   11350  5.675000000000e+02  9.584072943080e-04
   11400  5.700000000000e+02  9.441948536058e-04
   11450  5.725000000000e+02  9.368479035891e-04
   11500  5.750000000000e+02  9.351564729059e-04
   11550  5.775000000000e+02  9.391288789242e-04
   11600  5.800000000000e+02  9.483724483296e-04
   11650  5.825000000000e+02  9.615121011182e-04
   11700  5.850000000000e+02  9.769561761373e-04
   11750  5.875000000000e+02  9.913412751031e-04
   11800  5.900000000000e+02  1.000591745913e-03
   11850  5.925000000000e+02  1.003232930789e-03
   11900  5.950000000000e+02  9.988272413812e-04
   11950  5.975000000000e+02  9.883028538881e-04
   12000  6.000000000000e+02  9.752160264794e-04
   12050  6.025000000000e+02  9.622922109714e-04
   12100  6.050000000000e+02  9.510079624802e-04
   12150  6.075000000000e+02  9.430582087445e-04
   12200  6.100000000000e+02  9.386708636644e-04
   12250  6.125000000000e+02  9.372250921825e-04
   12300  6.150000000000e+02  9.389335957169e-04
   12350  6.175000000000e+02  9.433869034506e-04
   12400  6.200000000000e+02  9.491572559147e-04
   12450  6.225000000000e+02  9.553382131164e-04
   12500  6.250000000000e+02  9.602488865599e-04
   12550  6.275000000000e+02  9.616231763252e-04
   12600  6.300000000000e+02  9.593151908417e-04
   12650  6.325000000000e+02  9.538885166733e-04
   12700  6.350000000000e+02  9.460992218546e-04
   12750  6.375000000000e+02  9.382456796164e-04
   12800  6.400000000000e+02  9.319179646405e-04
   12850  6.425000000000e+02  9.275192655738e-04
   12900  6.450000000000e+02  9.259406656831e-04
   12950  6.475000000000e+02  9.275024174795e-04
   13000  6.500000000000e+02  9.316757736146e-04
   13050  6.525000000000e+02  9.384332350794e-04
   13100  6.550000000000e+02  9.468573119442e-04
   13150  6.575000000000e+02  9.542576136511e-04
   13200  6.600000000000e+02  9.585796685725e-04
   13250  6.625000000000e+02  9.581602745108e-04
   13300  6.650000000000e+02  9.518141483184e-04
   13350  6.675000000000e+02  9.412846655946e-04
   13400  6.700000000000e+02  9.292127828093e-04
   13450  6.725000000000e+02  9.175139253870e-04
   13500  6.750000000000e+02  9.083369507833e-04
   13550  6.775000000000e+02  9.025507989041e-04
   13600  6.800000000000e+02  8.996776381423e-04
   13650  6.825000000000e+02  8.996922071147e-04
   13700  6.850000000000e+02  9.027553683820e-04
   13750  6.875000000000e+02  9.085084177470e-04
   13800  6.900000000000e+02  9.167216849742e-04
   13850  6.925000000000e+02  9.265165175562e-04
   13900  6.950000000000e+02  9.354578008894e-04
   13950  6.975000000000e+02  9.417139237194e-04
   14000  7.000000000000e+02  9.441404052749e-04
