################################################################################
# HEADER
# nspin         1
#%
# nik       384
#  st         1      26
# ust         1      26
# Iter             t            #  iter t Nex(t)  
################################################################################
       0  0.000000000000e+00 -2.772782004001e-14
      50  8.000000000000e-01  1.621188944201e-08
     100  1.600000000000e+00  3.241568627410e-08
     150  2.400000000000e+00  4.860655949956e-08
     200  3.200000000000e+00  6.479357014810e-08
     250  4.000000000000e+00  8.097353720871e-08
     300  4.800000000000e+00  9.714587911880e-08
     350  5.600000000000e+00  1.133141513121e-07
     400  6.400000000000e+00  1.294909573180e-07
     450  7.200000000000e+00  1.456900907137e-07
     500  8.000000000000e+00  1.619370236516e-07
     550  8.800000000000e+00  1.782663185124e-07
     600  9.600000000000e+00  1.947182940720e-07
     650  1.040000000000e+01  2.113429113659e-07
     700  1.120000000000e+01  2.282035761747e-07
     750  1.200000000000e+01  2.453828434612e-07
     800  1.280000000000e+01  2.629792822950e-07
     850  1.360000000000e+01  2.811168281214e-07
     900  1.440000000000e+01  2.999432091866e-07
     950  1.520000000000e+01  3.196365590541e-07
    1000  1.600000000000e+01  3.404076793223e-07
    1050  1.680000000000e+01  3.625027055754e-07
    1100  1.760000000000e+01  3.862089932305e-07
    1150  1.840000000000e+01  4.118561499900e-07
    1200  1.920000000000e+01  4.398236586045e-07
    1250  2.000000000000e+01  4.705434701602e-07
    1300  2.080000000000e+01  5.045010247617e-07
    1350  2.160000000000e+01  5.422382911846e-07
    1400  2.240000000000e+01  5.843570600461e-07
    1450  2.320000000000e+01  6.315246233735e-07
    1500  2.400000000000e+01  6.844777091508e-07
    1550  2.480000000000e+01  7.440315000773e-07
    1600  2.560000000000e+01  8.110817514839e-07
    1650  2.640000000000e+01  8.866097342963e-07
    1700  2.720000000000e+01  9.716852588104e-07
    1750  2.800000000000e+01  1.067470643434e-06
    1800  2.880000000000e+01  1.175228131783e-06
    1850  2.960000000000e+01  1.296323682454e-06
    1900  3.040000000000e+01  1.432232694859e-06
    1950  3.120000000000e+01  1.584542283023e-06
    2000  3.200000000000e+01  1.754955310851e-06
    2050  3.280000000000e+01  1.945293219258e-06
    2100  3.360000000000e+01  2.157503239980e-06
    2150  3.440000000000e+01  2.393657103555e-06
    2200  3.520000000000e+01  2.655959377262e-06
    2250  3.600000000000e+01  2.946751535227e-06
    2300  3.680000000000e+01  3.268512651311e-06
    2350  3.760000000000e+01  3.623863265578e-06
    2400  3.840000000000e+01  4.015570830102e-06
    2450  3.920000000000e+01  4.446549636716e-06
    2500  4.000000000000e+01  4.919865636471e-06
    2550  4.080000000000e+01  5.438731318780e-06
    2600  4.160000000000e+01  6.006519827156e-06
    2650  4.240000000000e+01  6.626753790012e-06
    2700  4.320000000000e+01  7.303116832696e-06
    2750  4.400000000000e+01  8.039463137544e-06
    2800  4.480000000000e+01  8.839809295419e-06
    2850  4.560000000000e+01  9.708334085451e-06
    2900  4.640000000000e+01  1.064939691525e-05
    2950  4.720000000000e+01  1.166753493798e-05
    3000  4.800000000000e+01  1.276745984474e-05
    3050  4.880000000000e+01  1.395406863083e-05
    3100  4.960000000000e+01  1.523244394377e-05
    3150  5.040000000000e+01  1.660784222776e-05
    3200  5.120000000000e+01  1.808570070952e-05
    3250  5.200000000000e+01  1.967163185373e-05
    3300  5.280000000000e+01  2.137139847772e-05
    3350  5.360000000000e+01  2.319092467565e-05
    3400  5.440000000000e+01  2.513629633208e-05
    3450  5.520000000000e+01  2.721375672893e-05
    3500  5.600000000000e+01  2.942970901423e-05
    3550  5.680000000000e+01  3.179068729878e-05
    3600  5.760000000000e+01  3.430337401730e-05
    3650  5.840000000000e+01  3.697462924754e-05
    3700  5.920000000000e+01  3.981145382195e-05
    3750  6.000000000000e+01  4.282097571021e-05
    3800  6.080000000000e+01  4.601045836541e-05
    3850  6.160000000000e+01  4.938734901663e-05
    3900  6.240000000000e+01  5.295921513651e-05
    3950  6.320000000000e+01  5.673378323789e-05
    4000  6.400000000000e+01  6.071893218992e-05
    4050  6.480000000000e+01  6.492264041688e-05
    4100  6.560000000000e+01  6.935300286287e-05
    4150  6.640000000000e+01  7.401820986067e-05
    4200  6.720000000000e+01  7.892654462280e-05
    4250  6.800000000000e+01  8.408633214768e-05
    4300  6.880000000000e+01  8.950595827362e-05
    4350  6.960000000000e+01  9.519385732468e-05
    4400  7.040000000000e+01  1.011584900399e-04
    4450  7.120000000000e+01  1.074083406421e-04
    4500  7.200000000000e+01  1.139519463466e-04
    4550  7.280000000000e+01  1.207979036332e-04
    4600  7.360000000000e+01  1.279548015453e-04
    4650  7.440000000000e+01  1.354312544856e-04
    4700  7.520000000000e+01  1.432358943453e-04
    4750  7.600000000000e+01  1.513774047336e-04
    4800  7.680000000000e+01  1.598643993023e-04
    4850  7.760000000000e+01  1.687054537863e-04
    4900  7.840000000000e+01  1.779090465674e-04
    4950  7.920000000000e+01  1.874836676909e-04
    5000  8.000000000000e+01  1.974376829498e-04
    5050  8.080000000000e+01  2.077793623327e-04
    5100  8.160000000000e+01  2.185167953329e-04
    5150  8.240000000000e+01  2.296579545460e-04
    5200  8.320000000000e+01  2.412107372268e-04
    5250  8.400000000000e+01  2.531828304195e-04
    5300  8.480000000000e+01  2.655818165230e-04
    5350  8.560000000000e+01  2.784150205863e-04
    5400  8.640000000000e+01  2.916895939085e-04
    5450  8.720000000000e+01  3.054125944350e-04
    5500  8.800000000000e+01  3.195908522008e-04
    5550  8.880000000000e+01  3.342309422051e-04
    5600  8.960000000000e+01  3.493392407239e-04
    5650  9.040000000000e+01  3.649219384722e-04
    5700  9.120000000000e+01  3.809847977564e-04
    5750  9.200000000000e+01  3.975332369302e-04
    5800  9.280000000000e+01  4.145723967904e-04
    5850  9.360000000000e+01  4.321070379168e-04
    5900  9.440000000000e+01  4.501415007707e-04
    5950  9.520000000000e+01  4.686797537122e-04
    6000  9.600000000000e+01  4.877253193203e-04
    6050  9.680000000000e+01  5.072812402298e-04
    6100  9.760000000000e+01  5.273503543749e-04
    6150  9.840000000000e+01  5.479350502780e-04
    6200  9.920000000000e+01  5.690373285746e-04
    6250  1.000000000000e+02  5.906585665022e-04
    6300  1.008000000000e+02  6.127998628170e-04
    6350  1.016000000000e+02  6.354618418859e-04
    6400  1.024000000000e+02  6.586447004194e-04
    6450  1.032000000000e+02  6.823482048988e-04
    6500  1.040000000000e+02  7.065715406719e-04
    6550  1.048000000000e+02  7.313133175997e-04
    6600  1.056000000000e+02  7.565717586033e-04
    6650  1.064000000000e+02  7.823445625154e-04
    6700  1.072000000000e+02  8.086289555255e-04
    6750  1.080000000000e+02  8.354214373082e-04
    6800  1.088000000000e+02  8.627180976163e-04
    6850  1.096000000000e+02  8.905141187797e-04
    6900  1.104000000000e+02  9.188043495406e-04
    6950  1.112000000000e+02  9.475828610782e-04
    7000  1.120000000000e+02  9.768430555016e-04
    7050  1.128000000000e+02  1.006577594930e-03
    7100  1.136000000000e+02  1.036778700455e-03
    7150  1.144000000000e+02  1.067437767208e-03
    7200  1.152000000000e+02  1.098545553173e-03
    7250  1.160000000000e+02  1.130092012011e-03
    7300  1.168000000000e+02  1.162066426305e-03
    7350  1.176000000000e+02  1.194457280429e-03
    7400  1.184000000000e+02  1.227252467846e-03
    7450  1.192000000000e+02  1.260439363981e-03
    7500  1.200000000000e+02  1.294004471435e-03
    7550  1.208000000000e+02  1.327933433735e-03
    7600  1.216000000000e+02  1.362211948723e-03
    7650  1.224000000000e+02  1.396824493278e-03
    7700  1.232000000000e+02  1.431754702718e-03
    7750  1.240000000000e+02  1.466986204040e-03
    7800  1.248000000000e+02  1.502501655524e-03
    7850  1.256000000000e+02  1.538282876762e-03
    7900  1.264000000000e+02  1.574311369361e-03
    7950  1.272000000000e+02  1.610568015108e-03
    8000  1.280000000000e+02  1.647032351116e-03
    8050  1.288000000000e+02  1.683683668216e-03
    8100  1.296000000000e+02  1.720501013979e-03
    8150  1.304000000000e+02  1.757461457115e-03
    8200  1.312000000000e+02  1.794541974105e-03
    8250  1.320000000000e+02  1.831718999494e-03
    8300  1.328000000000e+02  1.868968525682e-03
    8350  1.336000000000e+02  1.906266137841e-03
    8400  1.344000000000e+02  1.943586470133e-03
    8450  1.352000000000e+02  1.980903844212e-03
    8500  1.360000000000e+02  2.018191890137e-03
    8550  1.368000000000e+02  2.055423233759e-03
    8600  1.376000000000e+02  2.092570695632e-03
    8650  1.384000000000e+02  2.129605782055e-03
    8700  1.392000000000e+02  2.166500001721e-03
    8750  1.400000000000e+02  2.203223917073e-03
    8800  1.408000000000e+02  2.239747551605e-03
    8850  1.416000000000e+02  2.276041196770e-03
    8900  1.424000000000e+02  2.312074634571e-03
    8950  1.432000000000e+02  2.347817108272e-03
    9000  1.440000000000e+02  2.383238347976e-03
    9050  1.448000000000e+02  2.418307173125e-03
    9100  1.456000000000e+02  2.452992026503e-03
    9150  1.464000000000e+02  2.487262024863e-03
    9200  1.472000000000e+02  2.521085873655e-03
    9250  1.480000000000e+02  2.554431476688e-03
    9300  1.488000000000e+02  2.587267034240e-03
    9350  1.496000000000e+02  2.619560533579e-03
    9400  1.504000000000e+02  2.651279437315e-03
    9450  1.512000000000e+02  2.682390671394e-03
    9500  1.520000000000e+02  2.712861106244e-03
    9550  1.528000000000e+02  2.742658295916e-03
    9600  1.536000000000e+02  2.771748976957e-03
    9650  1.544000000000e+02  2.800100099020e-03
    9700  1.552000000000e+02  2.827678271213e-03
    9750  1.560000000000e+02  2.854450157727e-03
    9800  1.568000000000e+02  2.880382890588e-03
    9850  1.576000000000e+02  2.905444826753e-03
    9900  1.584000000000e+02  2.929603457241e-03
    9950  1.592000000000e+02  2.952825041748e-03
   10000  1.600000000000e+02  2.975077460065e-03
   10050  1.608000000000e+02  2.996329677826e-03
   10100  1.616000000000e+02  3.016550304817e-03
   10150  1.624000000000e+02  3.035708286504e-03
   10200  1.632000000000e+02  3.053774099015e-03
   10250  1.640000000000e+02  3.070718341219e-03
   10300  1.648000000000e+02  3.086511288619e-03
   10350  1.656000000000e+02  3.101124693339e-03
   10400  1.664000000000e+02  3.114531460947e-03
   10450  1.672000000000e+02  3.126703759820e-03
   10500  1.680000000000e+02  3.137615442967e-03
   10550  1.688000000000e+02  3.147241041475e-03
   10600  1.696000000000e+02  3.155556930572e-03
   10650  1.704000000000e+02  3.162538881653e-03
   10700  1.712000000000e+02  3.168163844493e-03
   10750  1.720000000000e+02  3.172410491056e-03
   10800  1.728000000000e+02  3.175257919878e-03
   10850  1.736000000000e+02  3.176686975905e-03
   10900  1.744000000000e+02  3.176678680378e-03
   10950  1.752000000000e+02  3.175215654045e-03
   11000  1.760000000000e+02  3.172280839768e-03
   11050  1.768000000000e+02  3.167860023112e-03
   11100  1.776000000000e+02  3.161938780021e-03
   11150  1.784000000000e+02  3.154505143297e-03
   11200  1.792000000000e+02  3.145547238674e-03
   11250  1.800000000000e+02  3.135054906571e-03
   11300  1.808000000000e+02  3.123020631055e-03
   11350  1.816000000000e+02  3.109437383189e-03
   11400  1.824000000000e+02  3.094300066185e-03
   11450  1.832000000000e+02  3.077606279781e-03
   11500  1.840000000000e+02  3.059354877780e-03
   11550  1.848000000000e+02  3.039544237938e-03
   11600  1.856000000000e+02  3.018176258659e-03
   11650  1.864000000000e+02  2.995254754019e-03
   11700  1.872000000000e+02  2.970784301517e-03
   11750  1.880000000000e+02  2.944772416400e-03
   11800  1.888000000000e+02  2.917227098993e-03
   11850  1.896000000000e+02  2.888159343084e-03
   11900  1.904000000000e+02  2.857581852229e-03
   11950  1.912000000000e+02  2.825508227132e-03
   12000  1.920000000000e+02  2.791955829005e-03
   12050  1.928000000000e+02  2.756943658284e-03
   12100  1.936000000000e+02  2.720491068979e-03
   12150  1.944000000000e+02  2.682621106495e-03
   12200  1.952000000000e+02  2.643358943005e-03
   12250  1.960000000000e+02  2.602730951621e-03
   12300  1.968000000000e+02  2.560767332325e-03
   12350  1.976000000000e+02  2.517499553738e-03
   12400  1.984000000000e+02  2.472960967716e-03
   12450  1.992000000000e+02  2.427187394041e-03
   12500  2.000000000000e+02  2.380216788018e-03
   12550  2.008000000000e+02  2.332089526251e-03
   12600  2.016000000000e+02  2.282848929209e-03
   12650  2.024000000000e+02  2.232539941425e-03
   12700  2.032000000000e+02  2.181208350596e-03
   12750  2.040000000000e+02  2.128904612738e-03
   12800  2.048000000000e+02  2.075681377524e-03
   12850  2.056000000000e+02  2.021593038206e-03
   12900  2.064000000000e+02  1.966696255991e-03
   12950  2.072000000000e+02  1.911050396135e-03
   13000  2.080000000000e+02  1.854717171250e-03
   13050  2.088000000000e+02  1.797760445874e-03
   13100  2.096000000000e+02  1.740246389058e-03
   13150  2.104000000000e+02  1.682245009910e-03
   13200  2.112000000000e+02  1.623827594584e-03
   13250  2.120000000000e+02  1.565066873232e-03
   13300  2.128000000000e+02  1.506038773282e-03
   13350  2.136000000000e+02  1.446821571541e-03
   13400  2.144000000000e+02  1.387495864475e-03
   13450  2.152000000000e+02  1.328145007781e-03
   13500  2.160000000000e+02  1.268854075592e-03
   13550  2.168000000000e+02  1.209709986889e-03
   13600  2.176000000000e+02  1.150802707727e-03
   13650  2.184000000000e+02  1.092224015758e-03
   13700  2.192000000000e+02  1.034067530838e-03
   13750  2.200000000000e+02  9.764298561007e-04
   13800  2.208000000000e+02  9.194085329427e-04
   13850  2.216000000000e+02  8.631043753247e-04
   13900  2.224000000000e+02  8.076200281684e-04
   13950  2.232000000000e+02  7.530597382241e-04
   14000  2.240000000000e+02  6.995301055350e-04
   14050  2.248000000000e+02  6.471394637371e-04
   14100  2.256000000000e+02  5.959985984945e-04
   14150  2.264000000000e+02  5.462197028563e-04
   14200  2.272000000000e+02  4.979163276074e-04
   14250  2.280000000000e+02  4.512038813953e-04
   14300  2.288000000000e+02  4.062002112673e-04
   14350  2.296000000000e+02  3.630249560666e-04
   14400  2.304000000000e+02  3.217982484972e-04
   14450  2.312000000000e+02  2.826416270567e-04
   14500  2.320000000000e+02  2.456790449940e-04
   14550  2.328000000000e+02  2.110354562286e-04
   14600  2.336000000000e+02  1.788367403299e-04
   14650  2.344000000000e+02  1.492100187619e-04
   14700  2.352000000000e+02  1.222837930810e-04
   14750  2.360000000000e+02  9.818780562787e-05
   14800  2.368000000000e+02  7.705252224008e-05
   14850  2.376000000000e+02  5.900938940656e-05
   14900  2.384000000000e+02  4.419083677132e-05
   14950  2.392000000000e+02  3.272991270303e-05
   15000  2.400000000000e+02  2.476048614944e-05
   15050  2.408000000000e+02  2.041710515496e-05
   15100  2.416000000000e+02  1.983481527462e-05
   15150  2.424000000000e+02  2.314909573681e-05
   15200  2.432000000000e+02  3.049577527200e-05
   15250  2.440000000000e+02  4.201088318384e-05
   15300  2.448000000000e+02  5.783058556635e-05
   15350  2.456000000000e+02  7.809117932980e-05
   15400  2.464000000000e+02  1.029288811510e-04
   15450  2.472000000000e+02  1.324795151185e-04
   15500  2.480000000000e+02  1.668788161412e-04
   15550  2.488000000000e+02  2.062623218185e-04
   15600  2.496000000000e+02  2.507650789081e-04
   15650  2.504000000000e+02  3.005214498209e-04
   15700  2.512000000000e+02  3.556649983824e-04
   15750  2.520000000000e+02  4.163285402690e-04
   15800  2.528000000000e+02  4.826444659625e-04
   15850  2.536000000000e+02  5.547438138193e-04
   15900  2.544000000000e+02  6.327564051535e-04
   15950  2.552000000000e+02  7.168112155937e-04
   16000  2.560000000000e+02  8.070351264662e-04
   16050  2.568000000000e+02  9.035543773809e-04
   16100  2.576000000000e+02  1.006493104296e-03
   16150  2.584000000000e+02  1.115974111529e-03
   16200  2.592000000000e+02  1.232117953290e-03
   16250  2.600000000000e+02  1.355043784675e-03
   16300  2.608000000000e+02  1.484868871204e-03
   16350  2.616000000000e+02  1.621707497637e-03
   16400  2.624000000000e+02  1.765671798949e-03
   16450  2.632000000000e+02  1.916872753475e-03
   16500  2.640000000000e+02  2.075419388521e-03
   16550  2.648000000000e+02  2.241416661611e-03
   16600  2.656000000000e+02  2.414966384960e-03
   16650  2.664000000000e+02  2.596168434358e-03
   16700  2.672000000000e+02  2.785119959427e-03
   16750  2.680000000000e+02  2.981914131021e-03
   16800  2.688000000000e+02  3.186641003217e-03
   16850  2.696000000000e+02  3.399386678923e-03
   16900  2.704000000000e+02  3.620234616736e-03
   16950  2.712000000000e+02  3.849265735318e-03
   17000  2.720000000000e+02  4.086556377539e-03
   17050  2.728000000000e+02  4.332179054490e-03
   17100  2.736000000000e+02  4.586203719226e-03
   17150  2.744000000000e+02  4.848695923323e-03
   17200  2.752000000000e+02  5.119716873018e-03
   17250  2.760000000000e+02  5.399323729577e-03
   17300  2.768000000000e+02  5.687568790177e-03
   17350  2.776000000000e+02  5.984500311340e-03
   17400  2.784000000000e+02  6.290163419012e-03
   17450  2.792000000000e+02  6.604597709638e-03
   17500  2.800000000000e+02  6.927837613090e-03
   17550  2.808000000000e+02  7.259913308653e-03
   17600  2.816000000000e+02  7.600848150279e-03
   17650  2.824000000000e+02  7.950664412132e-03
   17700  2.832000000000e+02  8.309377689875e-03
   17750  2.840000000000e+02  8.676997944437e-03
   17800  2.848000000000e+02  9.053530419243e-03
   17850  2.856000000000e+02  9.438976613934e-03
   17900  2.864000000000e+02  9.833331241770e-03
   17950  2.872000000000e+02  1.023658210063e-02
   18000  2.880000000000e+02  1.064871223099e-02
   18050  2.888000000000e+02  1.106970089082e-02
   18100  2.896000000000e+02  1.149951933122e-02
   18150  2.904000000000e+02  1.193813191250e-02
   18200  2.912000000000e+02  1.238550177249e-02
   18250  2.920000000000e+02  1.284158533351e-02
   18300  2.928000000000e+02  1.330633301917e-02
   18350  2.936000000000e+02  1.377968778207e-02
   18400  2.944000000000e+02  1.426158850262e-02
   18450  2.952000000000e+02  1.475197058985e-02
   18500  2.960000000000e+02  1.525076042612e-02
   18550  2.968000000000e+02  1.575788168141e-02
   18600  2.976000000000e+02  1.627324201610e-02
   18650  2.984000000000e+02  1.679675175787e-02
   18700  2.992000000000e+02  1.732831792278e-02
   18750  3.000000000000e+02  1.786783502275e-02
   18800  3.008000000000e+02  1.841519457549e-02
   18850  3.016000000000e+02  1.897028366705e-02
   18900  3.024000000000e+02  1.953297899967e-02
   18950  3.032000000000e+02  2.010314930731e-02
   19000  3.040000000000e+02  2.068066187987e-02
   19050  3.048000000000e+02  2.126537891792e-02
   19100  3.056000000000e+02  2.185715076689e-02
   19150  3.064000000000e+02  2.245582875950e-02
   19200  3.072000000000e+02  2.306125095976e-02
   19250  3.080000000000e+02  2.367325233032e-02
   19300  3.088000000000e+02  2.429166468167e-02
   19350  3.096000000000e+02  2.491631340305e-02
   19400  3.104000000000e+02  2.554701647369e-02
   19450  3.112000000000e+02  2.618358402169e-02
   19500  3.120000000000e+02  2.682582235159e-02
   19550  3.128000000000e+02  2.747353376015e-02
   19600  3.136000000000e+02  2.812651174732e-02
   19650  3.144000000000e+02  2.878454764974e-02
   19700  3.152000000000e+02  2.944742497411e-02
   19750  3.160000000000e+02  3.011491921561e-02
   19800  3.168000000000e+02  3.078680696575e-02
   19850  3.176000000000e+02  3.146285364156e-02
   19900  3.184000000000e+02  3.214282113408e-02
   19950  3.192000000000e+02  3.282646418795e-02
   20000  3.200000000000e+02  3.351353609656e-02
   20050  3.208000000000e+02  3.420378422914e-02
   20100  3.216000000000e+02  3.489695246388e-02
   20150  3.224000000000e+02  3.559277050719e-02
   20200  3.232000000000e+02  3.629096679930e-02
   20250  3.240000000000e+02  3.699127279973e-02
   20300  3.248000000000e+02  3.769341929625e-02
   20350  3.256000000000e+02  3.839712274026e-02
   20400  3.264000000000e+02  3.910209523113e-02
   20450  3.272000000000e+02  3.980804804854e-02
   20500  3.280000000000e+02  4.051468877628e-02
   20550  3.288000000000e+02  4.122171921253e-02
   20600  3.296000000000e+02  4.192883986120e-02
   20650  3.304000000000e+02  4.263575288824e-02
   20700  3.312000000000e+02  4.334214702433e-02
   20750  3.320000000000e+02  4.404770338585e-02
   20800  3.328000000000e+02  4.475211511392e-02
   20850  3.336000000000e+02  4.545506801291e-02
   20900  3.344000000000e+02  4.615624698922e-02
   20950  3.352000000000e+02  4.685532552287e-02
   21000  3.360000000000e+02  4.755197831498e-02
   21050  3.368000000000e+02  4.824587708752e-02
   21100  3.376000000000e+02  4.893670122633e-02
   21150  3.384000000000e+02  4.962412280355e-02
   21200  3.392000000000e+02  5.030780422214e-02
   21250  3.400000000000e+02  5.098740477591e-02
   21300  3.408000000000e+02  5.166258865490e-02
   21350  3.416000000000e+02  5.233302248483e-02
   21400  3.424000000000e+02  5.299836375044e-02
   21450  3.432000000000e+02  5.365826923585e-02
   21500  3.440000000000e+02  5.431239953530e-02
   21550  3.448000000000e+02  5.496041841044e-02
   21600  3.456000000000e+02  5.560198664003e-02
   21650  3.464000000000e+02  5.623677145593e-02
   21700  3.472000000000e+02  5.686443544085e-02
   21750  3.480000000000e+02  5.748463454337e-02
   21800  3.488000000000e+02  5.809704047910e-02
   21850  3.496000000000e+02  5.870131768029e-02
   21900  3.504000000000e+02  5.929712630520e-02
   21950  3.512000000000e+02  5.988413386749e-02
   22000  3.520000000000e+02  6.046200506214e-02
   22050  3.528000000000e+02  6.103041101166e-02
   22100  3.536000000000e+02  6.158901401596e-02
   22150  3.544000000000e+02  6.213748869627e-02
   22200  3.552000000000e+02  6.267551687045e-02
   22250  3.560000000000e+02  6.320277933954e-02
   22300  3.568000000000e+02  6.371894798185e-02
   22350  3.576000000000e+02  6.422370891368e-02
   22400  3.584000000000e+02  6.471675616471e-02
   22450  3.592000000000e+02  6.519778751736e-02
   22500  3.600000000000e+02  6.566650256738e-02
   22550  3.608000000000e+02  6.612259305809e-02
   22600  3.616000000000e+02  6.656576257939e-02
   22650  3.624000000000e+02  6.699572281779e-02
   22700  3.632000000000e+02  6.741218870064e-02
   22750  3.640000000000e+02  6.781487649427e-02
   22800  3.648000000000e+02  6.820350032637e-02
   22850  3.656000000000e+02  6.857779289184e-02
   22900  3.664000000000e+02  6.893748587093e-02
   22950  3.672000000000e+02  6.928231852033e-02
   23000  3.680000000000e+02  6.961204620980e-02
   23050  3.688000000000e+02  6.992642562678e-02
   23100  3.696000000000e+02  7.022520878585e-02
   23150  3.704000000000e+02  7.050816163155e-02
   23200  3.712000000000e+02  7.077505835100e-02
   23250  3.720000000000e+02  7.102568183594e-02
   23300  3.728000000000e+02  7.125981390103e-02
   23350  3.736000000000e+02  7.147723897368e-02
   23400  3.744000000000e+02  7.167776006059e-02
   23450  3.752000000000e+02  7.186118802899e-02
   23500  3.760000000000e+02  7.202733817627e-02
   23550  3.768000000000e+02  7.217603122680e-02
   23600  3.776000000000e+02  7.230709811366e-02
   23650  3.784000000000e+02  7.242038034952e-02
   23700  3.792000000000e+02  7.251572933336e-02
   23750  3.800000000000e+02  7.259299926011e-02
   23800  3.808000000000e+02  7.265205835542e-02
   23850  3.816000000000e+02  7.269278668218e-02
   23900  3.824000000000e+02  7.271507153324e-02
   23950  3.832000000000e+02  7.271881257198e-02
   24000  3.840000000000e+02  7.270390777683e-02
   24050  3.848000000000e+02  7.267026643706e-02
   24100  3.856000000000e+02  7.261781008014e-02
   24150  3.864000000000e+02  7.254647734685e-02
   24200  3.872000000000e+02  7.245621444692e-02
   24250  3.880000000000e+02  7.234696725781e-02
   24300  3.888000000000e+02  7.221870136636e-02
   24350  3.896000000000e+02  7.207139067309e-02
   24400  3.904000000000e+02  7.190502979614e-02
   24450  3.912000000000e+02  7.171962154768e-02
   24500  3.920000000000e+02  7.151517129077e-02
   24550  3.928000000000e+02  7.129169255640e-02
   24600  3.936000000000e+02  7.104921553583e-02
   24650  3.944000000000e+02  7.078777863660e-02
   24700  3.952000000000e+02  7.050743315493e-02
   24750  3.960000000000e+02  7.020823653446e-02
   24800  3.968000000000e+02  6.989026575616e-02
   24850  3.976000000000e+02  6.955360359917e-02
   24900  3.984000000000e+02  6.919834390318e-02
   24950  3.992000000000e+02  6.882459987794e-02
   25000  4.000000000000e+02  6.843249994906e-02
   25050  4.008000000000e+02  6.802217478474e-02
   25100  4.016000000000e+02  6.759375589153e-02
   25150  4.024000000000e+02  6.714739808219e-02
   25200  4.032000000000e+02  6.668327337156e-02
   25250  4.040000000000e+02  6.620156379836e-02
   25300  4.048000000000e+02  6.570245724059e-02
   25350  4.056000000000e+02  6.518615476259e-02
   25400  4.064000000000e+02  6.465287039412e-02
   25450  4.072000000000e+02  6.410282240944e-02
   25500  4.080000000000e+02  6.353624997720e-02
   25550  4.088000000000e+02  6.295341488252e-02
   25600  4.096000000000e+02  6.235457205643e-02
   25650  4.104000000000e+02  6.173999433764e-02
   25700  4.112000000000e+02  6.110995650112e-02
   25750  4.120000000000e+02  6.046474714087e-02
   25800  4.128000000000e+02  5.980467551581e-02
   25850  4.136000000000e+02  5.913005934532e-02
   25900  4.144000000000e+02  5.844123054104e-02
   25950  4.152000000000e+02  5.773851991119e-02
   26000  4.160000000000e+02  5.702227054512e-02
   26050  4.168000000000e+02  5.629284043375e-02
   26100  4.176000000000e+02  5.555060481621e-02
   26150  4.184000000000e+02  5.479594281166e-02
   26200  4.192000000000e+02  5.402924119897e-02
   26250  4.200000000000e+02  5.325090589725e-02
   26300  4.208000000000e+02  5.246133900283e-02
   26350  4.216000000000e+02  5.166096493915e-02
   26400  4.224000000000e+02  5.085021620917e-02
   26450  4.232000000000e+02  5.002952590539e-02
   26500  4.240000000000e+02  4.919933778566e-02
   26550  4.248000000000e+02  4.836010235957e-02
   26600  4.256000000000e+02  4.751229253112e-02
   26650  4.264000000000e+02  4.665637782216e-02
   26700  4.272000000000e+02  4.579284110609e-02
   26750  4.280000000000e+02  4.492217975974e-02
   26800  4.288000000000e+02  4.404489821159e-02
   26850  4.296000000000e+02  4.316150511641e-02
   26900  4.304000000000e+02  4.227251156665e-02
   26950  4.312000000000e+02  4.137843970138e-02
   27000  4.320000000000e+02  4.047982443127e-02
   27050  4.328000000000e+02  3.957719541436e-02
   27100  4.336000000000e+02  3.867109673717e-02
   27150  4.344000000000e+02  3.776207826405e-02
   27200  4.352000000000e+02  3.685069102607e-02
   27250  4.360000000000e+02  3.593750011317e-02
   27300  4.368000000000e+02  3.502307164858e-02
   27350  4.376000000000e+02  3.410797694643e-02
   27400  4.384000000000e+02  3.319278683307e-02
   27450  4.392000000000e+02  3.227808985534e-02
   27500  4.400000000000e+02  3.136447964974e-02
   27550  4.408000000000e+02  3.045254563773e-02
   27600  4.416000000000e+02  2.954288166367e-02
   27650  4.424000000000e+02  2.863608603597e-02
   27700  4.432000000000e+02  2.773276707467e-02
   27750  4.440000000000e+02  2.683353137756e-02
   27800  4.448000000000e+02  2.593898234339e-02
   27850  4.456000000000e+02  2.504972681221e-02
   27900  4.464000000000e+02  2.416637578983e-02
   27950  4.472000000000e+02  2.328954888702e-02
   28000  4.480000000000e+02  2.241985558526e-02
   28050  4.488000000000e+02  2.155790853013e-02
   28100  4.496000000000e+02  2.070432478000e-02
   28150  4.504000000000e+02  1.985972106654e-02
   28200  4.512000000000e+02  1.902470992594e-02
   28250  4.520000000000e+02  1.819990239873e-02
   28300  4.528000000000e+02  1.738591355234e-02
   28350  4.536000000000e+02  1.658336034410e-02
   28400  4.544000000000e+02  1.579285634220e-02
   28450  4.552000000000e+02  1.501500994612e-02
   28500  4.560000000000e+02  1.425042581603e-02
   28550  4.568000000000e+02  1.349971183367e-02
   28600  4.576000000000e+02  1.276347043198e-02
   28650  4.584000000000e+02  1.204229734747e-02
   28700  4.592000000000e+02  1.133678197851e-02
   28750  4.600000000000e+02  1.064751444683e-02
   28800  4.608000000000e+02  9.975080478953e-03
   28850  4.616000000000e+02  9.320059798446e-03
   28900  4.624000000000e+02  8.683024987197e-03
   28950  4.632000000000e+02  8.064541805997e-03
   29000  4.640000000000e+02  7.465172721189e-03
   29050  4.648000000000e+02  6.885474566702e-03
   29100  4.656000000000e+02  6.325994657398e-03
   29150  4.664000000000e+02  5.787275456960e-03
   29200  4.672000000000e+02  5.269850057793e-03
   29250  4.680000000000e+02  4.774242204519e-03
   29300  4.688000000000e+02  4.300970775443e-03
   29350  4.696000000000e+02  3.850545630310e-03
   29400  4.704000000000e+02  3.423464789069e-03
   29450  4.712000000000e+02  3.020217975496e-03
   29500  4.720000000000e+02  2.641284529142e-03
   29550  4.728000000000e+02  2.287135336274e-03
   29600  4.736000000000e+02  1.958228859043e-03
   29650  4.744000000000e+02  1.655013923991e-03
   29700  4.752000000000e+02  1.377929139417e-03
   29750  4.760000000000e+02  1.127401056241e-03
   29800  4.768000000000e+02  9.038436406862e-04
   29850  4.776000000000e+02  7.076588224624e-04
   29900  4.784000000000e+02  5.392370845065e-04
   29950  4.792000000000e+02  3.989561796251e-04
   30000  4.800000000000e+02  2.871801260911e-04
   30050  4.808000000000e+02  2.042596102742e-04
   30100  4.816000000000e+02  1.505317192761e-04
   30150  4.824000000000e+02  1.263200573186e-04
   30200  4.832000000000e+02  1.319338556581e-04
   30250  4.840000000000e+02  1.676680874686e-04
   30300  4.848000000000e+02  2.338030420860e-04
   30350  4.856000000000e+02  3.306036192192e-04
   30400  4.864000000000e+02  4.583201405682e-04
   30450  4.872000000000e+02  6.171870785020e-04
   30500  4.880000000000e+02  8.074238472210e-04
   30550  4.888000000000e+02  1.029234085967e-03
   30600  4.896000000000e+02  1.282804547541e-03
   30650  4.904000000000e+02  1.568306609637e-03
   30700  4.912000000000e+02  1.885894549382e-03
   30750  4.920000000000e+02  2.235705352002e-03
   30800  4.928000000000e+02  2.617859808037e-03
   30850  4.936000000000e+02  3.032462498282e-03
   30900  4.944000000000e+02  3.479600891518e-03
   30950  4.952000000000e+02  3.959343337762e-03
   31000  4.960000000000e+02  4.471743224702e-03
   31050  4.968000000000e+02  5.016835863915e-03
   31100  4.976000000000e+02  5.594638035749e-03
   31150  4.984000000000e+02  6.205146763756e-03
   31200  4.992000000000e+02  6.848343393359e-03
   31250  5.000000000000e+02  7.524190879146e-03
   31300  5.008000000000e+02  8.232633770267e-03
   31350  5.016000000000e+02  8.973600128749e-03
   31400  5.024000000000e+02  9.746998662116e-03
   31450  5.032000000000e+02  1.055271839666e-02
   31500  5.040000000000e+02  1.139063200826e-02
   31550  5.048000000000e+02  1.226059746745e-02
   31600  5.056000000000e+02  1.316245398241e-02
   31650  5.064000000000e+02  1.409601965214e-02
   31700  5.072000000000e+02  1.506109704637e-02
   31750  5.080000000000e+02  1.605746748621e-02
   31800  5.088000000000e+02  1.708489559127e-02
   31850  5.096000000000e+02  1.814313011327e-02
   31900  5.104000000000e+02  1.923189834299e-02
   31950  5.112000000000e+02  2.035091094887e-02
   32000  5.120000000000e+02  2.149986013784e-02
   32050  5.128000000000e+02  2.267842473535e-02
   32100  5.136000000000e+02  2.388626360846e-02
   32150  5.144000000000e+02  2.512301906816e-02
   32200  5.152000000000e+02  2.638831595034e-02
   32250  5.160000000000e+02  2.768176739583e-02
   32300  5.168000000000e+02  2.900296573978e-02
   32350  5.176000000000e+02  3.035148641138e-02
   32400  5.184000000000e+02  3.172688424659e-02
   32450  5.192000000000e+02  3.312870068214e-02
   32500  5.200000000000e+02  3.455645730746e-02
   32550  5.208000000000e+02  3.600966209552e-02
   32600  5.216000000000e+02  3.748781033886e-02
   32650  5.224000000000e+02  3.899037728394e-02
   32700  5.232000000000e+02  4.051682990485e-02
   32750  5.240000000000e+02  4.206661398843e-02
   32800  5.248000000000e+02  4.363916389802e-02
   32850  5.256000000000e+02  4.523390640940e-02
   32900  5.264000000000e+02  4.685025054638e-02
   32950  5.272000000000e+02  4.848758244784e-02
   33000  5.280000000000e+02  5.014527761669e-02
   33050  5.288000000000e+02  5.182269883822e-02
   33100  5.296000000000e+02  5.351921099960e-02
   33150  5.304000000000e+02  5.523414707777e-02
   33200  5.312000000000e+02  5.696682749696e-02
   33250  5.320000000000e+02  5.871656955260e-02
   33300  5.328000000000e+02  6.048268361946e-02
   33350  5.336000000000e+02  6.226445485383e-02
   33400  5.344000000000e+02  6.406115802822e-02
   33450  5.352000000000e+02  6.587205921243e-02
   33500  5.360000000000e+02  6.769642416724e-02
   33550  5.368000000000e+02  6.953350469725e-02
   33600  5.376000000000e+02  7.138253452453e-02
   33650  5.384000000000e+02  7.324274099182e-02
   33700  5.392000000000e+02  7.511333989521e-02
   33750  5.400000000000e+02  7.699354434287e-02
   33800  5.408000000000e+02  7.888255759784e-02
   33850  5.416000000000e+02  8.077958336163e-02
   33900  5.424000000000e+02  8.268381509908e-02
   33950  5.432000000000e+02  8.459442723188e-02
   34000  5.440000000000e+02  8.651060001389e-02
   34050  5.448000000000e+02  8.843150275501e-02
   34100  5.456000000000e+02  9.035630449998e-02
   34150  5.464000000000e+02  9.228416169575e-02
   34200  5.472000000000e+02  9.421422798118e-02
   34250  5.480000000000e+02  9.614565019627e-02
   34300  5.488000000000e+02  9.807757811044e-02
   34350  5.496000000000e+02  1.000091598382e-01
   34400  5.504000000000e+02  1.019395303072e-01
   34450  5.512000000000e+02  1.038678382967e-01
   34500  5.520000000000e+02  1.057932187645e-01
   34550  5.528000000000e+02  1.077148112714e-01
   34600  5.536000000000e+02  1.096317432889e-01
   34650  5.544000000000e+02  1.115431511806e-01
   34700  5.552000000000e+02  1.134481615662e-01
   34750  5.560000000000e+02  1.153458967197e-01
   34800  5.568000000000e+02  1.172354885816e-01
   34850  5.576000000000e+02  1.191160723251e-01
   34900  5.584000000000e+02  1.209867971104e-01
   34950  5.592000000000e+02  1.228468048006e-01
   35000  5.600000000000e+02  1.246952347263e-01
   35050  5.608000000000e+02  1.265312274435e-01
   35100  5.616000000000e+02  1.283539275938e-01
   35150  5.624000000000e+02  1.301624940564e-01
   35200  5.632000000000e+02  1.319560763452e-01
   35250  5.640000000000e+02  1.337338314513e-01
   35300  5.648000000000e+02  1.354949402029e-01
   35350  5.656000000000e+02  1.372385587471e-01
   35400  5.664000000000e+02  1.389638703162e-01
   35450  5.672000000000e+02  1.406700573077e-01
   35500  5.680000000000e+02  1.423562968593e-01
   35550  5.688000000000e+02  1.440217909875e-01
   35600  5.696000000000e+02  1.456657497587e-01
   35650  5.704000000000e+02  1.472873887446e-01
   35700  5.712000000000e+02  1.488859377246e-01
   35750  5.720000000000e+02  1.504606407326e-01
   35800  5.728000000000e+02  1.520107374878e-01
   35850  5.736000000000e+02  1.535354925129e-01
   35900  5.744000000000e+02  1.550341719498e-01
   35950  5.752000000000e+02  1.565060496752e-01
   36000  5.760000000000e+02  1.579504047911e-01
   36050  5.768000000000e+02  1.593665327513e-01
   36100  5.776000000000e+02  1.607537449976e-01
   36150  5.784000000000e+02  1.621113701482e-01
   36200  5.792000000000e+02  1.634387502731e-01
   36250  5.800000000000e+02  1.647352387814e-01
   36300  5.808000000000e+02  1.660001975271e-01
   36350  5.816000000000e+02  1.672330014376e-01
   36400  5.824000000000e+02  1.684330550001e-01
   36450  5.832000000000e+02  1.695997689729e-01
   36500  5.840000000000e+02  1.707325711659e-01
   36550  5.848000000000e+02  1.718308910165e-01
   36600  5.856000000000e+02  1.728941851724e-01
   36650  5.864000000000e+02  1.739219350478e-01
   36700  5.872000000000e+02  1.749136302999e-01
   36750  5.880000000000e+02  1.758687677191e-01
   36800  5.888000000000e+02  1.767868591476e-01
   36850  5.896000000000e+02  1.776674466441e-01
   36900  5.904000000000e+02  1.785100832854e-01
   36950  5.912000000000e+02  1.793143449169e-01
   37000  5.920000000000e+02  1.800798211405e-01
   37050  5.928000000000e+02  1.808061201080e-01
   37100  5.936000000000e+02  1.814928676618e-01
   37150  5.944000000000e+02  1.821396984205e-01
   37200  5.952000000000e+02  1.827462727796e-01
   37250  5.960000000000e+02  1.833122749700e-01
   37300  5.968000000000e+02  1.838374042609e-01
   37350  5.976000000000e+02  1.843213831805e-01
   37400  5.984000000000e+02  1.847639431311e-01
   37450  5.992000000000e+02  1.851648352291e-01
   37500  6.000000000000e+02  1.855238440399e-01
   37550  6.008000000000e+02  1.858407722041e-01
   37600  6.016000000000e+02  1.861154341035e-01
   37650  6.024000000000e+02  1.863476693657e-01
   37700  6.032000000000e+02  1.865373241438e-01
   37750  6.040000000000e+02  1.866842705729e-01
   37800  6.048000000000e+02  1.867884124419e-01
   37850  6.056000000000e+02  1.868496709900e-01
   37900  6.064000000000e+02  1.868679766671e-01
   37950  6.072000000000e+02  1.868432743766e-01
   38000  6.080000000000e+02  1.867755433651e-01
   38050  6.088000000000e+02  1.866647874772e-01
   38100  6.096000000000e+02  1.865110191796e-01
   38150  6.104000000000e+02  1.863142788492e-01
   38200  6.112000000000e+02  1.860746372833e-01
   38250  6.120000000000e+02  1.857921880634e-01
   38300  6.128000000000e+02  1.854670249215e-01
   38350  6.136000000000e+02  1.850992781164e-01
   38400  6.144000000000e+02  1.846891030773e-01
   38450  6.152000000000e+02  1.842366661819e-01
   38500  6.160000000000e+02  1.837421377263e-01
   38550  6.168000000000e+02  1.832057202708e-01
   38600  6.176000000000e+02  1.826276460970e-01
   38650  6.184000000000e+02  1.820081679382e-01
   38700  6.192000000000e+02  1.813475471467e-01
   38750  6.200000000000e+02  1.806460652191e-01
   38800  6.208000000000e+02  1.799040380157e-01
   38850  6.216000000000e+02  1.791217943580e-01
   38900  6.224000000000e+02  1.782996913895e-01
   38950  6.232000000000e+02  1.774380985349e-01
   39000  6.240000000000e+02  1.765373971661e-01
   39050  6.248000000000e+02  1.755979903959e-01
   39100  6.256000000000e+02  1.746203112331e-01
   39150  6.264000000000e+02  1.736048045962e-01
   39200  6.272000000000e+02  1.725519375362e-01
   39250  6.280000000000e+02  1.714621886756e-01
   39300  6.288000000000e+02  1.703360592285e-01
   39350  6.296000000000e+02  1.691740635333e-01
   39400  6.304000000000e+02  1.679767436850e-01
   39450  6.312000000000e+02  1.667446494593e-01
   39500  6.320000000000e+02  1.654783379462e-01
   39550  6.328000000000e+02  1.641784050326e-01
   39600  6.336000000000e+02  1.628454635502e-01
   39650  6.344000000000e+02  1.614801438188e-01
   39700  6.352000000000e+02  1.600830849990e-01
   39750  6.360000000000e+02  1.586549330586e-01
   39800  6.368000000000e+02  1.571963615703e-01
   39850  6.376000000000e+02  1.557080664712e-01
   39900  6.384000000000e+02  1.541907561404e-01
   39950  6.392000000000e+02  1.526451281773e-01
   40000  6.400000000000e+02  1.510719060070e-01
   40050  6.408000000000e+02  1.494718199466e-01
   40100  6.416000000000e+02  1.478456229989e-01
   40150  6.424000000000e+02  1.461940880446e-01
   40200  6.432000000000e+02  1.445179929795e-01
   40250  6.440000000000e+02  1.428181249530e-01
   40300  6.448000000000e+02  1.410952899924e-01
   40350  6.456000000000e+02  1.393502997286e-01
   40400  6.464000000000e+02  1.375839862363e-01
   40450  6.472000000000e+02  1.357971844463e-01
   40500  6.480000000000e+02  1.339907377823e-01
   40550  6.488000000000e+02  1.321654926806e-01
   40600  6.496000000000e+02  1.303223134209e-01
   40650  6.504000000000e+02  1.284620702200e-01
   40700  6.512000000000e+02  1.265856526686e-01
   40750  6.520000000000e+02  1.246939517908e-01
   40800  6.528000000000e+02  1.227878591151e-01
   40850  6.536000000000e+02  1.208682756476e-01
   40900  6.544000000000e+02  1.189361133995e-01
   40950  6.552000000000e+02  1.169922870059e-01
   41000  6.560000000000e+02  1.150377195517e-01
   41050  6.568000000000e+02  1.130733408611e-01
   41100  6.576000000000e+02  1.111000764581e-01
   41150  6.584000000000e+02  1.091188632461e-01
   41200  6.592000000000e+02  1.071306372824e-01
   41250  6.600000000000e+02  1.051363444867e-01
   41300  6.608000000000e+02  1.031369181526e-01
   41350  6.616000000000e+02  1.011333033411e-01
   41400  6.624000000000e+02  9.912645414888e-02
   41450  6.632000000000e+02  9.711732335408e-02
   41500  6.640000000000e+02  9.510685510837e-02
   41550  6.648000000000e+02  9.309598973144e-02
   41600  6.656000000000e+02  9.108568038286e-02
   41650  6.664000000000e+02  8.907687733977e-02
   41700  6.672000000000e+02  8.707052384311e-02
   41750  6.680000000000e+02  8.506756943163e-02
   41800  6.688000000000e+02  8.306896035731e-02
   41850  6.696000000000e+02  8.107564104014e-02
   41900  6.704000000000e+02  7.908855134449e-02
   41950  6.712000000000e+02  7.710863148402e-02
   42000  6.720000000000e+02  7.513680674542e-02
   42050  6.728000000000e+02  7.317399229039e-02
   42100  6.736000000000e+02  7.122109619883e-02
   42150  6.744000000000e+02  6.927902882670e-02
   42200  6.752000000000e+02  6.734869584327e-02
   42250  6.760000000000e+02  6.543099722050e-02
   42300  6.768000000000e+02  6.352683542018e-02
   42350  6.776000000000e+02  6.163709614099e-02
   42400  6.784000000000e+02  5.976265184716e-02
   42450  6.792000000000e+02  5.790437288501e-02
   42500  6.800000000000e+02  5.606312563481e-02
   42550  6.808000000000e+02  5.423975777934e-02
   42600  6.816000000000e+02  5.243510463234e-02
   42650  6.824000000000e+02  5.064999636487e-02
   42700  6.832000000000e+02  4.888524249112e-02
   42750  6.840000000000e+02  4.714164245235e-02
   42800  6.848000000000e+02  4.541998984059e-02
   42850  6.856000000000e+02  4.372106133005e-02
   42900  6.864000000000e+02  4.204562327593e-02
   42950  6.872000000000e+02  4.039443200094e-02
   43000  6.880000000000e+02  3.876822583268e-02
   43050  6.888000000000e+02  3.716773689144e-02
   43100  6.896000000000e+02  3.559367493069e-02
   43150  6.904000000000e+02  3.404674244513e-02
   43200  6.912000000000e+02  3.252762086299e-02
   43250  6.920000000000e+02  3.103697042605e-02
   43300  6.928000000000e+02  2.957544417075e-02
   43350  6.936000000000e+02  2.814367419561e-02
   43400  6.944000000000e+02  2.674227596043e-02
   43450  6.952000000000e+02  2.537185117617e-02
   43500  6.960000000000e+02  2.403298365380e-02
   43550  6.968000000000e+02  2.272623913077e-02
   43600  6.976000000000e+02  2.145216228177e-02
   43650  6.984000000000e+02  2.021128176054e-02
   43700  6.992000000000e+02  1.900410880692e-02
   43750  7.000000000000e+02  1.783113698691e-02
   43800  7.008000000000e+02  1.669283845754e-02
   43850  7.016000000000e+02  1.558966875491e-02
   43900  7.024000000000e+02  1.452206571925e-02
   43950  7.032000000000e+02  1.349044307863e-02
   44000  7.040000000000e+02  1.249519255775e-02
   44050  7.048000000000e+02  1.153668821366e-02
   44100  7.056000000000e+02  1.061528725677e-02
   44150  7.064000000000e+02  9.731322375812e-03
   44200  7.072000000000e+02  8.885105916392e-03
   44250  7.080000000000e+02  8.076933396153e-03
   44300  7.088000000000e+02  7.307077465762e-03
   44350  7.096000000000e+02  6.575788199919e-03
   44400  7.104000000000e+02  5.883295557266e-03
   44450  7.112000000000e+02  5.229808664837e-03
   44500  7.120000000000e+02  4.615515896337e-03
   44550  7.128000000000e+02  4.040580960570e-03
   44600  7.136000000000e+02  3.505149231696e-03
   44650  7.144000000000e+02  3.009343332283e-03
   44700  7.152000000000e+02  2.553267268786e-03
   44750  7.160000000000e+02  2.137002371701e-03
   44800  7.168000000000e+02  1.760607299557e-03
   44850  7.176000000000e+02  1.424120168790e-03
   44900  7.184000000000e+02  1.127555918877e-03
   44950  7.192000000000e+02  8.709087216509e-04
   45000  7.200000000000e+02  6.541506973429e-04
   45050  7.208000000000e+02  4.772337063896e-04
   45100  7.216000000000e+02  3.400874298254e-04
   45150  7.224000000000e+02  2.426201830706e-04
   45200  7.232000000000e+02  1.847193609789e-04
   45250  7.240000000000e+02  1.662515007440e-04
   45300  7.248000000000e+02  1.870620557889e-04
   45350  7.256000000000e+02  2.469756574119e-04
   45400  7.264000000000e+02  3.457962692982e-04
   45450  7.272000000000e+02  4.833071422737e-04
   45500  7.280000000000e+02  6.592713760437e-04
   45550  7.288000000000e+02  8.734317428890e-04
   45600  7.296000000000e+02  1.125511235437e-03
   45650  7.304000000000e+02  1.415213372319e-03
   45700  7.312000000000e+02  1.742221992604e-03
   45750  7.320000000000e+02  2.106201925430e-03
   45800  7.328000000000e+02  2.506799515365e-03
   45850  7.336000000000e+02  2.943642110135e-03
   45900  7.344000000000e+02  3.416336369317e-03
   45950  7.352000000000e+02  3.924472792379e-03
   46000  7.360000000000e+02  4.467624504809e-03
   46050  7.368000000000e+02  5.045345539410e-03
   46100  7.376000000000e+02  5.657170805006e-03
   46150  7.384000000000e+02  6.302619817058e-03
   46200  7.392000000000e+02  6.981196399811e-03
   46250  7.400000000000e+02  7.692388667375e-03
   46300  7.408000000000e+02  8.435668359187e-03
   46350  7.416000000000e+02  9.210491053936e-03
   46400  7.424000000000e+02  1.001629664230e-02
   46450  7.432000000000e+02  1.085251181952e-02
   46500  7.440000000000e+02  1.171855234987e-02
   46550  7.448000000000e+02  1.261381460736e-02
   46600  7.456000000000e+02  1.353767936404e-02
   46650  7.464000000000e+02  1.448951420992e-02
   46700  7.472000000000e+02  1.546867648134e-02
   46750  7.480000000000e+02  1.647451277561e-02
   46800  7.488000000000e+02  1.750635680045e-02
   46850  7.496000000000e+02  1.856352930493e-02
   46900  7.504000000000e+02  1.964534155763e-02
   46950  7.512000000000e+02  2.075109312888e-02
   47000  7.520000000000e+02  2.188007142150e-02
   47050  7.528000000000e+02  2.303155986937e-02
   47100  7.536000000000e+02  2.420483045166e-02
   47150  7.544000000000e+02  2.539914664213e-02
   47200  7.552000000000e+02  2.661376197562e-02
   47250  7.560000000000e+02  2.784791973960e-02
   47300  7.568000000000e+02  2.910085997440e-02
   47350  7.576000000000e+02  3.037181686515e-02
   47400  7.584000000000e+02  3.166001489590e-02
   47450  7.592000000000e+02  3.296467926699e-02
   47500  7.600000000000e+02  3.428502253305e-02
   47550  7.608000000000e+02  3.562024991238e-02
   47600  7.616000000000e+02  3.696956348236e-02
   47650  7.624000000000e+02  3.833216560968e-02
   47700  7.632000000000e+02  3.970725152623e-02
   47750  7.640000000000e+02  4.109401853002e-02
   47800  7.648000000000e+02  4.249165977332e-02
   47850  7.656000000000e+02  4.389935738572e-02
   47900  7.664000000000e+02  4.531629107522e-02
   47950  7.672000000000e+02  4.674164991905e-02
   48000  7.680000000000e+02  4.817462242030e-02
   48050  7.688000000000e+02  4.961439563973e-02
   48100  7.696000000000e+02  5.106014386707e-02
   48150  7.704000000000e+02  5.251105204413e-02
   48200  7.712000000000e+02  5.396630412276e-02
   48250  7.720000000000e+02  5.542508418735e-02
   48300  7.728000000000e+02  5.688657714777e-02
   48350  7.736000000000e+02  5.834997092703e-02
   48400  7.744000000000e+02  5.981445803496e-02
   48450  7.752000000000e+02  6.127923045177e-02
   48500  7.760000000000e+02  6.274348805729e-02
   48550  7.768000000000e+02  6.420643577751e-02
   48600  7.776000000000e+02  6.566727271224e-02
   48650  7.784000000000e+02  6.712521134076e-02
   48700  7.792000000000e+02  6.857946684135e-02
   48750  7.800000000000e+02  7.002925713283e-02
   48800  7.808000000000e+02  7.147380391201e-02
   48850  7.816000000000e+02  7.291233114326e-02
   48900  7.824000000000e+02  7.434407084196e-02
   48950  7.832000000000e+02  7.576826840197e-02
   49000  7.840000000000e+02  7.718417354432e-02
   49050  7.848000000000e+02  7.859104093213e-02
   49100  7.856000000000e+02  7.998814488413e-02
   49150  7.864000000000e+02  8.137476316241e-02
   49200  7.872000000000e+02  8.275017898806e-02
   49250  7.880000000000e+02  8.411367777653e-02
   49300  7.888000000000e+02  8.546455618709e-02
   49350  7.896000000000e+02  8.680213056197e-02
   49400  7.904000000000e+02  8.812571990910e-02
   49450  7.912000000000e+02  8.943465006570e-02
   49500  7.920000000000e+02  9.072825393179e-02
   49550  7.928000000000e+02  9.200588469695e-02
   49600  7.936000000000e+02  9.326690853654e-02
   49650  7.944000000000e+02  9.451070381059e-02
   49700  7.952000000000e+02  9.573666027751e-02
   49750  7.960000000000e+02  9.694417374388e-02
   49800  7.968000000000e+02  9.813265589475e-02
   49850  7.976000000000e+02  9.930153237316e-02
   49900  7.984000000000e+02  1.004502406210e-01
   49950  7.992000000000e+02  1.015782361870e-01
   50000  8.000000000000e+02  1.026849817684e-01
   50050  8.008000000000e+02  1.037699469771e-01
   50100  8.016000000000e+02  1.048326248314e-01
   50150  8.024000000000e+02  1.058725225757e-01
   50200  8.032000000000e+02  1.068891629501e-01
   50250  8.040000000000e+02  1.078820816598e-01
   50300  8.048000000000e+02  1.088508275218e-01
   50350  8.056000000000e+02  1.097949597911e-01
   50400  8.064000000000e+02  1.107140596476e-01
   50450  8.072000000000e+02  1.116077280973e-01
   50500  8.080000000000e+02  1.124755715669e-01
   50550  8.088000000000e+02  1.133172094379e-01
   50600  8.096000000000e+02  1.141322852348e-01
   50650  8.104000000000e+02  1.149204623126e-01
   50700  8.112000000000e+02  1.156814165005e-01
   50750  8.120000000000e+02  1.164148382353e-01
   50800  8.128000000000e+02  1.171204257261e-01
   50850  8.136000000000e+02  1.177979089146e-01
   50900  8.144000000000e+02  1.184470369625e-01
   50950  8.152000000000e+02  1.190675618071e-01
   51000  8.160000000000e+02  1.196592476366e-01
   51050  8.168000000000e+02  1.202218823176e-01
   51100  8.176000000000e+02  1.207552672398e-01
   51150  8.184000000000e+02  1.212592314972e-01
   51200  8.192000000000e+02  1.217336132151e-01
   51250  8.200000000000e+02  1.221782587413e-01
   51300  8.208000000000e+02  1.225930353322e-01
   51350  8.216000000000e+02  1.229778303837e-01
   51400  8.224000000000e+02  1.233325496753e-01
   51450  8.232000000000e+02  1.236571045244e-01
   51500  8.240000000000e+02  1.239514310738e-01
   51550  8.248000000000e+02  1.242154788915e-01
   51600  8.256000000000e+02  1.244492084934e-01
   51650  8.264000000000e+02  1.246525949132e-01
   51700  8.272000000000e+02  1.248256465284e-01
   51750  8.280000000000e+02  1.249683783656e-01
   51800  8.288000000000e+02  1.250808195979e-01
   51850  8.296000000000e+02  1.251630077659e-01
   51900  8.304000000000e+02  1.252150032740e-01
   51950  8.312000000000e+02  1.252368800448e-01
   52000  8.320000000000e+02  1.252287276346e-01
   52050  8.328000000000e+02  1.251906420897e-01
   52100  8.336000000000e+02  1.251227265473e-01
   52150  8.344000000000e+02  1.250251051102e-01
   52200  8.352000000000e+02  1.248979187432e-01
   52250  8.360000000000e+02  1.247413341756e-01
   52300  8.368000000000e+02  1.245555294979e-01
   52350  8.376000000000e+02  1.243406985848e-01
   52400  8.384000000000e+02  1.240970418036e-01
   52450  8.392000000000e+02  1.238247629737e-01
   52500  8.400000000000e+02  1.235240860798e-01
   52550  8.408000000000e+02  1.231952451792e-01
   52600  8.416000000000e+02  1.228384816249e-01
   52650  8.424000000000e+02  1.224540617673e-01
   52700  8.432000000000e+02  1.220422601170e-01
   52750  8.440000000000e+02  1.216033639731e-01
   52800  8.448000000000e+02  1.211376700567e-01
   52850  8.456000000000e+02  1.206454913007e-01
   52900  8.464000000000e+02  1.201271494143e-01
   52950  8.472000000000e+02  1.195829698862e-01
   53000  8.480000000000e+02  1.190133057139e-01
   53050  8.488000000000e+02  1.184185214628e-01
   53100  8.496000000000e+02  1.177989867348e-01
   53150  8.504000000000e+02  1.171550774829e-01
   53200  8.512000000000e+02  1.164871809298e-01
   53250  8.520000000000e+02  1.157957072593e-01
   53300  8.528000000000e+02  1.150810620891e-01
   53350  8.536000000000e+02  1.143436632840e-01
   53400  8.544000000000e+02  1.135839391895e-01
   53450  8.552000000000e+02  1.128023289396e-01
   53500  8.560000000000e+02  1.119992836980e-01
   53550  8.568000000000e+02  1.111752681697e-01
   53600  8.576000000000e+02  1.103307395507e-01
   53650  8.584000000000e+02  1.094661705206e-01
   53700  8.592000000000e+02  1.085820401889e-01
   53750  8.600000000000e+02  1.076788340059e-01
   53800  8.608000000000e+02  1.067570329144e-01
   53850  8.616000000000e+02  1.058171380044e-01
   53900  8.624000000000e+02  1.048596555898e-01
   53950  8.632000000000e+02  1.038851030853e-01
   54000  8.640000000000e+02  1.028939974069e-01
   54050  8.648000000000e+02  1.018868533213e-01
   54100  8.656000000000e+02  1.008642013537e-01
   54150  8.664000000000e+02  9.982656786078e-02
   54200  8.672000000000e+02  9.877449010383e-02
   54250  8.680000000000e+02  9.770849996073e-02
   54300  8.688000000000e+02  9.662913973020e-02
   54350  8.696000000000e+02  9.553694957629e-02
   54400  8.704000000000e+02  9.443248121503e-02
   54450  8.712000000000e+02  9.331628447658e-02
   54500  8.720000000000e+02  9.218891444439e-02
   54550  8.728000000000e+02  9.105091642970e-02
   54600  8.736000000000e+02  8.990284340670e-02
   54650  8.744000000000e+02  8.874524764300e-02
   54700  8.752000000000e+02  8.757868874708e-02
   54750  8.760000000000e+02  8.640372800583e-02
   54800  8.768000000000e+02  8.522091462246e-02
   54850  8.776000000000e+02  8.403080522137e-02
   54900  8.784000000000e+02  8.283395787164e-02
   54950  8.792000000000e+02  8.163092717780e-02
   55000  8.800000000000e+02  8.042226608637e-02
   55050  8.808000000000e+02  7.920852281469e-02
   55100  8.816000000000e+02  7.799024303876e-02
   55150  8.824000000000e+02  7.676797769956e-02
   55200  8.832000000000e+02  7.554227481628e-02
   55250  8.840000000000e+02  7.431367822017e-02
   55300  8.848000000000e+02  7.308272593331e-02
   55350  8.856000000000e+02  7.184995144232e-02
   55400  8.864000000000e+02  7.061588668063e-02
   55450  8.872000000000e+02  6.938106560609e-02
   55500  8.880000000000e+02  6.814601454641e-02
   55550  8.888000000000e+02  6.691125542815e-02
   55600  8.896000000000e+02  6.567730495090e-02
   55650  8.904000000000e+02  6.444467856023e-02
   55700  8.912000000000e+02  6.321387467429e-02
   55750  8.920000000000e+02  6.198539828664e-02
   55800  8.928000000000e+02  6.075974727700e-02
   55850  8.936000000000e+02  5.953741293861e-02
   55900  8.944000000000e+02  5.831887216305e-02
   55950  8.952000000000e+02  5.710460067375e-02
   56000  8.960000000000e+02  5.589507093457e-02
   56050  8.968000000000e+02  5.469074699406e-02
   56100  8.976000000000e+02  5.349208888349e-02
   56150  8.984000000000e+02  5.229954925555e-02
   56200  8.992000000000e+02  5.111357220037e-02
   56250  9.000000000000e+02  4.993458357741e-02
   56300  9.008000000000e+02  4.876301416173e-02
   56350  9.016000000000e+02  4.759928698926e-02
   56400  9.024000000000e+02  4.644381740957e-02
   56450  9.032000000000e+02  4.529701252926e-02
   56500  9.040000000000e+02  4.415926815793e-02
   56550  9.048000000000e+02  4.303096869732e-02
   56600  9.056000000000e+02  4.191249367329e-02
   56650  9.064000000000e+02  4.080421953080e-02
   56700  9.072000000000e+02  3.970650821093e-02
   56750  9.080000000000e+02  3.861971814643e-02
   56800  9.088000000000e+02  3.754419293711e-02
   56850  9.096000000000e+02  3.648026535449e-02
   56900  9.104000000000e+02  3.542825862210e-02
   56950  9.112000000000e+02  3.438849125916e-02
   57000  9.120000000000e+02  3.336127050479e-02
   57050  9.128000000000e+02  3.234689352839e-02
   57100  9.136000000000e+02  3.134565069670e-02
   57150  9.144000000000e+02  3.035781972625e-02
   57200  9.152000000000e+02  2.938366528633e-02
   57250  9.160000000000e+02  2.842343668600e-02
   57300  9.168000000000e+02  2.747738062234e-02
   57350  9.176000000000e+02  2.654574103549e-02
   57400  9.184000000000e+02  2.562874321125e-02
   57450  9.192000000000e+02  2.472660030510e-02
   57500  9.200000000000e+02  2.383951618835e-02
   57550  9.208000000000e+02  2.296768845890e-02
   57600  9.216000000000e+02  2.211130699764e-02
   57650  9.224000000000e+02  2.127055447608e-02
   57700  9.232000000000e+02  2.044559752841e-02
   57750  9.240000000000e+02  1.963658833376e-02
   57800  9.248000000000e+02  1.884367252067e-02
   57850  9.256000000000e+02  1.806698590435e-02
   57900  9.264000000000e+02  1.730664857654e-02
   57950  9.272000000000e+02  1.656277344551e-02
   58000  9.280000000000e+02  1.583546592478e-02
   58050  9.288000000000e+02  1.512481912379e-02
   58100  9.296000000000e+02  1.443091287509e-02
   58150  9.304000000000e+02  1.375381988856e-02
   58200  9.312000000000e+02  1.309360638961e-02
   58250  9.320000000000e+02  1.245032677309e-02
   58300  9.328000000000e+02  1.182402365430e-02
   58350  9.336000000000e+02  1.121473096912e-02
   58400  9.344000000000e+02  1.062247522677e-02
   58450  9.352000000000e+02  1.004726694809e-02
   58500  9.360000000000e+02  9.489109947659e-03
   58550  9.368000000000e+02  8.947995821205e-03
   58600  9.376000000000e+02  8.423909089550e-03
   58650  9.384000000000e+02  7.916822259548e-03
   58700  9.392000000000e+02  7.426703231769e-03
   58750  9.400000000000e+02  6.953508932962e-03
   58800  9.408000000000e+02  6.497187062418e-03
   58850  9.416000000000e+02  6.057678262331e-03
   58900  9.424000000000e+02  5.634912943962e-03
   58950  9.432000000000e+02  5.228810801625e-03
   59000  9.440000000000e+02  4.839285561568e-03
   59050  9.448000000000e+02  4.466241091920e-03
   59100  9.456000000000e+02  4.109573388443e-03
   59150  9.464000000000e+02  3.769170555101e-03
   59200  9.472000000000e+02  3.444913280478e-03
   59250  9.480000000000e+02  3.136673910945e-03
   59300  9.488000000000e+02  2.844316722403e-03
   59350  9.496000000000e+02  2.567700705331e-03
   59400  9.504000000000e+02  2.306675722138e-03
   59450  9.512000000000e+02  2.061085199870e-03
   59500  9.520000000000e+02  1.830764735983e-03
   59550  9.528000000000e+02  1.615543996253e-03
   59600  9.536000000000e+02  1.415246815475e-03
   59650  9.544000000000e+02  1.229690417637e-03
   59700  9.552000000000e+02  1.058685993660e-03
   59750  9.560000000000e+02  9.020385666983e-04
   59800  9.568000000000e+02  7.595475580982e-04
   59850  9.576000000000e+02  6.310068357065e-04
   59900  9.584000000000e+02  5.162047542734e-04
   59950  9.592000000000e+02  4.149249272337e-04
   60000  9.600000000000e+02  3.269458479518e-04
   60050  9.608000000000e+02  2.520414028397e-04
   60100  9.616000000000e+02  1.899808813705e-04
   60150  9.624000000000e+02  1.405294134214e-04
   60200  9.632000000000e+02  1.034480147063e-04
   60250  9.640000000000e+02  7.849363452764e-05
   60300  9.648000000000e+02  6.541959152404e-05
   60350  9.656000000000e+02  6.397546800568e-05
   60400  9.664000000000e+02  7.390757443118e-05
   60450  9.672000000000e+02  9.495919614036e-05
   60500  9.680000000000e+02  1.268706537991e-04
   60550  9.688000000000e+02  1.693796002511e-04
   60600  9.696000000000e+02  2.222212510986e-04
   60650  9.704000000000e+02  2.851278553427e-04
   60700  9.712000000000e+02  3.578302184716e-04
   60750  9.720000000000e+02  4.400575424232e-04
   60800  9.728000000000e+02  5.315367547248e-04
   60850  9.736000000000e+02  6.319933061714e-04
   60900  9.744000000000e+02  7.411515201349e-04
   60950  9.752000000000e+02  8.587340884167e-04
   61000  9.760000000000e+02  9.844629137511e-04
   61050  9.768000000000e+02  1.118058199645e-03
   61100  9.776000000000e+02  1.259239786417e-03
   61150  9.784000000000e+02  1.407728128882e-03
   61200  9.792000000000e+02  1.563242719699e-03
   61250  9.800000000000e+02  1.725503499441e-03
   61300  9.808000000000e+02  1.894229180844e-03
   61350  9.816000000000e+02  2.069140515567e-03
   61400  9.824000000000e+02  2.249959297466e-03
   61450  9.832000000000e+02  2.436406835578e-03
   61500  9.840000000000e+02  2.628204741267e-03
   61550  9.848000000000e+02  2.825075631697e-03
   61600  9.856000000000e+02  3.026742911064e-03
   61650  9.864000000000e+02  3.232930419077e-03
   61700  9.872000000000e+02  3.443365074635e-03
   61750  9.880000000000e+02  3.657774708141e-03
   61800  9.888000000000e+02  3.875889393279e-03
   61850  9.896000000000e+02  4.097440955615e-03
   61900  9.904000000000e+02  4.322164324974e-03
   61950  9.912000000000e+02  4.549795197562e-03
   62000  9.920000000000e+02  4.780071697609e-03
   62050  9.928000000000e+02  5.012734619013e-03
   62100  9.936000000000e+02  5.247527194732e-03
   62150  9.944000000000e+02  5.484195150014e-03
   62200  9.952000000000e+02  5.722490315551e-03
   62250  9.960000000000e+02  5.962163960204e-03
   62300  9.968000000000e+02  6.202972017956e-03
   62350  9.976000000000e+02  6.444674897377e-03
   62400  9.984000000000e+02  6.687035063453e-03
   62450  9.992000000000e+02  6.929816486953e-03
   62500  1.000000000000e+03  7.172790504281e-03
   62550  1.000800000000e+03  7.415729769392e-03
   62600  1.001600000000e+03  7.658411364894e-03
   62650  1.002400000000e+03  7.900615310588e-03
   62700  1.003200000000e+03  8.142126281155e-03
   62750  1.004000000000e+03  8.382734557228e-03
   62800  1.004800000000e+03  8.622230499834e-03
   62850  1.005600000000e+03  8.860412971356e-03
   62900  1.006400000000e+03  9.097084791766e-03
   62950  1.007200000000e+03  9.332050846936e-03
   63000  1.008000000000e+03  9.565120757590e-03
   63050  1.008800000000e+03  9.796111555989e-03
   63100  1.009600000000e+03  1.002484444992e-02
   63150  1.010400000000e+03  1.025114564534e-02
   63200  1.011200000000e+03  1.047484507174e-02
   63250  1.012000000000e+03  1.069577591095e-02
   63300  1.012800000000e+03  1.091377796977e-02
   63350  1.013600000000e+03  1.112870024767e-02
   63400  1.014400000000e+03  1.134039196871e-02
   63450  1.015200000000e+03  1.154870547503e-02
   63500  1.016000000000e+03  1.175349609396e-02
   63550  1.016800000000e+03  1.195462892499e-02
   63600  1.017600000000e+03  1.215198119510e-02
   63650  1.018400000000e+03  1.234542481423e-02
   63700  1.019200000000e+03  1.253483559142e-02
   63750  1.020000000000e+03  1.272009786334e-02
   63800  1.020800000000e+03  1.290110183671e-02
   63850  1.021600000000e+03  1.307774117379e-02
   63900  1.022400000000e+03  1.324991723547e-02
   63950  1.023200000000e+03  1.341753322895e-02
   64000  1.024000000000e+03  1.358049866375e-02
   64050  1.024800000000e+03  1.373872839867e-02
   64100  1.025600000000e+03  1.389214002911e-02
   64150  1.026400000000e+03  1.404065755684e-02
   64200  1.027200000000e+03  1.418420990901e-02
   64250  1.028000000000e+03  1.432273112490e-02
   64300  1.028800000000e+03  1.445615869198e-02
   64350  1.029600000000e+03  1.458444009742e-02
   64400  1.030400000000e+03  1.470752579178e-02
   64450  1.031200000000e+03  1.482536564711e-02
   64500  1.032000000000e+03  1.493791672967e-02
   64550  1.032800000000e+03  1.504514177443e-02
   64600  1.033600000000e+03  1.514700820716e-02
   64650  1.034400000000e+03  1.524348756025e-02
   64700  1.035200000000e+03  1.533455454280e-02
   64750  1.036000000000e+03  1.542019178952e-02
   64800  1.036800000000e+03  1.550038294198e-02
   64850  1.037600000000e+03  1.557511506650e-02
   64900  1.038400000000e+03  1.564438257040e-02
   64950  1.039200000000e+03  1.570818303355e-02
   65000  1.040000000000e+03  1.576651760583e-02
   65050  1.040800000000e+03  1.581939170408e-02
   65100  1.041600000000e+03  1.586681548166e-02
   65150  1.042400000000e+03  1.590880145738e-02
   65200  1.043200000000e+03  1.594536511322e-02
   65250  1.044000000000e+03  1.597652665827e-02
   65300  1.044800000000e+03  1.600231037096e-02
   65350  1.045600000000e+03  1.602274580628e-02
   65400  1.046400000000e+03  1.603786445473e-02
   65450  1.047200000000e+03  1.604769984810e-02
   65500  1.048000000000e+03  1.605228911209e-02
   65550  1.048800000000e+03  1.605167144645e-02
   65600  1.049600000000e+03  1.604589216472e-02
   65650  1.050400000000e+03  1.603499816497e-02
   65700  1.051200000000e+03  1.601904210768e-02
   65750  1.052000000000e+03  1.599807763396e-02
   65800  1.052800000000e+03  1.597216082766e-02
   65850  1.053600000000e+03  1.594135177664e-02
   65900  1.054400000000e+03  1.590571307694e-02
   65950  1.055200000000e+03  1.586531054636e-02
   66000  1.056000000000e+03  1.582021383961e-02
   66050  1.056800000000e+03  1.577049202894e-02
   66100  1.057600000000e+03  1.571621753406e-02
   66150  1.058400000000e+03  1.565746740871e-02
   66200  1.059200000000e+03  1.559432037053e-02
   66250  1.060000000000e+03  1.552685340439e-02
   66300  1.060800000000e+03  1.545514573062e-02
   66350  1.061600000000e+03  1.537928323130e-02
   66400  1.062400000000e+03  1.529934921023e-02
   66450  1.063200000000e+03  1.521542738016e-02
   66500  1.064000000000e+03  1.512760784298e-02
   66550  1.064800000000e+03  1.503598209556e-02
   66600  1.065600000000e+03  1.494064258053e-02
   66650  1.066400000000e+03  1.484168219655e-02
   66700  1.067200000000e+03  1.473919432710e-02
   66750  1.068000000000e+03  1.463327162278e-02
   66800  1.068800000000e+03  1.452401204810e-02
   66850  1.069600000000e+03  1.441151299762e-02
   66900  1.070400000000e+03  1.429587279910e-02
   66950  1.071200000000e+03  1.417718948487e-02
   67000  1.072000000000e+03  1.405556270679e-02
   67050  1.072800000000e+03  1.393109415259e-02
   67100  1.073600000000e+03  1.380388645424e-02
   67150  1.074400000000e+03  1.367404010633e-02
   67200  1.075200000000e+03  1.354165977075e-02
   67250  1.076000000000e+03  1.340684960988e-02
   67300  1.076800000000e+03  1.326971095162e-02
   67350  1.077600000000e+03  1.313034681833e-02
   67400  1.078400000000e+03  1.298886311344e-02
   67450  1.079200000000e+03  1.284536293978e-02
   67500  1.080000000000e+03  1.269994637273e-02
   67550  1.080800000000e+03  1.255271794950e-02
   67600  1.081600000000e+03  1.240378027107e-02
   67650  1.082400000000e+03  1.225323296880e-02
   67700  1.083200000000e+03  1.210117727160e-02
   67750  1.084000000000e+03  1.194771565620e-02
   67800  1.084800000000e+03  1.179295003066e-02
   67850  1.085600000000e+03  1.163697875176e-02
   67900  1.086400000000e+03  1.147990169684e-02
   67950  1.087200000000e+03  1.132181653870e-02
   68000  1.088000000000e+03  1.116281709893e-02
   68050  1.088800000000e+03  1.100299988288e-02
   68100  1.089600000000e+03  1.084246128757e-02
   68150  1.090400000000e+03  1.068129130949e-02
   68200  1.091200000000e+03  1.051958238292e-02
   68250  1.092000000000e+03  1.035742435995e-02
   68300  1.092800000000e+03  1.019490653972e-02
   68350  1.093600000000e+03  1.003211468226e-02
   68400  1.094400000000e+03  9.869139383599e-03
   68450  1.095200000000e+03  9.706064746998e-03
   68500  1.096000000000e+03  9.542973943107e-03
   68550  1.096800000000e+03  9.379948331271e-03
   68600  1.097600000000e+03  9.217071342069e-03
   68650  1.098400000000e+03  9.054423403738e-03
   68700  1.099200000000e+03  8.892083035303e-03
   68750  1.100000000000e+03  8.730125630400e-03
   68800  1.100800000000e+03  8.568624656627e-03
   68850  1.101600000000e+03  8.407652167134e-03
   68900  1.102400000000e+03  8.247279529741e-03
   68950  1.103200000000e+03  8.087578471862e-03
   69000  1.104000000000e+03  7.928616511594e-03
   69050  1.104800000000e+03  7.770458795330e-03
   69100  1.105600000000e+03  7.613169311037e-03
   69150  1.106400000000e+03  7.456812067553e-03
   69200  1.107200000000e+03  7.301448818528e-03
   69250  1.108000000000e+03  7.147136232704e-03
   69300  1.108800000000e+03  6.993931311976e-03
   69350  1.109600000000e+03  6.841891727596e-03
   69400  1.110400000000e+03  6.691069866272e-03
   69450  1.111200000000e+03  6.541517872546e-03
   69500  1.112000000000e+03  6.393284509008e-03
   69550  1.112800000000e+03  6.246417318460e-03
   69600  1.113600000000e+03  6.100963753482e-03
   69650  1.114400000000e+03  5.956969089368e-03
   69700  1.115200000000e+03  5.814477851081e-03
   69750  1.116000000000e+03  5.673529728471e-03
   69800  1.116800000000e+03  5.534162934044e-03
   69850  1.117600000000e+03  5.396415297562e-03
   69900  1.118400000000e+03  5.260322952202e-03
   69950  1.119200000000e+03  5.125918275152e-03
   70000  1.120000000000e+03  4.993233011211e-03
   70050  1.120800000000e+03  4.862297957958e-03
   70100  1.121600000000e+03  4.733143162284e-03
   70150  1.122400000000e+03  4.605792851925e-03
   70200  1.123200000000e+03  4.480270801187e-03
   70250  1.124000000000e+03  4.356602707639e-03
   70300  1.124800000000e+03  4.234811147837e-03
   70350  1.125600000000e+03  4.114916392931e-03
   70400  1.126400000000e+03  3.996935351153e-03
   70450  1.127200000000e+03  3.880883773455e-03
   70500  1.128000000000e+03  3.766774973978e-03
   70550  1.128800000000e+03  3.654623166549e-03
   70600  1.129600000000e+03  3.544439401251e-03
   70650  1.130400000000e+03  3.436233679293e-03
   70700  1.131200000000e+03  3.330013849003e-03
   70750  1.132000000000e+03  3.225786702496e-03
   70800  1.132800000000e+03  3.123558302969e-03
   70850  1.133600000000e+03  3.023330489396e-03
   70900  1.134400000000e+03  2.925105049411e-03
   70950  1.135200000000e+03  2.828883709522e-03
   71000  1.136000000000e+03  2.734665143520e-03
   71050  1.136800000000e+03  2.642446649093e-03
   71100  1.137600000000e+03  2.552224594653e-03
   71150  1.138400000000e+03  2.463994183763e-03
   71200  1.139200000000e+03  2.377748732260e-03
   71250  1.140000000000e+03  2.293480701364e-03
   71300  1.140800000000e+03  2.211181803526e-03
   71350  1.141600000000e+03  2.130841830085e-03
   71400  1.142400000000e+03  2.052449076077e-03
   71450  1.143200000000e+03  1.975991140963e-03
   71500  1.144000000000e+03  1.901454223929e-03
   71550  1.144800000000e+03  1.828825146373e-03
   71600  1.145600000000e+03  1.758088589671e-03
   71650  1.146400000000e+03  1.689226443767e-03
   71700  1.147200000000e+03  1.622221178991e-03
   71750  1.148000000000e+03  1.557054605669e-03
   71800  1.148800000000e+03  1.493709171536e-03
   71850  1.149600000000e+03  1.432164915859e-03
   71900  1.150400000000e+03  1.372399965797e-03
   71950  1.151200000000e+03  1.314391432487e-03
   72000  1.152000000000e+03  1.258117283334e-03
   72050  1.152800000000e+03  1.203555167102e-03
   72100  1.153600000000e+03  1.150681467815e-03
   72150  1.154400000000e+03  1.099470778409e-03
   72200  1.155200000000e+03  1.049897620926e-03
   72250  1.156000000000e+03  1.001936458347e-03
   72300  1.156800000000e+03  9.555610465440e-04
   72350  1.157600000000e+03  9.107449158321e-04
   72400  1.158400000000e+03  8.674608188175e-04
   72450  1.159200000000e+03  8.256815544581e-04
   72500  1.160000000000e+03  7.853799845542e-04
   72550  1.160800000000e+03  7.465274344859e-04
   72600  1.161600000000e+03  7.090953563536e-04
   72650  1.162400000000e+03  6.730547752874e-04
   72700  1.163200000000e+03  6.383771011964e-04
   72750  1.164000000000e+03  6.050334593601e-04
   72800  1.164800000000e+03  5.729946212211e-04
   72850  1.165600000000e+03  5.422305748977e-04
   72900  1.166400000000e+03  5.127116858090e-04
   72950  1.167200000000e+03  4.844091105205e-04
   73000  1.168000000000e+03  4.572932313687e-04
   73050  1.168800000000e+03  4.313344582851e-04
   73100  1.169600000000e+03  4.065035629041e-04
   73150  1.170400000000e+03  3.827709813869e-04
   73200  1.171200000000e+03  3.601074636904e-04
   73250  1.172000000000e+03  3.384840902370e-04
   73300  1.172800000000e+03  3.178716446013e-04
   73350  1.173600000000e+03  2.982412211888e-04
   73400  1.174400000000e+03  2.795642411723e-04
   73450  1.175200000000e+03  2.618118160477e-04
   73500  1.176000000000e+03  2.449550529587e-04
   73550  1.176800000000e+03  2.289658005697e-04
   73600  1.177600000000e+03  2.138167590212e-04
   73650  1.178400000000e+03  1.994806970799e-04
   73700  1.179200000000e+03  1.859301780497e-04
   73750  1.180000000000e+03  1.731384224981e-04
   73800  1.180800000000e+03  1.610789061279e-04
   73850  1.181600000000e+03  1.497254270366e-04
   73900  1.182400000000e+03  1.390522167948e-04
   73950  1.183200000000e+03  1.290338360450e-04
   74000  1.184000000000e+03  1.196452279631e-04
   74050  1.184800000000e+03  1.108613222669e-04
   74100  1.185600000000e+03  1.026575045056e-04
   74150  1.186400000000e+03  9.501027236522e-05
   74200  1.187200000000e+03  8.789647561896e-05
   74250  1.188000000000e+03  8.129311727839e-05
   74300  1.188800000000e+03  7.517763647680e-05
   74350  1.189600000000e+03  6.952821978090e-05
   74400  1.190400000000e+03  6.432325436492e-05
   74450  1.191200000000e+03  5.954183929072e-05
   74500  1.192000000000e+03  5.516349329673e-05
   74550  1.192800000000e+03  5.116815551084e-05
   74600  1.193600000000e+03  4.753616759243e-05
   74650  1.194400000000e+03  4.424844443840e-05
   74700  1.195200000000e+03  4.128644365711e-05
   74750  1.196000000000e+03  3.863206814683e-05
   74800  1.196800000000e+03  3.626760608511e-05
   74850  1.197600000000e+03  3.417595814634e-05
   74900  1.198400000000e+03  3.234069986052e-05
   74950  1.199200000000e+03  3.074581487597e-05
   75000  1.200000000000e+03  2.937578827525e-05
   75050  1.200800000000e+03  2.821559594732e-05
   75100  1.201600000000e+03  2.725073678714e-05
   75150  1.202400000000e+03  2.646720814017e-05
   75200  1.203200000000e+03  2.585150485424e-05
   75250  1.204000000000e+03  2.539061634096e-05
   75300  1.204800000000e+03  2.507203582777e-05
   75350  1.205600000000e+03  2.488377445212e-05
   75400  1.206400000000e+03  2.481432576520e-05
   75450  1.207200000000e+03  2.485266390825e-05
   75500  1.208000000000e+03  2.498826655653e-05
   75550  1.208800000000e+03  2.521108062786e-05
   75600  1.209600000000e+03  2.551150707641e-05
   75650  1.210400000000e+03  2.588044796609e-05
   75700  1.211200000000e+03  2.630925237512e-05
   75750  1.212000000000e+03  2.678969257838e-05
   75800  1.212800000000e+03  2.731401843559e-05
   75850  1.213600000000e+03  2.787492846631e-05
   75900  1.214400000000e+03  2.846542410240e-05
   75950  1.215200000000e+03  2.907897933996e-05
   76000  1.216000000000e+03  2.970952117706e-05
   76050  1.216800000000e+03  3.035139833540e-05
   76100  1.217600000000e+03  3.099925320232e-05
   76150  1.218400000000e+03  3.164812618361e-05
   76200  1.219200000000e+03  3.229345108849e-05
   76250  1.220000000000e+03  3.293101232454e-05
   76300  1.220800000000e+03  3.355691913187e-05
   76350  1.221600000000e+03  3.416769571177e-05
   76400  1.222400000000e+03  3.476026192473e-05
   76450  1.223200000000e+03  3.533170118150e-05
   76500  1.224000000000e+03  3.587946145364e-05
   76550  1.224800000000e+03  3.640124361501e-05
   76600  1.225600000000e+03  3.689503124146e-05
   76650  1.226400000000e+03  3.735909741612e-05
   76700  1.227200000000e+03  3.779204838614e-05
   76750  1.228000000000e+03  3.819269371297e-05
   76800  1.228800000000e+03  3.856004829600e-05
   76850  1.229600000000e+03  3.889337289661e-05
   76900  1.230400000000e+03  3.919207963424e-05
   76950  1.231200000000e+03  3.945582191642e-05
   77000  1.232000000000e+03  3.968446580080e-05
   77050  1.232800000000e+03  3.987803058358e-05
   77100  1.233600000000e+03  4.003670184727e-05
   77150  1.234400000000e+03  4.016073302354e-05
   77200  1.235200000000e+03  4.025060425700e-05
   77250  1.236000000000e+03  4.030698873733e-05
   77300  1.236800000000e+03  4.033067929549e-05
   77350  1.237600000000e+03  4.032256859968e-05
   77400  1.238400000000e+03  4.028356392305e-05
   77450  1.239200000000e+03  4.021463664208e-05
   77500  1.240000000000e+03  4.011696954850e-05
   77550  1.240800000000e+03  3.999174914904e-05
   77600  1.241600000000e+03  3.984028401288e-05
   77650  1.242400000000e+03  3.966389422955e-05
   77700  1.243200000000e+03  3.946399536511e-05
   77750  1.244000000000e+03  3.924192923002e-05
   77800  1.244800000000e+03  3.899909293720e-05
   77850  1.245600000000e+03  3.873697680226e-05
   77900  1.246400000000e+03  3.845706585096e-05
   77950  1.247200000000e+03  3.816084974415e-05
   78000  1.248000000000e+03  3.784984002661e-05
   78050  1.248800000000e+03  3.752555681399e-05
   78100  1.249600000000e+03  3.718953740711e-05
   78150  1.250400000000e+03  3.684330815426e-05
   78200  1.251200000000e+03  3.648828924907e-05
   78250  1.252000000000e+03  3.612581908610e-05
   78300  1.252800000000e+03  3.575735676803e-05
   78350  1.253600000000e+03  3.538435221478e-05
   78400  1.254400000000e+03  3.500812769031e-05
   78450  1.255200000000e+03  3.462993122091e-05
   78500  1.256000000000e+03  3.425105047253e-05
   78550  1.256800000000e+03  3.387270273839e-05
   78600  1.257600000000e+03  3.349615788428e-05
   78650  1.258400000000e+03  3.312252353305e-05
   78700  1.259200000000e+03  3.275282224785e-05
   78750  1.260000000000e+03  3.238801667929e-05
   78800  1.260800000000e+03  3.202911147865e-05
   78850  1.261600000000e+03  3.167704908646e-05
   78900  1.262400000000e+03  3.133266148736e-05
   78950  1.263200000000e+03  3.099668798265e-05
   79000  1.264000000000e+03  3.066978539673e-05
   79050  1.264800000000e+03  3.035262243897e-05
   79100  1.265600000000e+03  3.004581604224e-05
   79150  1.266400000000e+03  2.974992920043e-05
   79200  1.267200000000e+03  2.946536055989e-05
   79250  1.268000000000e+03  2.919248474859e-05
   79300  1.268800000000e+03  2.893166459039e-05
   79350  1.269600000000e+03  2.868314507104e-05
   79400  1.270400000000e+03  2.844711856131e-05
   79450  1.271200000000e+03  2.822371180883e-05
   79500  1.272000000000e+03  2.801300405558e-05
   79550  1.272800000000e+03  2.781499037324e-05
   79600  1.273600000000e+03  2.762961937952e-05
   79650  1.274400000000e+03  2.745678094379e-05
   79700  1.275200000000e+03  2.729632433046e-05
   79750  1.276000000000e+03  2.714801890863e-05
   79800  1.276800000000e+03  2.701162290705e-05
   79850  1.277600000000e+03  2.688685703633e-05
   79900  1.278400000000e+03  2.677341032883e-05
   79950  1.279200000000e+03  2.667090154762e-05
   80000  1.280000000000e+03  2.657894082375e-05
   80050  1.280800000000e+03  2.649710686059e-05
   80100  1.281600000000e+03  2.642492426772e-05
   80150  1.282400000000e+03  2.636191420224e-05
   80200  1.283200000000e+03  2.630758665614e-05
   80250  1.284000000000e+03  2.626142931111e-05
   80300  1.284800000000e+03  2.622290203982e-05
   80350  1.285600000000e+03  2.619147423241e-05
   80400  1.286400000000e+03  2.616659906673e-05
   80450  1.287200000000e+03  2.614773087659e-05
   80500  1.288000000000e+03  2.613434386353e-05
   80550  1.288800000000e+03  2.612589937701e-05
   80600  1.289600000000e+03  2.612186670295e-05
   80650  1.290400000000e+03  2.612173165431e-05
   80700  1.291200000000e+03  2.612499592614e-05
   80750  1.292000000000e+03  2.613117831859e-05
   80800  1.292800000000e+03  2.613982804625e-05
   80850  1.293600000000e+03  2.615051994911e-05
   80900  1.294400000000e+03  2.616285935558e-05
   80950  1.295200000000e+03  2.617648692069e-05
   81000  1.296000000000e+03  2.619108225108e-05
   81050  1.296800000000e+03  2.620636489922e-05
   81100  1.297600000000e+03  2.622209817524e-05
   81150  1.298400000000e+03  2.623809303379e-05
   81200  1.299200000000e+03  2.625421011201e-05
   81250  1.300000000000e+03  2.627036278260e-05
   81300  1.300800000000e+03  2.628651795533e-05
   81350  1.301600000000e+03  2.630267234022e-05
   81400  1.302400000000e+03  2.631882541884e-05
   81450  1.303200000000e+03  2.633497625307e-05
   81500  1.304000000000e+03  2.635112470897e-05
   81550  1.304800000000e+03  2.636727112817e-05
   81600  1.305600000000e+03  2.638341550062e-05
   81650  1.306400000000e+03  2.639955872441e-05
   81700  1.307200000000e+03  2.641570131096e-05
   81750  1.308000000000e+03  2.643184523451e-05
   81800  1.308800000000e+03  2.644799198859e-05
   81850  1.309600000000e+03  2.646414235843e-05
   81900  1.310400000000e+03  2.648029601443e-05
   81950  1.311200000000e+03  2.649645176606e-05
   82000  1.312000000000e+03  2.651260863654e-05
   82050  1.312800000000e+03  2.652876536874e-05
   82100  1.313600000000e+03  2.654492140317e-05
   82150  1.314400000000e+03  2.656107607438e-05
   82200  1.315200000000e+03  2.657722907423e-05
   82250  1.316000000000e+03  2.659338074917e-05
   82300  1.316800000000e+03  2.660953180456e-05
   82350  1.317600000000e+03  2.662568318315e-05
   82400  1.318400000000e+03  2.664183513651e-05
   82450  1.319200000000e+03  2.665798802831e-05
   82500  1.320000000000e+03  2.667414213348e-05
   82550  1.320800000000e+03  2.669029674532e-05
   82600  1.321600000000e+03  2.670645152789e-05
   82650  1.322400000000e+03  2.672260559128e-05
   82700  1.323200000000e+03  2.673875876935e-05
   82750  1.324000000000e+03  2.675491132656e-05
   82800  1.324800000000e+03  2.677106364513e-05
   82850  1.325600000000e+03  2.678721604038e-05
   82900  1.326400000000e+03  2.680336819932e-05
   82950  1.327200000000e+03  2.681952044911e-05
   83000  1.328000000000e+03  2.683567262149e-05
   83050  1.328800000000e+03  2.685182466716e-05
   83100  1.329600000000e+03  2.686797627971e-05
   83150  1.330400000000e+03  2.688412735674e-05
   83200  1.331200000000e+03  2.690027801713e-05
   83250  1.332000000000e+03  2.691642838021e-05
   83300  1.332800000000e+03  2.693257913497e-05
   83350  1.333600000000e+03  2.694873085565e-05
   83400  1.334400000000e+03  2.696488392884e-05
   83450  1.335200000000e+03  2.698103800172e-05
   83500  1.336000000000e+03  2.699719277724e-05
   83550  1.336800000000e+03  2.701334812497e-05
   83600  1.337600000000e+03  2.702950358938e-05
   83650  1.338400000000e+03  2.704565945336e-05
   83700  1.339200000000e+03  2.706181557230e-05
   83750  1.340000000000e+03  2.707797177590e-05
   83800  1.340800000000e+03  2.709412761134e-05
   83850  1.341600000000e+03  2.711028275459e-05
   83900  1.342400000000e+03  2.712643771505e-05
   83950  1.343200000000e+03  2.714259235018e-05
   84000  1.344000000000e+03  2.715874710227e-05
   84050  1.344800000000e+03  2.717490180157e-05
   84100  1.345600000000e+03  2.719105658142e-05
   84150  1.346400000000e+03  2.720721159599e-05
   84200  1.347200000000e+03  2.722336645591e-05
   84250  1.348000000000e+03  2.723952152095e-05
   84300  1.348800000000e+03  2.725567633238e-05
   84350  1.349600000000e+03  2.727183049020e-05
   84400  1.350400000000e+03  2.728798371091e-05
   84450  1.351200000000e+03  2.730413593674e-05
   84500  1.352000000000e+03  2.732028781191e-05
   84550  1.352800000000e+03  2.733643970534e-05
   84600  1.353600000000e+03  2.735259192491e-05
   84650  1.354400000000e+03  2.736874429435e-05
   84700  1.355200000000e+03  2.738489656248e-05
   84750  1.356000000000e+03  2.740104866003e-05
   84800  1.356800000000e+03  2.741720096044e-05
   84850  1.357600000000e+03  2.743335358585e-05
   84900  1.358400000000e+03  2.744950679165e-05
   84950  1.359200000000e+03  2.746566007691e-05
   85000  1.360000000000e+03  2.748181313031e-05
   85050  1.360800000000e+03  2.749796583670e-05
   85100  1.361600000000e+03  2.751411781485e-05
   85150  1.362400000000e+03  2.753026922975e-05
   85200  1.363200000000e+03  2.754641992303e-05
   85250  1.364000000000e+03  2.756257040631e-05
   85300  1.364800000000e+03  2.757872069031e-05
   85350  1.365600000000e+03  2.759487118126e-05
   85400  1.366400000000e+03  2.761102193963e-05
   85450  1.367200000000e+03  2.762717279114e-05
   85500  1.368000000000e+03  2.764332373248e-05
   85550  1.368800000000e+03  2.765947461519e-05
   85600  1.369600000000e+03  2.767562516373e-05
   85650  1.370400000000e+03  2.769177554393e-05
   85700  1.371200000000e+03  2.770792558396e-05
   85750  1.372000000000e+03  2.772407544402e-05
   85800  1.372800000000e+03  2.774022523977e-05
   85850  1.373600000000e+03  2.775637530683e-05
   85900  1.374400000000e+03  2.777252549543e-05
   85950  1.375200000000e+03  2.778867576900e-05
   86000  1.376000000000e+03  2.780482601192e-05
   86050  1.376800000000e+03  2.782097654910e-05
   86100  1.377600000000e+03  2.783712723492e-05
   86150  1.378400000000e+03  2.785327817173e-05
   86200  1.379200000000e+03  2.786942926908e-05
   86250  1.380000000000e+03  2.788558080685e-05
   86300  1.380800000000e+03  2.790173332790e-05
   86350  1.381600000000e+03  2.791788644227e-05
   86400  1.382400000000e+03  2.793404036380e-05
   86450  1.383200000000e+03  2.795019501084e-05
   86500  1.384000000000e+03  2.796634979871e-05
   86550  1.384800000000e+03  2.798250450839e-05
   86600  1.385600000000e+03  2.799865882575e-05
   86650  1.386400000000e+03  2.801481277923e-05
   86700  1.387200000000e+03  2.803096658216e-05
   86750  1.388000000000e+03  2.804712036508e-05
   86800  1.388800000000e+03  2.806327437441e-05
   86850  1.389600000000e+03  2.807942879790e-05
   86900  1.390400000000e+03  2.809558397429e-05
   86950  1.391200000000e+03  2.811174001377e-05
   87000  1.392000000000e+03  2.812789665327e-05
   87050  1.392800000000e+03  2.814405366605e-05
   87100  1.393600000000e+03  2.816021044982e-05
   87150  1.394400000000e+03  2.817636656982e-05
   87200  1.395200000000e+03  2.819252152317e-05
   87250  1.396000000000e+03  2.820867540587e-05
   87300  1.396800000000e+03  2.822482854128e-05
   87350  1.397600000000e+03  2.824098149823e-05
   87400  1.398400000000e+03  2.825713439950e-05
   87450  1.399200000000e+03  2.827328770688e-05
   87500  1.400000000000e+03  2.828944189728e-05
   87550  1.400800000000e+03  2.830559662914e-05
   87600  1.401600000000e+03  2.832175172113e-05
   87650  1.402400000000e+03  2.833790658371e-05
   87700  1.403200000000e+03  2.835406113949e-05
   87750  1.404000000000e+03  2.837021531052e-05
   87800  1.404800000000e+03  2.838636893965e-05
   87850  1.405600000000e+03  2.840252221031e-05
   87900  1.406400000000e+03  2.841867523856e-05
   87950  1.407200000000e+03  2.843482839579e-05
   88000  1.408000000000e+03  2.845098179061e-05
   88050  1.408800000000e+03  2.846713540966e-05
   88100  1.409600000000e+03  2.848328897787e-05
   88150  1.410400000000e+03  2.849944208708e-05
   88200  1.411200000000e+03  2.851559457814e-05
   88250  1.412000000000e+03  2.853174634743e-05
   88300  1.412800000000e+03  2.854789792911e-05
   88350  1.413600000000e+03  2.856404958221e-05
   88400  1.414400000000e+03  2.858020138846e-05
   88450  1.415200000000e+03  2.859635320462e-05
   88500  1.416000000000e+03  2.861250543287e-05
   88550  1.416800000000e+03  2.862865838646e-05
   88600  1.417600000000e+03  2.864481150655e-05
   88650  1.418400000000e+03  2.866096428991e-05
   88700  1.419200000000e+03  2.867711624727e-05
   88750  1.420000000000e+03  2.869326770721e-05
   88800  1.420800000000e+03  2.870941891855e-05
   88850  1.421600000000e+03  2.872557000880e-05
   88900  1.422400000000e+03  2.874172114106e-05
   88950  1.423200000000e+03  2.875787185019e-05
   89000  1.424000000000e+03  2.877402251780e-05
   89050  1.424800000000e+03  2.879017334220e-05
   89100  1.425600000000e+03  2.880632472710e-05
   89150  1.426400000000e+03  2.882247618374e-05
   89200  1.427200000000e+03  2.883862767697e-05
   89250  1.428000000000e+03  2.885477881537e-05
   89300  1.428800000000e+03  2.887092980389e-05
   89350  1.429600000000e+03  2.888708075324e-05
   89400  1.430400000000e+03  2.890323166688e-05
   89450  1.431200000000e+03  2.891938241403e-05
   89500  1.432000000000e+03  2.893553266473e-05
   89550  1.432800000000e+03  2.895168250069e-05
   89600  1.433600000000e+03  2.896783223524e-05
   89650  1.434400000000e+03  2.898398196222e-05
   89700  1.435200000000e+03  2.900013155169e-05
   89750  1.436000000000e+03  2.901628110424e-05
   89800  1.436800000000e+03  2.903243106880e-05
   89850  1.437600000000e+03  2.904858180838e-05
   89900  1.438400000000e+03  2.906473349293e-05
   89950  1.439200000000e+03  2.908088592238e-05
   90000  1.440000000000e+03  2.909703885845e-05
   90050  1.440800000000e+03  2.911319193138e-05
   90100  1.441600000000e+03  2.912934535795e-05
   90150  1.442400000000e+03  2.914549969668e-05
   90200  1.443200000000e+03  2.916165503417e-05
   90250  1.444000000000e+03  2.917781141615e-05
   90300  1.444800000000e+03  2.919396811071e-05
   90350  1.445600000000e+03  2.921012496876e-05
   90400  1.446400000000e+03  2.922628187241e-05
   90450  1.447200000000e+03  2.924243879296e-05
   90500  1.448000000000e+03  2.925859587241e-05
   90550  1.448800000000e+03  2.927475272360e-05
   90600  1.449600000000e+03  2.929090921885e-05
   90650  1.450400000000e+03  2.930706511711e-05
   90700  1.451200000000e+03  2.932322027643e-05
   90750  1.452000000000e+03  2.933937494698e-05
   90800  1.452800000000e+03  2.935552906033e-05
   90850  1.453600000000e+03  2.937168243428e-05
   90900  1.454400000000e+03  2.938783512274e-05
   90950  1.455200000000e+03  2.940398765072e-05
   91000  1.456000000000e+03  2.942014063531e-05
   91050  1.456800000000e+03  2.943629389734e-05
   91100  1.457600000000e+03  2.945244703911e-05
   91150  1.458400000000e+03  2.946860027794e-05
   91200  1.459200000000e+03  2.948475311265e-05
   91250  1.460000000000e+03  2.950090552517e-05
   91300  1.460800000000e+03  2.951705749943e-05
   91350  1.461600000000e+03  2.953320901852e-05
   91400  1.462400000000e+03  2.954936074556e-05
   91450  1.463200000000e+03  2.956551235922e-05
   91500  1.464000000000e+03  2.958166428763e-05
   91550  1.464800000000e+03  2.959781629405e-05
   91600  1.465600000000e+03  2.961396823684e-05
   91650  1.466400000000e+03  2.963012034715e-05
   91700  1.467200000000e+03  2.964627270149e-05
   91750  1.468000000000e+03  2.966242551861e-05
   91800  1.468800000000e+03  2.967857864178e-05
   91850  1.469600000000e+03  2.969473193240e-05
   91900  1.470400000000e+03  2.971088533341e-05
   91950  1.471200000000e+03  2.972703883647e-05
   92000  1.472000000000e+03  2.974319276705e-05
   92050  1.472800000000e+03  2.975934670268e-05
   92100  1.473600000000e+03  2.977550010902e-05
   92150  1.474400000000e+03  2.979165280920e-05
   92200  1.475200000000e+03  2.980780500894e-05
   92250  1.476000000000e+03  2.982395741824e-05
   92300  1.476800000000e+03  2.984011008192e-05
   92350  1.477600000000e+03  2.985626342455e-05
   92400  1.478400000000e+03  2.987241687280e-05
   92450  1.479200000000e+03  2.988857032091e-05
   92500  1.480000000000e+03  2.990472348452e-05
   92550  1.480800000000e+03  2.992087638384e-05
   92600  1.481600000000e+03  2.993702887627e-05
   92650  1.482400000000e+03  2.995318075674e-05
   92700  1.483200000000e+03  2.996933246474e-05
   92750  1.484000000000e+03  2.998548447763e-05
   92800  1.484800000000e+03  3.000163671607e-05
   92850  1.485600000000e+03  3.001778903264e-05
