################################################################################
# HEADER
# nspin         1
#%
# nik       186
#  st         1      26
# ust         1      26
# Iter             t            #  iter t Nex(t)  
################################################################################
       0  0.000000000000e+00 -1.321859288694e-14
      50  7.500000000000e-01  6.244692263291e-12
     100  1.500000000000e+00  1.593126186528e-10
     150  2.250000000000e+00  1.952472503119e-09
     200  3.000000000000e+00  1.107300829500e-08
     250  3.750000000000e+00  4.076550756682e-08
     300  4.500000000000e+00  1.148393450404e-07
     350  5.250000000000e+00  2.700501498948e-07
     400  6.000000000000e+00  5.582058076672e-07
     450  6.750000000000e+00  1.048390315013e-06
     500  7.500000000000e+00  1.830485957352e-06
     550  8.250000000000e+00  3.018996963762e-06
     600  9.000000000000e+00  4.757136926450e-06
     650  9.750000000000e+00  7.220451760707e-06
     700  1.050000000000e+01  1.061830073338e-05
     750  1.125000000000e+01  1.519498593670e-05
     800  1.200000000000e+01  2.123009929553e-05
     850  1.275000000000e+01  2.903781759334e-05
     900  1.350000000000e+01  3.896527440909e-05
     950  1.425000000000e+01  5.138475499882e-05
    1000  1.500000000000e+01  6.668448078814e-05
    1050  1.575000000000e+01  8.526731068377e-05
    1100  1.650000000000e+01  1.075489635788e-04
    1150  1.725000000000e+01  1.339519526490e-04
    1200  1.800000000000e+01  1.649000090889e-04
    1250  1.875000000000e+01  2.008106472573e-04
    1300  1.950000000000e+01  2.420834031824e-04
    1350  2.025000000000e+01  2.890839021916e-04
    1400  2.100000000000e+01  3.421287872089e-04
    1450  2.175000000000e+01  4.014714345736e-04
    1500  2.250000000000e+01  4.672945624724e-04
    1550  2.325000000000e+01  5.396968525376e-04
    1600  2.400000000000e+01  6.186749783253e-04
    1650  2.475000000000e+01  7.041049841645e-04
    1700  2.550000000000e+01  7.957366540320e-04
    1750  2.625000000000e+01  8.931933863744e-04
    1800  2.700000000000e+01  9.959736147512e-04
    1850  2.775000000000e+01  1.103450225505e-03
    1900  2.850000000000e+01  1.214863994095e-03
    1950  2.925000000000e+01  1.329321552372e-03
    2000  3.000000000000e+01  1.445791361512e-03
    2050  3.075000000000e+01  1.563100825729e-03
    2100  3.150000000000e+01  1.679953468090e-03
    2150  3.225000000000e+01  1.794940200678e-03
    2200  3.300000000000e+01  1.906554015669e-03
    2250  3.375000000000e+01  2.013212839924e-03
    2300  3.450000000000e+01  2.113276209326e-03
    2350  3.525000000000e+01  2.205067414582e-03
    2400  3.600000000000e+01  2.286897142196e-03
    2450  3.675000000000e+01  2.357097882400e-03
    2500  3.750000000000e+01  2.414057843152e-03
    2550  3.825000000000e+01  2.456258441101e-03
    2600  3.900000000000e+01  2.482315563940e-03
    2650  3.975000000000e+01  2.491013291738e-03
    2700  4.050000000000e+01  2.481334667468e-03
    2750  4.125000000000e+01  2.452500423048e-03
    2800  4.200000000000e+01  2.404015596328e-03
    2850  4.275000000000e+01  2.335725267093e-03
    2900  4.350000000000e+01  2.247861415581e-03
    2950  4.425000000000e+01  2.141077087374e-03
    3000  4.500000000000e+01  2.016475541128e-03
    3050  4.575000000000e+01  1.875636186138e-03
    3100  4.650000000000e+01  1.720640347909e-03
    3150  4.725000000000e+01  1.554102278126e-03
    3200  4.800000000000e+01  1.379192378799e-03
    3250  4.875000000000e+01  1.199648161431e-03
    3300  4.950000000000e+01  1.019780053126e-03
    3350  5.025000000000e+01  8.444682877498e-04
    3400  5.100000000000e+01  6.791490771799e-04
    3450  5.175000000000e+01  5.297930070331e-04
    3500  5.250000000000e+01  4.028789730961e-04
    3550  5.325000000000e+01  3.053609325380e-04
    3600  5.400000000000e+01  2.446209046190e-04
    3650  5.475000000000e+01  2.284139486244e-04
    3700  5.550000000000e+01  2.648051835155e-04
    3750  5.625000000000e+01  3.621010116921e-04
    3800  5.700000000000e+01  5.287732446384e-04
    3850  5.775000000000e+01  7.733731481332e-04
    3900  5.850000000000e+01  1.104434325065e-03
    3950  5.925000000000e+01  1.530365111748e-03
    4000  6.000000000000e+01  2.059341165148e-03
    4050  6.075000000000e+01  2.699191135703e-03
    4100  6.150000000000e+01  3.457275829558e-03
    4150  6.225000000000e+01  4.340371165924e-03
    4200  6.300000000000e+01  5.354536153453e-03
    4250  6.375000000000e+01  6.504979471371e-03
    4300  6.450000000000e+01  7.795945929167e-03
    4350  6.525000000000e+01  9.230613426905e-03
    4400  6.600000000000e+01  1.081099416643e-02
    4450  6.675000000000e+01  1.253782624033e-02
    4500  6.750000000000e+01  1.441047076316e-02
    4550  6.825000000000e+01  1.642682842131e-02
    4600  6.900000000000e+01  1.858324875944e-02
    4650  6.975000000000e+01  2.087446735773e-02
    4700  7.050000000000e+01  2.329355836535e-02
    4750  7.125000000000e+01  2.583190513028e-02
    4800  7.200000000000e+01  2.847920757881e-02
    4850  7.275000000000e+01  3.122349955080e-02
    4900  7.350000000000e+01  3.405116425510e-02
    4950  7.425000000000e+01  3.694696162779e-02
    5000  7.500000000000e+01  3.989408888885e-02
    5050  7.575000000000e+01  4.287429972679e-02
    5100  7.650000000000e+01  4.586801658880e-02
    5150  7.725000000000e+01  4.885446287127e-02
    5200  7.800000000000e+01  5.181181610825e-02
    5250  7.875000000000e+01  5.471737731486e-02
    5300  7.950000000000e+01  5.754773413907e-02
    5350  8.025000000000e+01  6.027898928326e-02
    5400  8.100000000000e+01  6.288696623639e-02
    5450  8.175000000000e+01  6.534744226377e-02
    5500  8.250000000000e+01  6.763641811255e-02
    5550  8.325000000000e+01  6.973036872614e-02
    5600  8.400000000000e+01  7.160649982695e-02
    5650  8.475000000000e+01  7.324300556080e-02
    5700  8.550000000000e+01  7.461934295841e-02
    5750  8.625000000000e+01  7.571652446138e-02
    5800  8.700000000000e+01  7.651739331307e-02
    5850  8.775000000000e+01  7.700688287456e-02
    5900  8.850000000000e+01  7.717226927937e-02
    5950  8.925000000000e+01  7.700341732313e-02
    6000  9.000000000000e+01  7.649303015275e-02
    6050  9.075000000000e+01  7.563690210298e-02
    6100  9.150000000000e+01  7.443415218091e-02
    6150  9.225000000000e+01  7.288738596676e-02
    6200  9.300000000000e+01  7.100283170395e-02
    6250  9.375000000000e+01  6.879046066104e-02
    6300  9.450000000000e+01  6.626407900472e-02
    6350  9.525000000000e+01  6.344139196832e-02
    6400  9.600000000000e+01  6.034406903554e-02
    6450  9.675000000000e+01  5.699775783894e-02
    6500  9.750000000000e+01  5.343203001672e-02
    6550  9.825000000000e+01  4.968030016510e-02
    6600  9.900000000000e+01  4.577968056504e-02
    6650  9.975000000000e+01  4.177082403690e-02
    6700  1.005000000000e+02  3.769773220793e-02
    6750  1.012500000000e+02  3.360748937085e-02
    6800  1.020000000000e+02  2.954997252693e-02
    6850  1.027500000000e+02  2.557750512349e-02
    6900  1.035000000000e+02  2.174446585268e-02
    6950  1.042500000000e+02  1.810685650826e-02
    7000  1.050000000000e+02  1.472183206789e-02
    7050  1.057500000000e+02  1.164721945607e-02
    7100  1.065000000000e+02  8.940988499781e-03
    7150  1.072500000000e+02  6.660679544648e-03
    7200  1.080000000000e+02  4.862807987872e-03
    7250  1.087500000000e+02  3.602242631985e-03
    7300  1.095000000000e+02  2.931569032345e-03
    7350  1.102500000000e+02  2.900448372542e-03
    7400  1.110000000000e+02  3.554979258580e-03
    7450  1.117500000000e+02  4.937073506306e-03
    7500  1.125000000000e+02  7.083854337588e-03
    7550  1.132500000000e+02  1.002708131988e-02
    7600  1.140000000000e+02  1.379260961095e-02
    7650  1.147500000000e+02  1.839990045663e-02
    7700  1.155000000000e+02  2.386158341564e-02
    7750  1.162500000000e+02  3.018307836590e-02
    7800  1.170000000000e+02  3.736226325467e-02
    7850  1.177500000000e+02  4.538921171733e-02
    7900  1.185000000000e+02  5.424605085858e-02
    7950  1.192500000000e+02  6.390688695174e-02
    8000  1.200000000000e+02  7.433779947746e-02
    8050  1.207500000000e+02  8.549696449876e-02
    8100  1.215000000000e+02  9.733480511636e-02
    8150  1.222500000000e+02  1.097942922945e-01
    8200  1.230000000000e+02  1.228113267527e-01
    8250  1.237500000000e+02  1.363151651425e-01
    8300  1.245000000000e+02  1.502289224971e-01
    8350  1.252500000000e+02  1.644701207283e-01
    8400  1.260000000000e+02  1.789512972456e-01
    8450  1.267500000000e+02  1.935806931866e-01
    8500  1.275000000000e+02  2.082629126073e-01
    8550  1.282500000000e+02  2.228996886013e-01
    8600  1.290000000000e+02  2.373906716129e-01
    8650  1.297500000000e+02  2.516342219835e-01
    8700  1.305000000000e+02  2.655282053742e-01
    8750  1.312500000000e+02  2.789708207931e-01
    8800  1.320000000000e+02  2.918614269053e-01
    8850  1.327500000000e+02  3.041013872124e-01
    8900  1.335000000000e+02  3.155948521942e-01
    8950  1.342500000000e+02  3.262495291135e-01
    9000  1.350000000000e+02  3.359774420485e-01
    9050  1.357500000000e+02  3.446956730211e-01
    9100  1.365000000000e+02  3.523270968090e-01
    9150  1.372500000000e+02  3.588010810422e-01
    9200  1.380000000000e+02  3.640541437001e-01
    9250  1.387500000000e+02  3.680306152848e-01
    9300  1.395000000000e+02  3.706832322361e-01
    9350  1.402500000000e+02  3.719737208368e-01
    9400  1.410000000000e+02  3.718733145259e-01
    9450  1.417500000000e+02  3.703632005175e-01
    9500  1.425000000000e+02  3.674349644783e-01
    9550  1.432500000000e+02  3.630909694838e-01
    9600  1.440000000000e+02  3.573446674384e-01
    9650  1.447500000000e+02  3.502208492837e-01
    9700  1.455000000000e+02  3.417558575459e-01
    9750  1.462500000000e+02  3.319977850659e-01
    9800  1.470000000000e+02  3.210065591249e-01
    9850  1.477500000000e+02  3.088539045497e-01
    9900  1.485000000000e+02  2.956232640368e-01
    9950  1.492500000000e+02  2.814095968105e-01
   10000  1.500000000000e+02  2.663191059906e-01
   10050  1.507500000000e+02  2.504688378541e-01
   10100  1.515000000000e+02  2.339861631019e-01
   10150  1.522500000000e+02  2.170081474432e-01
   10200  1.530000000000e+02  1.996807986622e-01
   10250  1.537500000000e+02  1.821581660875e-01
   10300  1.545000000000e+02  1.646013249660e-01
   10350  1.552500000000e+02  1.471772388963e-01
   10400  1.560000000000e+02  1.300574926283e-01
   10450  1.567500000000e+02  1.134168990583e-01
   10500  1.575000000000e+02  9.743191822256e-02
   10550  1.582500000000e+02  8.227895140494e-02
   10600  1.590000000000e+02  6.813256188472e-02
   10650  1.597500000000e+02  5.516360871066e-02
   10700  1.605000000000e+02  4.353732359971e-02
   10750  1.612500000000e+02  3.341133864135e-02
   10800  1.620000000000e+02  2.493371688089e-02
   10850  1.627500000000e+02  1.824100001674e-02
   10900  1.635000000000e+02  1.345632382869e-02
   10950  1.642500000000e+02  1.068765792604e-02
   11000  1.650000000000e+02  1.002619456892e-02
   11050  1.657500000000e+02  1.154492588865e-02
   11100  1.665000000000e+02  1.529744414102e-02
   11150  1.672500000000e+02  2.131699426342e-02
   11200  1.680000000000e+02  2.961581449881e-02
   11250  1.687500000000e+02  4.018476287294e-02
   11300  1.695000000000e+02  5.299324123354e-02
   11350  1.702500000000e+02  6.798940744064e-02
   11400  1.710000000000e+02  8.510066986769e-02
   11450  1.717500000000e+02  1.042344238386e-01
   11500  1.725000000000e+02  1.252790188384e-01
   11550  1.732500000000e+02  1.481049301283e-01
   11600  1.740000000000e+02  1.725660907214e-01
   11650  1.747500000000e+02  1.985013304297e-01
   11700  1.755000000000e+02  2.257359045294e-01
   11750  1.762500000000e+02  2.540830526586e-01
   11800  1.770000000000e+02  2.833456195035e-01
   11850  1.777500000000e+02  3.133177010905e-01
   11900  1.785000000000e+02  3.437863019187e-01
   11950  1.792500000000e+02  3.745329862966e-01
   12000  1.800000000000e+02  4.053355496847e-01
   12050  1.807500000000e+02  4.359696565816e-01
   12100  1.815000000000e+02  4.662104867114e-01
   12150  1.822500000000e+02  4.958344041786e-01
   12200  1.830000000000e+02  5.246207100724e-01
   12250  1.837500000000e+02  5.523533638546e-01
   12300  1.845000000000e+02  5.788226928870e-01
   12350  1.852500000000e+02  6.038270601537e-01
   12400  1.860000000000e+02  6.271744080073e-01
   12450  1.867500000000e+02  6.486837595867e-01
   12500  1.875000000000e+02  6.681865483351e-01
   12550  1.882500000000e+02  6.855278542593e-01
   12600  1.890000000000e+02  7.005675726635e-01
   12650  1.897500000000e+02  7.131813606740e-01
   12700  1.905000000000e+02  7.232613785750e-01
   12750  1.912500000000e+02  7.307169250768e-01
   12800  1.920000000000e+02  7.354750224693e-01
   12850  1.927500000000e+02  7.374809697085e-01
   12900  1.935000000000e+02  7.366988405464e-01
   12950  1.942500000000e+02  7.331120006018e-01
   13000  1.950000000000e+02  7.267235477151e-01
   13050  1.957500000000e+02  7.175566988344e-01
   13100  1.965000000000e+02  7.056551803812e-01
   13150  1.972500000000e+02  6.910835456046e-01
   13200  1.980000000000e+02  6.739274386085e-01
   13250  1.987500000000e+02  6.542937691344e-01
   13300  1.995000000000e+02  6.323107652472e-01
   13350  2.002500000000e+02  6.081279256831e-01
   13400  2.010000000000e+02  5.819157266159e-01
   13450  2.017500000000e+02  5.538651704196e-01
   13500  2.025000000000e+02  5.241870976654e-01
   13550  2.032500000000e+02  4.931113436592e-01
   13600  2.040000000000e+02  4.608857712535e-01
   13650  2.047500000000e+02  4.277750624972e-01
   13700  2.055000000000e+02  3.940592744021e-01
   13750  2.062500000000e+02  3.600321355236e-01
   13800  2.070000000000e+02  3.259991238977e-01
   13850  2.077500000000e+02  2.922752564066e-01
   13900  2.085000000000e+02  2.591826713637e-01
   13950  2.092500000000e+02  2.270479325022e-01
   14000  2.100000000000e+02  1.961989141217e-01
   14050  2.107500000000e+02  1.669614263174e-01
   14100  2.115000000000e+02  1.396554908341e-01
   14150  2.122500000000e+02  1.145912901215e-01
   14200  2.130000000000e+02  9.206492999681e-02
   14250  2.137500000000e+02  7.235410091722e-02
   14300  2.145000000000e+02  5.571374107076e-02
   14350  2.152500000000e+02  4.237183393713e-02
   14400  2.160000000000e+02  3.252551047180e-02
   14450  2.167500000000e+02  2.633761874103e-02
   14500  2.175000000000e+02  2.393389135318e-02
   14550  2.182500000000e+02  2.540083544929e-02
   14600  2.190000000000e+02  3.078439017854e-02
   14650  2.197500000000e+02  4.008937974783e-02
   14700  2.205000000000e+02  5.327975077352e-02
   14750  2.212500000000e+02  7.027954565549e-02
   14800  2.220000000000e+02  9.097455697028e-02
   14850  2.227500000000e+02  1.152145827163e-01
   14900  2.235000000000e+02  1.428161543373e-01
   14950  2.242500000000e+02  1.735656147562e-01
   15000  2.250000000000e+02  2.072224412770e-01
   15050  2.257500000000e+02  2.435226536789e-01
   15100  2.265000000000e+02  2.821821922054e-01
   15150  2.272500000000e+02  3.229001541280e-01
   15200  2.280000000000e+02  3.653617587002e-01
   15250  2.287500000000e+02  4.092410169208e-01
   15300  2.295000000000e+02  4.542030880805e-01
   15350  2.302500000000e+02  4.999064175596e-01
   15400  2.310000000000e+02  5.460047143648e-01
   15450  2.317500000000e+02  5.921489913741e-01
   15500  2.325000000000e+02  6.379897836855e-01
   15550  2.332500000000e+02  6.831796815484e-01
   15600  2.340000000000e+02  7.273761617561e-01
   15650  2.347500000000e+02  7.702446716521e-01
   15700  2.355000000000e+02  8.114619067649e-01
   15750  2.362500000000e+02  8.507192294307e-01
   15800  2.370000000000e+02  8.877259039593e-01
   15850  2.377500000000e+02  9.222120004983e-01
   15900  2.385000000000e+02  9.539307859350e-01
   15950  2.392500000000e+02  9.826605202943e-01
   16000  2.400000000000e+02  1.008205546853e+00
   16050  2.407500000000e+02  1.030396595182e+00
   16100  2.415000000000e+02  1.049090670032e+00
   16150  2.422500000000e+02  1.064170329941e+00
   16200  2.430000000000e+02  1.075542574449e+00
   16250  2.437500000000e+02  1.083137457174e+00
   16300  2.445000000000e+02  1.086906619775e+00
   16350  2.452500000000e+02  1.086821966212e+00
   16400  2.460000000000e+02  1.082874693083e+00
   16450  2.467500000000e+02  1.075074748078e+00
   16500  2.475000000000e+02  1.063450939272e+00
   16550  2.482500000000e+02  1.048051518240e+00
   16600  2.490000000000e+02  1.028945421809e+00
   16650  2.497500000000e+02  1.006223695006e+00
   16700  2.505000000000e+02  9.800010918813e-01
   16750  2.512500000000e+02  9.504177336347e-01
   16800  2.520000000000e+02  9.176408201038e-01
   16850  2.527500000000e+02  8.818660987854e-01
   16900  2.535000000000e+02  8.433190123788e-01
   16950  2.542500000000e+02  8.022555236054e-01
   17000  2.550000000000e+02  7.589622809880e-01
   17050  2.557500000000e+02  7.137562395321e-01
   17100  2.565000000000e+02  6.669835066892e-01
   17150  2.572500000000e+02  6.190175669780e-01
   17200  2.580000000000e+02  5.702568196610e-01
   17250  2.587500000000e+02  5.211215050144e-01
   17300  2.595000000000e+02  4.720502330693e-01
   17350  2.602500000000e+02  4.234961252660e-01
   17400  2.610000000000e+02  3.759226024287e-01
   17450  2.617500000000e+02  3.297989511057e-01
   17500  2.625000000000e+02  2.855955334925e-01
   17550  2.632500000000e+02  2.437787427216e-01
   17600  2.640000000000e+02  2.048055099647e-01
   17650  2.647500000000e+02  1.691174500667e-01
   17700  2.655000000000e+02  1.371345470750e-01
   17750  2.662500000000e+02  1.092486030864e-01
   17800  2.670000000000e+02  8.581673171240e-02
   17850  2.677500000000e+02  6.715519875343e-02
   17900  2.685000000000e+02  5.353399546100e-02
   17950  2.692500000000e+02  4.517248705050e-02
   18000  2.700000000000e+02  4.223633029052e-02
   18050  2.707500000000e+02  4.483574461493e-02
   18100  2.715000000000e+02  5.302507448525e-02
   18150  2.722500000000e+02  6.680344594775e-02
   18200  2.730000000000e+02  8.611626002967e-02
   18250  2.737500000000e+02  1.108573223811e-01
   18300  2.745000000000e+02  1.408714131247e-01
   18350  2.752500000000e+02  1.759571402775e-01
   18400  2.760000000000e+02  2.158700212608e-01
   18450  2.767500000000e+02  2.603257385425e-01
   18500  2.775000000000e+02  3.090035202694e-01
   18550  2.782500000000e+02  3.615496059749e-01
   18600  2.790000000000e+02  4.175807610388e-01
   18650  2.797500000000e+02  4.766880688996e-01
   18700  2.805000000000e+02  5.384409698825e-01
   18750  2.812500000000e+02  6.023913357326e-01
   18800  2.820000000000e+02  6.680779003843e-01
   18850  2.827500000000e+02  7.350312007299e-01
   18900  2.835000000000e+02  8.027792902309e-01
   18950  2.842500000000e+02  8.708545589131e-01
   19000  2.850000000000e+02  9.388018020540e-01
   19050  2.857500000000e+02  1.006187055327e+00
   19100  2.865000000000e+02  1.072606342409e+00
   19150  2.872500000000e+02  1.137692738067e+00
   19200  2.880000000000e+02  1.201119972236e+00
   19250  2.887500000000e+02  1.262601058490e+00
   19300  2.895000000000e+02  1.321881400165e+00
   19350  2.902500000000e+02  1.378727694828e+00
   19400  2.910000000000e+02  1.432915679031e+00
   19450  2.917500000000e+02  1.484220205659e+00
   19500  2.925000000000e+02  1.532409860164e+00
   19550  2.932500000000e+02  1.577246336118e+00
   19600  2.940000000000e+02  1.618487436351e+00
   19650  2.947500000000e+02  1.655892208879e+00
   19700  2.955000000000e+02  1.689227242137e+00
   19750  2.962500000000e+02  1.718273042589e+00
   19800  2.970000000000e+02  1.742829343839e+00
   19850  2.977500000000e+02  1.762718956336e+00
   19900  2.985000000000e+02  1.777791039790e+00
   19950  2.992500000000e+02  1.787924311106e+00
   20000  3.000000000000e+02  1.793030723493e+00
   20050  3.007500000000e+02  1.793058868472e+00
   20100  3.015000000000e+02  1.787996419334e+00
   20150  3.022500000000e+02  1.777871352463e+00
   20200  3.030000000000e+02  1.762752519164e+00
   20250  3.037500000000e+02  1.742749780675e+00
   20300  3.045000000000e+02  1.718013224263e+00
   20350  3.052500000000e+02  1.688730845371e+00
   20400  3.060000000000e+02  1.655124508863e+00
   20450  3.067500000000e+02  1.617444088199e+00
   20500  3.075000000000e+02  1.575959753300e+00
   20550  3.082500000000e+02  1.530952424137e+00
   20600  3.090000000000e+02  1.482703737309e+00
   20650  3.097500000000e+02  1.431488674140e+00
   20700  3.105000000000e+02  1.377573056833e+00
   20750  3.112500000000e+02  1.321216910542e+00
   20800  3.120000000000e+02  1.262682432185e+00
   20850  3.127500000000e+02  1.202244129586e+00
   20900  3.135000000000e+02  1.140198107572e+00
   20950  3.142500000000e+02  1.076868508006e+00
   21000  3.150000000000e+02  1.012609247731e+00
   21050  3.157500000000e+02  9.478002344829e-01
   21100  3.165000000000e+02  8.828386398794e-01
   21150  3.172500000000e+02  8.181271473074e-01
   21200  3.180000000000e+02  7.540622701711e-01
   21250  3.187500000000e+02  6.910257421507e-01
   21300  3.195000000000e+02  6.293806087155e-01
   21350  3.202500000000e+02  5.694717236658e-01
   21400  3.210000000000e+02  5.116287044994e-01
   21450  3.217500000000e+02  4.561688878330e-01
   21500  3.225000000000e+02  4.033981918487e-01
   21550  3.232500000000e+02  3.536087234013e-01
   21600  3.240000000000e+02  3.070731919614e-01
   21650  3.247500000000e+02  2.640371121218e-01
   21700  3.255000000000e+02  2.247105642858e-01
   21750  3.262500000000e+02  1.892613950276e-01
   21800  3.270000000000e+02  1.578113620133e-01
   21850  3.277500000000e+02  1.304356908846e-01
   21900  3.285000000000e+02  1.071657724171e-01
   21950  3.292500000000e+02  8.799371622122e-02
   22000  3.300000000000e+02  7.287733807510e-02
   22050  3.307500000000e+02  6.174444860998e-02
   22100  3.315000000000e+02  5.449594239450e-02
   22150  3.322500000000e+02  5.100755856208e-02
   22200  3.330000000000e+02  5.113050886065e-02
   22250  3.337500000000e+02  5.469150916292e-02
   22300  3.345000000000e+02  6.149285561658e-02
   22350  3.352500000000e+02  7.131312295859e-02
   22400  3.360000000000e+02  8.390873167229e-02
   22450  3.367500000000e+02  9.901623017485e-02
   22500  3.375000000000e+02  1.163548602060e-01
   22550  3.382500000000e+02  1.356290396030e-01
   22600  3.390000000000e+02  1.565306646740e-01
   22650  3.397500000000e+02  1.787416879896e-01
   22700  3.405000000000e+02  2.019377354472e-01
   22750  3.412500000000e+02  2.257932615750e-01
   22800  3.420000000000e+02  2.499879069714e-01
   22850  3.427500000000e+02  2.742126721697e-01
   22900  3.435000000000e+02  2.981747671625e-01
   22950  3.442500000000e+02  3.216006971363e-01
   23000  3.450000000000e+02  3.442379274389e-01
   23050  3.457500000000e+02  3.658559536323e-01
   23100  3.465000000000e+02  3.862471802337e-01
   23150  3.472500000000e+02  4.052270521234e-01
   23200  3.480000000000e+02  4.226327215916e-01
   23250  3.487500000000e+02  4.383206562173e-01
   23300  3.495000000000e+02  4.521651207424e-01
   23350  3.502500000000e+02  4.640592073495e-01
   23400  3.510000000000e+02  4.739183653550e-01
   23450  3.517500000000e+02  4.816846256286e-01
   23500  3.525000000000e+02  4.873287770478e-01
   23550  3.532500000000e+02  4.908491224178e-01
   23600  3.540000000000e+02  4.922676242455e-01
   23650  3.547500000000e+02  4.916254163799e-01
   23700  3.555000000000e+02  4.889789733991e-01
   23750  3.562500000000e+02  4.843968814495e-01
   23800  3.570000000000e+02  4.779566647858e-01
   23850  3.577500000000e+02  4.697418872390e-01
   23900  3.585000000000e+02  4.598403808712e-01
   23950  3.592500000000e+02  4.483438562496e-01
   24000  3.600000000000e+02  4.353485553481e-01
   24050  3.607500000000e+02  4.209568210429e-01
   24100  3.615000000000e+02  4.052793003305e-01
   24150  3.622500000000e+02  3.884374040586e-01
   24200  3.630000000000e+02  3.705654515108e-01
   24250  3.637500000000e+02  3.518118275309e-01
   24300  3.645000000000e+02  3.323381899508e-01
   24350  3.652500000000e+02  3.123160138949e-01
   24400  3.660000000000e+02  2.919214218001e-01
   24450  3.667500000000e+02  2.713304492138e-01
   24500  3.675000000000e+02  2.507162454189e-01
   24550  3.682500000000e+02  2.302482689447e-01
   24600  3.690000000000e+02  2.100927076466e-01
   24650  3.697500000000e+02  1.904135982418e-01
   24700  3.705000000000e+02  1.713742329366e-01
   24750  3.712500000000e+02  1.531382106104e-01
   24800  3.720000000000e+02  1.358693222000e-01
   24850  3.727500000000e+02  1.197297852679e-01
   24900  3.735000000000e+02  1.048767518205e-01
   24950  3.742500000000e+02  9.145782047520e-02
   25000  3.750000000000e+02  7.960666637206e-02
   25050  3.757500000000e+02  6.943968416633e-02
   25100  3.765000000000e+02  6.105395802826e-02
   25150  3.772500000000e+02  5.452648148563e-02
   25200  3.780000000000e+02  4.991434929291e-02
   25250  3.787500000000e+02  4.725548569656e-02
   25300  3.795000000000e+02  4.656940819786e-02
   25350  3.802500000000e+02  4.785767146484e-02
   25400  3.810000000000e+02  5.110382673257e-02
   25450  3.817500000000e+02  5.627292843289e-02
   25500  3.825000000000e+02  6.331079567123e-02
   25550  3.832500000000e+02  7.214341541604e-02
   25600  3.840000000000e+02  8.267687043202e-02
   25650  3.847500000000e+02  9.479801279383e-02
   25700  3.855000000000e+02  1.083760626841e-01
   25750  3.862500000000e+02  1.232652784347e-01
   25800  3.870000000000e+02  1.393084748058e-01
   25850  3.877500000000e+02  1.563406875664e-01
   25900  3.885000000000e+02  1.741922460011e-01
   25950  3.892500000000e+02  1.926907341325e-01
   26000  3.900000000000e+02  2.116620035698e-01
   26050  3.907500000000e+02  2.309308850651e-01
   26100  3.915000000000e+02  2.503220735227e-01
   26150  3.922500000000e+02  2.696613099668e-01
   26200  3.930000000000e+02  2.887771525782e-01
   26250  3.937500000000e+02  3.075037862010e-01
   26300  3.945000000000e+02  3.256847429748e-01
   26350  3.952500000000e+02  3.431766932846e-01
   26400  3.960000000000e+02  3.598522336044e-01
   26450  3.967500000000e+02  3.756009101164e-01
   26500  3.975000000000e+02  3.903286292327e-01
   26550  3.982500000000e+02  4.039561440281e-01
   26600  3.990000000000e+02  4.164172635978e-01
   26650  3.997500000000e+02  4.276572444233e-01
   26700  4.005000000000e+02  4.376320831399e-01
   26750  4.012500000000e+02  4.463087014672e-01
   26800  4.020000000000e+02  4.536653302501e-01
   26850  4.027500000000e+02  4.596913908494e-01
   26900  4.035000000000e+02  4.643865966681e-01
   26950  4.042500000000e+02  4.677594768017e-01
   27000  4.050000000000e+02  4.698256524348e-01
   27050  4.057500000000e+02  4.706059755489e-01
   27100  4.065000000000e+02  4.701245451843e-01
   27150  4.072500000000e+02  4.684069244222e-01
   27200  4.080000000000e+02  4.654792975768e-01
   27250  4.087500000000e+02  4.613690589198e-01
   27300  4.095000000000e+02  4.561068094748e-01
   27350  4.102500000000e+02  4.497290275265e-01
   27400  4.110000000000e+02  4.422805385146e-01
   27450  4.117500000000e+02  4.338162692219e-01
   27500  4.125000000000e+02  4.244016812098e-01
   27550  4.132500000000e+02  4.141111411821e-01
   27600  4.140000000000e+02  4.030239701191e-01
   27650  4.147500000000e+02  3.912193055052e-01
   27700  4.155000000000e+02  3.787716137683e-01
   27750  4.162500000000e+02  3.657483288263e-01
   27800  4.170000000000e+02  3.522099760503e-01
   27850  4.177500000000e+02  3.382124033650e-01
   27900  4.185000000000e+02  3.238104513360e-01
   27950  4.192500000000e+02  3.090617821301e-01
   28000  4.200000000000e+02  2.940295783392e-01
   28050  4.207500000000e+02  2.787837021694e-01
   28100  4.215000000000e+02  2.634006935810e-01
   28150  4.222500000000e+02  2.479632872306e-01
   28200  4.230000000000e+02  2.325598808447e-01
   28250  4.237500000000e+02  2.172837332794e-01
   28300  4.245000000000e+02  2.022318064490e-01
   28350  4.252500000000e+02  1.875029671881e-01
   28400  4.260000000000e+02  1.731954110378e-01
   28450  4.267500000000e+02  1.594034591261e-01
   28500  4.275000000000e+02  1.462143854371e-01
   28550  4.282500000000e+02  1.337058291892e-01
   28600  4.290000000000e+02  1.219440260507e-01
   28650  4.297500000000e+02  1.109827805910e-01
   28700  4.305000000000e+02  1.008632212075e-01
   28750  4.312500000000e+02  9.161434424538e-02
   28800  4.320000000000e+02  8.325406958218e-02
   28850  4.327500000000e+02  7.579061799618e-02
   28900  4.335000000000e+02  6.922378034095e-02
   28950  4.342500000000e+02  6.354579438798e-02
   29000  4.350000000000e+02  5.874187195454e-02
   29050  4.357500000000e+02  5.479057137298e-02
   29100  4.365000000000e+02  5.166401159941e-02
   29150  4.372500000000e+02  4.932779004820e-02
   29200  4.380000000000e+02  4.774076165831e-02
   29250  4.387500000000e+02  4.685522707009e-02
   29300  4.395000000000e+02  4.661795415867e-02
   29350  4.402500000000e+02  4.697200478741e-02
   29400  4.410000000000e+02  4.785903361343e-02
   29450  4.417500000000e+02  4.922169790435e-02
   29500  4.425000000000e+02  5.100582438670e-02
   29550  4.432500000000e+02  5.316198135042e-02
   29600  4.440000000000e+02  5.564629318220e-02
   29650  4.447500000000e+02  5.842051427382e-02
   29700  4.455000000000e+02  6.145139819934e-02
   29750  4.462500000000e+02  6.470926058896e-02
   29800  4.470000000000e+02  6.816586018303e-02
   29850  4.477500000000e+02  7.179230152211e-02
   29900  4.485000000000e+02  7.555792427225e-02
   29950  4.492500000000e+02  7.943070718072e-02
   30000  4.500000000000e+02  8.337885739595e-02
   30050  4.507500000000e+02  8.737279937995e-02
   30100  4.515000000000e+02  9.138684239030e-02
   30150  4.522500000000e+02  9.540008781525e-02
   30200  4.530000000000e+02  9.939659113932e-02
   30250  4.537500000000e+02  1.033650842745e-01
   30300  4.545000000000e+02  1.072986541618e-01
   30350  4.552500000000e+02  1.111944933007e-01
   30400  4.560000000000e+02  1.150533922502e-01
   30450  4.567500000000e+02  1.188785959602e-01
   30500  4.575000000000e+02  1.226739726131e-01
   30550  4.582500000000e+02  1.264419842104e-01
   30600  4.590000000000e+02  1.301822999548e-01
   30650  4.597500000000e+02  1.338915534190e-01
   30700  4.605000000000e+02  1.375640766683e-01
   30750  4.612500000000e+02  1.411928832830e-01
   30800  4.620000000000e+02  1.447703050535e-01
   30850  4.627500000000e+02  1.482882031546e-01
   30900  4.635000000000e+02  1.517377683970e-01
   30950  4.642500000000e+02  1.551088005709e-01
   31000  4.650000000000e+02  1.583884283930e-01
   31050  4.657500000000e+02  1.615595868609e-01
   31100  4.665000000000e+02  1.646000872803e-01
   31150  4.672500000000e+02  1.674829893433e-01
   31200  4.680000000000e+02  1.701784857243e-01
   31250  4.687500000000e+02  1.726566682705e-01
   31300  4.695000000000e+02  1.748902295122e-01
   31350  4.702500000000e+02  1.768563932125e-01
   31400  4.710000000000e+02  1.785380264721e-01
   31450  4.717500000000e+02  1.799242575798e-01
   31500  4.725000000000e+02  1.810109305145e-01
   31550  4.732500000000e+02  1.818008397979e-01
   31600  4.740000000000e+02  1.823030780149e-01
   31650  4.747500000000e+02  1.825308095433e-01
   31700  4.755000000000e+02  1.824980020674e-01
   31750  4.762500000000e+02  1.822165257273e-01
   31800  4.770000000000e+02  1.816943087333e-01
   31850  4.777500000000e+02  1.809343834309e-01
   31900  4.785000000000e+02  1.799348141903e-01
   31950  4.792500000000e+02  1.786900461057e-01
   32000  4.800000000000e+02  1.771935750468e-01
   32050  4.807500000000e+02  1.754407412429e-01
   32100  4.815000000000e+02  1.734304731404e-01
   32150  4.822500000000e+02  1.711660701148e-01
   32200  4.830000000000e+02  1.686558259719e-01
   32250  4.837500000000e+02  1.659137175520e-01
   32300  4.845000000000e+02  1.629593861417e-01
   32350  4.852500000000e+02  1.598168393010e-01
   32400  4.860000000000e+02  1.565123481886e-01
   32450  4.867500000000e+02  1.530725130619e-01
   32500  4.875000000000e+02  1.495226731680e-01
   32550  4.882500000000e+02  1.458853118720e-01
   32600  4.890000000000e+02  1.421786471322e-01
   32650  4.897500000000e+02  1.384163406203e-01
   32700  4.905000000000e+02  1.346087078326e-01
   32750  4.912500000000e+02  1.307647052347e-01
   32800  4.920000000000e+02  1.268936411815e-01
   32850  4.927500000000e+02  1.230061665870e-01
   32900  4.935000000000e+02  1.191145677358e-01
   32950  4.942500000000e+02  1.152324702319e-01
   33000  4.950000000000e+02  1.113741077487e-01
   33050  4.957500000000e+02  1.075534871548e-01
   33100  4.965000000000e+02  1.037836610106e-01
   33150  4.972500000000e+02  1.000761895048e-01
   33200  4.980000000000e+02  9.644078742423e-02
   33250  4.987500000000e+02  9.288518617057e-02
   33300  4.995000000000e+02  8.941527552473e-02
   33350  5.002500000000e+02  8.603551127165e-02
   33400  5.010000000000e+02  8.275201443882e-02
   33450  5.017500000000e+02  7.957245631933e-02
   33500  5.025000000000e+02  7.650262532837e-02
   33550  5.032500000000e+02  7.354834209822e-02
   33600  5.040000000000e+02  7.071685066678e-02
   33650  5.047500000000e+02  6.801676424631e-02
   33700  5.055000000000e+02  6.545730317335e-02
   33750  5.062500000000e+02  6.304716095747e-02
   33800  5.070000000000e+02  6.079369605017e-02
   33850  5.077500000000e+02  5.870208071324e-02
   33900  5.085000000000e+02  5.677496115724e-02
   33950  5.092500000000e+02  5.501253739097e-02
   34000  5.100000000000e+02  5.341276973352e-02
   34050  5.107500000000e+02  5.197205525948e-02
   34100  5.115000000000e+02  5.068627180607e-02
   34150  5.122500000000e+02  4.955190649692e-02
   34200  5.130000000000e+02  4.856698940950e-02
   34250  5.137500000000e+02  4.773147879344e-02
   34300  5.145000000000e+02  4.704726252544e-02
   34350  5.152500000000e+02  4.651804847725e-02
   34400  5.160000000000e+02  4.614913341878e-02
   34450  5.167500000000e+02  4.594716180633e-02
   34500  5.175000000000e+02  4.591983004863e-02
   34550  5.182500000000e+02  4.607544986276e-02
   34600  5.190000000000e+02  4.642257720451e-02
   34650  5.197500000000e+02  4.696994898451e-02
   34700  5.205000000000e+02  4.772670972664e-02
   34750  5.212500000000e+02  4.870265504608e-02
   34800  5.220000000000e+02  4.990817341343e-02
   34850  5.227500000000e+02  5.135395119834e-02
   34900  5.235000000000e+02  5.305057985818e-02
   34950  5.242500000000e+02  5.500801126902e-02
   35000  5.250000000000e+02  5.723473566355e-02
   35050  5.257500000000e+02  5.973679529465e-02
   35100  5.265000000000e+02  6.251692268945e-02
   35150  5.272500000000e+02  6.557401955940e-02
   35200  5.280000000000e+02  6.890284961112e-02
   35250  5.287500000000e+02  7.249385155886e-02
   35300  5.295000000000e+02  7.633322194444e-02
   35350  5.302500000000e+02  8.040355644871e-02
   35400  5.310000000000e+02  8.468482119635e-02
   35450  5.317500000000e+02  8.915534006853e-02
   35500  5.325000000000e+02  9.379274857098e-02
   35550  5.332500000000e+02  9.857477272686e-02
   35600  5.340000000000e+02  1.034798872081e-01
   35650  5.347500000000e+02  1.084877161528e-01
   35700  5.355000000000e+02  1.135790218804e-01
   35750  5.362500000000e+02  1.187357589543e-01
   35800  5.370000000000e+02  1.239412865504e-01
   35850  5.377500000000e+02  1.291803555753e-01
   35900  5.385000000000e+02  1.344389382898e-01
   35950  5.392500000000e+02  1.397044527326e-01
   36000  5.400000000000e+02  1.449663480049e-01
   36050  5.407500000000e+02  1.502161586856e-01
   36100  5.415000000000e+02  1.554465003076e-01
   36150  5.422500000000e+02  1.606497515152e-01
   36200  5.430000000000e+02  1.658179029813e-01
   36250  5.437500000000e+02  1.709439655695e-01
   36300  5.445000000000e+02  1.760239495915e-01
   36350  5.452500000000e+02  1.810582460850e-01
   36400  5.460000000000e+02  1.860518614724e-01
   36450  5.467500000000e+02  1.910134198046e-01
   36500  5.475000000000e+02  1.959530022642e-01
   36550  5.482500000000e+02  2.008797172466e-01
   36600  5.490000000000e+02  2.057999685469e-01
   36650  5.497500000000e+02  2.107168238598e-01
   36700  5.505000000000e+02  2.156302152366e-01
   36750  5.512500000000e+02  2.205370224490e-01
   36800  5.520000000000e+02  2.254305732372e-01
   36850  5.527500000000e+02  2.303002720432e-01
   36900  5.535000000000e+02  2.351320865126e-01
   36950  5.542500000000e+02  2.399096678864e-01
   37000  5.550000000000e+02  2.446148035860e-01
   37050  5.557500000000e+02  2.492270979747e-01
   37100  5.565000000000e+02  2.537236701331e-01
   37150  5.572500000000e+02  2.580800917173e-01
   37200  5.580000000000e+02  2.622725853909e-01
   37250  5.587500000000e+02  2.662800399326e-01
   37300  5.595000000000e+02  2.700842908538e-01
   37350  5.602500000000e+02  2.736683880080e-01
   37400  5.610000000000e+02  2.770134339634e-01
   37450  5.617500000000e+02  2.800962369147e-01
   37500  5.625000000000e+02  2.828886564958e-01
   37550  5.632500000000e+02  2.853599648571e-01
   37600  5.640000000000e+02  2.874816136112e-01
   37650  5.647500000000e+02  2.892311461470e-01
   37700  5.655000000000e+02  2.905933789919e-01
   37750  5.662500000000e+02  2.915595057843e-01
   37800  5.670000000000e+02  2.921261560530e-01
   37850  5.677500000000e+02  2.922954356120e-01
   37900  5.685000000000e+02  2.920747540477e-01
   37950  5.692500000000e+02  2.914758012168e-01
   38000  5.700000000000e+02  2.905129429480e-01
   38050  5.707500000000e+02  2.892012141016e-01
   38100  5.715000000000e+02  2.875547102485e-01
   38150  5.722500000000e+02  2.855857461936e-01
   38200  5.730000000000e+02  2.833047660908e-01
   38250  5.737500000000e+02  2.807212422348e-01
   38300  5.745000000000e+02  2.778446281582e-01
   38350  5.752500000000e+02  2.746846080268e-01
   38400  5.760000000000e+02  2.712508930660e-01
   38450  5.767500000000e+02  2.675533642117e-01
   38500  5.775000000000e+02  2.636030765277e-01
   38550  5.782500000000e+02  2.594129789577e-01
   38600  5.790000000000e+02  2.549978199911e-01
   38650  5.797500000000e+02  2.503736090925e-01
   38700  5.805000000000e+02  2.455570616938e-01
   38750  5.812500000000e+02  2.405657592236e-01
   38800  5.820000000000e+02  2.354187103288e-01
   38850  5.827500000000e+02  2.301359945678e-01
   38900  5.835000000000e+02  2.247373012936e-01
   38950  5.842500000000e+02  2.192400323258e-01
   39000  5.850000000000e+02  2.136581364320e-01
   39050  5.857500000000e+02  2.080022494791e-01
   39100  5.865000000000e+02  2.022807643520e-01
   39150  5.872500000000e+02  1.965014574968e-01
   39200  5.880000000000e+02  1.906728824206e-01
   39250  5.887500000000e+02  1.848047230210e-01
   39300  5.895000000000e+02  1.789071708837e-01
   39350  5.902500000000e+02  1.729902757236e-01
   39400  5.910000000000e+02  1.670645058170e-01
   39450  5.917500000000e+02  1.611423289758e-01
   39500  5.925000000000e+02  1.552391915958e-01
   39550  5.932500000000e+02  1.493733056707e-01
   39600  5.940000000000e+02  1.435646326349e-01
   39650  5.947500000000e+02  1.378337397823e-01
   39700  5.955000000000e+02  1.322007880816e-01
   39750  5.962500000000e+02  1.266843527981e-01
   39800  5.970000000000e+02  1.213002764954e-01
   39850  5.977500000000e+02  1.160611464136e-01
   39900  5.985000000000e+02  1.109765966100e-01
   39950  5.992500000000e+02  1.060540639326e-01
   40000  6.000000000000e+02  1.012993882967e-01
   40050  6.007500000000e+02  9.671729799916e-02
   40100  6.015000000000e+02  9.231217491912e-02
   40150  6.022500000000e+02  8.808888773538e-02
   40200  6.030000000000e+02  8.405326500982e-02
   40250  6.037500000000e+02  8.021184278285e-02
   40300  6.045000000000e+02  7.657090528960e-02
   40350  6.052500000000e+02  7.313550267975e-02
   40400  6.060000000000e+02  6.990894351049e-02
   40450  6.067500000000e+02  6.689254122133e-02
   40500  6.075000000000e+02  6.408560476662e-02
   40550  6.082500000000e+02  6.148574577469e-02
   40600  6.090000000000e+02  5.908950719889e-02
   40650  6.097500000000e+02  5.689323121251e-02
   40700  6.105000000000e+02  5.489387295475e-02
   40750  6.112500000000e+02  5.308964435202e-02
   40800  6.120000000000e+02  5.148027763589e-02
   40850  6.127500000000e+02  5.006678690342e-02
   40900  6.135000000000e+02  4.885085923278e-02
   40950  6.142500000000e+02  4.783412491535e-02
   41000  6.150000000000e+02  4.701762532588e-02
   41050  6.157500000000e+02  4.640164039367e-02
   41100  6.165000000000e+02  4.598581014379e-02
   41150  6.172500000000e+02  4.576946229567e-02
   41200  6.180000000000e+02  4.575208252216e-02
   41250  6.187500000000e+02  4.593386835105e-02
   41300  6.195000000000e+02  4.631620780892e-02
   41350  6.202500000000e+02  4.690189841194e-02
   41400  6.210000000000e+02  4.769504867727e-02
   41450  6.217500000000e+02  4.870071723792e-02
   41500  6.225000000000e+02  4.992433256581e-02
   41550  6.232500000000e+02  5.137086595615e-02
   41600  6.240000000000e+02  5.304393207491e-02
   41650  6.247500000000e+02  5.494514633127e-02
   41700  6.255000000000e+02  5.707382109614e-02
   41750  6.262500000000e+02  5.942686530847e-02
   41800  6.270000000000e+02  6.199869618272e-02
   41850  6.277500000000e+02  6.478138877032e-02
   41900  6.285000000000e+02  6.776515953225e-02
   41950  6.292500000000e+02  7.093872506688e-02
   42000  6.300000000000e+02  7.428896217476e-02
   42050  6.307500000000e+02  7.779988536559e-02
   42100  6.315000000000e+02  8.145172130827e-02
   42150  6.322500000000e+02  8.522084694060e-02
   42200  6.330000000000e+02  8.908043618039e-02
   42250  6.337500000000e+02  9.300128724949e-02
   42300  6.345000000000e+02  9.695257660657e-02
   42350  6.352500000000e+02  1.009027168617e-01
   42400  6.360000000000e+02  1.048207917572e-01
   42450  6.367500000000e+02  1.086783486893e-01
   42500  6.375000000000e+02  1.124505947536e-01
   42550  6.382500000000e+02  1.161165654874e-01
   42600  6.390000000000e+02  1.196587307753e-01
   42650  6.397500000000e+02  1.230629549837e-01
   42700  6.405000000000e+02  1.263189190450e-01
   42750  6.412500000000e+02  1.294202879308e-01
   42800  6.420000000000e+02  1.323642912969e-01
   42850  6.427500000000e+02  1.351506653469e-01
   42900  6.435000000000e+02  1.377801402156e-01
   42950  6.442500000000e+02  1.402528748240e-01
   43000  6.450000000000e+02  1.425669171574e-01
   43050  6.457500000000e+02  1.447173708847e-01
   43100  6.465000000000e+02  1.466971354006e-01
   43150  6.472500000000e+02  1.484987551323e-01
   43200  6.480000000000e+02  1.501162658686e-01
   43250  6.487500000000e+02  1.515459961274e-01
   43300  6.495000000000e+02  1.527863879015e-01
   43350  6.502500000000e+02  1.538376051084e-01
   43400  6.510000000000e+02  1.547012771079e-01
   43450  6.517500000000e+02  1.553805889257e-01
   43500  6.525000000000e+02  1.558805076084e-01
   43550  6.532500000000e+02  1.562075726508e-01
   43600  6.540000000000e+02  1.563686414149e-01
   43650  6.547500000000e+02  1.563684491450e-01
   43700  6.555000000000e+02  1.562074425991e-01
   43750  6.562500000000e+02  1.558818881633e-01
   43800  6.570000000000e+02  1.553858915820e-01
   43850  6.577500000000e+02  1.547133813771e-01
   43900  6.585000000000e+02  1.538585581933e-01
   43950  6.592500000000e+02  1.528155216991e-01
   44000  6.600000000000e+02  1.515788758156e-01
   44050  6.607500000000e+02  1.501458017784e-01
   44100  6.615000000000e+02  1.485184395328e-01
   44150  6.622500000000e+02  1.467051535316e-01
   44200  6.630000000000e+02  1.447200115974e-01
   44250  6.637500000000e+02  1.425808531723e-01
   44300  6.645000000000e+02  1.403065756603e-01
   44350  6.652500000000e+02  1.379149017177e-01
   44400  6.660000000000e+02  1.354214313761e-01
   44450  6.667500000000e+02  1.328396581790e-01
   44500  6.675000000000e+02  1.301812040537e-01
   44550  6.682500000000e+02  1.274559009837e-01
   44600  6.690000000000e+02  1.246717210240e-01
   44650  6.697500000000e+02  1.218349329182e-01
   44700  6.705000000000e+02  1.189508232024e-01
   44750  6.712500000000e+02  1.160247188998e-01
   44800  6.720000000000e+02  1.130627295422e-01
   44850  6.727500000000e+02  1.100719784627e-01
   44900  6.735000000000e+02  1.070606349897e-01
   44950  6.742500000000e+02  1.040381160847e-01
   45000  6.750000000000e+02  1.010150626445e-01
   45050  6.757500000000e+02  9.800252230213e-02
   45100  6.765000000000e+02  9.501029817616e-02
   45150  6.772500000000e+02  9.204525811968e-02
   45200  6.780000000000e+02  8.911047358857e-02
   45250  6.787500000000e+02  8.620545328743e-02
   45300  6.795000000000e+02  8.332747298415e-02
   45350  6.802500000000e+02  8.047356954050e-02
   45400  6.810000000000e+02  7.764234007674e-02
   45450  6.817500000000e+02  7.483491278352e-02
   45500  6.825000000000e+02  7.205508541009e-02
   45550  6.832500000000e+02  6.930924858715e-02
   45600  6.840000000000e+02  6.660657106672e-02
   45650  6.847500000000e+02  6.395917625033e-02
   45700  6.855000000000e+02  6.138206158774e-02
   45750  6.862500000000e+02  5.889283219851e-02
   45800  6.870000000000e+02  5.651143799721e-02
   45850  6.877500000000e+02  5.426001801079e-02
   45900  6.885000000000e+02  5.216273214154e-02
   45950  6.892500000000e+02  5.024529487277e-02
   46000  6.900000000000e+02  4.853424983518e-02
   46050  6.907500000000e+02  4.705612703016e-02
   46100  6.915000000000e+02  4.583676803222e-02
   46150  6.922500000000e+02  4.490084511930e-02
   46200  6.930000000000e+02  4.427144550913e-02
   46250  6.937500000000e+02  4.396965509982e-02
   46300  6.945000000000e+02  4.401420404236e-02
   46350  6.952500000000e+02  4.442119087177e-02
   46400  6.960000000000e+02  4.520385650774e-02
   46450  6.967500000000e+02  4.637233694029e-02
   46500  6.975000000000e+02  4.793330944631e-02
   46550  6.982500000000e+02  4.988944481641e-02
   46600  6.990000000000e+02  5.223865635107e-02
   46650  6.997500000000e+02  5.497328567124e-02
