################################################################################
# HEADER
# nspin         1
#%
# nik       217
#  st         1      26
# ust         1      26
# Iter             t            #  iter t Nex(t)  
################################################################################
       0  0.000000000000e+00 -2.560451850542e-15
      50  1.000000000000e+00  1.161193294297e-10
     100  2.000000000000e+00  1.864664464502e-10
     150  3.000000000000e+00  2.285246575306e-10
     200  4.000000000000e+00  2.725261405434e-10
     250  5.000000000000e+00  5.286701076912e-10
     300  6.000000000000e+00  1.504013837084e-09
     350  7.000000000000e+00  3.880066920536e-09
     400  8.000000000000e+00  8.898054550122e-09
     450  9.000000000000e+00  1.837881224986e-08
     500  1.000000000000e+01  3.505493040290e-08
     550  1.100000000000e+01  6.254251624926e-08
     600  1.200000000000e+01  1.054420455601e-07
     650  1.300000000000e+01  1.691606387744e-07
     700  1.400000000000e+01  2.600421424442e-07
     750  1.500000000000e+01  3.853274230664e-07
     800  1.600000000000e+01  5.532438557207e-07
     850  1.700000000000e+01  7.725731759473e-07
     900  1.800000000000e+01  1.052641626371e-06
     950  1.900000000000e+01  1.403007017481e-06
    1000  2.000000000000e+01  1.832522635602e-06
    1050  2.100000000000e+01  2.349205089250e-06
    1100  2.200000000000e+01  2.960248767461e-06
    1150  2.300000000000e+01  3.670870159296e-06
    1200  2.400000000000e+01  4.483974961139e-06
    1250  2.500000000000e+01  5.400269042527e-06
    1300  2.600000000000e+01  6.416699065218e-06
    1350  2.700000000000e+01  7.527182484098e-06
    1400  2.800000000000e+01  8.722526444793e-06
    1450  2.900000000000e+01  9.989866121253e-06
    1500  3.000000000000e+01  1.131253931704e-05
    1550  3.100000000000e+01  1.266947888970e-05
    1600  3.200000000000e+01  1.403582166907e-05
    1650  3.300000000000e+01  1.538308229059e-05
    1700  3.400000000000e+01  1.667901437425e-05
    1750  3.500000000000e+01  1.788969975008e-05
    1800  3.600000000000e+01  1.897957124087e-05
    1850  3.700000000000e+01  1.991193307224e-05
    1900  3.800000000000e+01  2.065078552756e-05
    1950  3.900000000000e+01  2.116277363430e-05
    2000  4.000000000000e+01  2.141823973402e-05
    2050  4.100000000000e+01  2.139273492735e-05
    2100  4.200000000000e+01  2.106808310525e-05
    2150  4.300000000000e+01  2.043564298593e-05
    2200  4.400000000000e+01  1.949558679231e-05
    2250  4.500000000000e+01  1.825898232185e-05
    2300  4.600000000000e+01  1.674949315773e-05
    2350  4.700000000000e+01  1.500429565803e-05
    2400  4.800000000000e+01  1.307552595351e-05
    2450  4.900000000000e+01  1.103058497549e-05
    2500  5.000000000000e+01  8.952107315573e-06
    2550  5.100000000000e+01  6.938366061804e-06
    2600  5.200000000000e+01  5.103117840285e-06
    2650  5.300000000000e+01  3.574250001977e-06
    2700  5.400000000000e+01  2.493270050440e-06
    2750  5.500000000000e+01  2.012973658795e-06
    2800  5.600000000000e+01  2.295758614788e-06
    2850  5.700000000000e+01  3.511091510949e-06
    2900  5.800000000000e+01  5.832779000743e-06
    2950  5.900000000000e+01  9.435122150354e-06
    3000  6.000000000000e+01  1.448958753673e-05
    3050  6.100000000000e+01  2.116075402979e-05
    3100  6.200000000000e+01  2.960188872901e-05
    3150  6.300000000000e+01  3.995097480984e-05
    3200  6.400000000000e+01  5.232646716656e-05
    3250  6.500000000000e+01  6.682220679610e-05
    3300  6.600000000000e+01  8.350298916277e-05
    3350  6.700000000000e+01  1.024020929680e-04
    3400  6.800000000000e+01  1.235177056596e-04
    3450  6.900000000000e+01  1.468090329848e-04
    3500  7.000000000000e+01  1.721927396396e-04
    3550  7.100000000000e+01  1.995401421660e-04
    3600  7.200000000000e+01  2.286796897879e-04
    3650  7.300000000000e+01  2.593930848258e-04
    3700  7.400000000000e+01  2.914196398815e-04
    3750  7.500000000000e+01  3.244536522974e-04
    3800  7.600000000000e+01  3.581452212765e-04
    3850  7.700000000000e+01  3.921075703688e-04
    3900  7.800000000000e+01  4.259228549059e-04
    3950  7.900000000000e+01  4.591457914810e-04
    4000  8.000000000000e+01  4.913100935258e-04
    4050  8.100000000000e+01  5.219292318372e-04
    4100  8.200000000000e+01  5.505100095665e-04
    4150  8.300000000000e+01  5.765648586375e-04
    4200  8.400000000000e+01  5.996144947738e-04
    4250  8.500000000000e+01  6.192028499201e-04
    4300  8.600000000000e+01  6.348983792946e-04
    4350  8.700000000000e+01  6.463108725157e-04
    4400  8.800000000000e+01  6.531074240623e-04
    4450  8.900000000000e+01  6.550138003197e-04
    4500  9.000000000000e+01  6.518307135323e-04
    4550  9.100000000000e+01  6.434323916100e-04
    4600  9.200000000000e+01  6.297810580790e-04
    4650  9.300000000000e+01  6.109367267495e-04
    4700  9.400000000000e+01  5.870580735310e-04
    4750  9.500000000000e+01  5.584052508038e-04
    4800  9.600000000000e+01  5.253387104467e-04
    4850  9.700000000000e+01  4.883275046422e-04
    4900  9.800000000000e+01  4.479465051615e-04
    4950  9.900000000000e+01  4.048743300634e-04
    5000  1.000000000000e+02  3.598850969198e-04
    5050  1.010000000000e+02  3.138385987345e-04
    5100  1.020000000000e+02  2.676784502909e-04
    5150  1.030000000000e+02  2.224201565524e-04
    5200  1.040000000000e+02  1.791369447142e-04
    5250  1.050000000000e+02  1.389405871153e-04
    5300  1.060000000000e+02  1.029683501911e-04
    5350  1.070000000000e+02  7.236507926762e-05
    5400  1.080000000000e+02  4.826703756869e-05
    5450  1.090000000000e+02  3.178001037335e-05
    5500  1.100000000000e+02  2.395889806012e-05
    5550  1.110000000000e+02  2.578806913418e-05
    5600  1.120000000000e+02  3.816190936973e-05
    5650  1.130000000000e+02  6.186495091541e-05
    5700  1.140000000000e+02  9.755239650315e-05
    5750  1.150000000000e+02  1.457320099658e-04
    5800  1.160000000000e+02  2.067500297207e-04
    5850  1.170000000000e+02  2.807762920647e-04
    5900  1.180000000000e+02  3.677909629506e-04
    5950  1.190000000000e+02  4.675737167924e-04
    6000  1.200000000000e+02  5.797001669133e-04
    6050  1.210000000000e+02  7.035407774543e-04
    6100  1.220000000000e+02  8.382584652391e-04
    6150  1.230000000000e+02  9.828093804944e-04
    6200  1.240000000000e+02  1.135947787222e-03
    6250  1.250000000000e+02  1.296244422610e-03
    6300  1.260000000000e+02  1.462096676545e-03
    6350  1.270000000000e+02  1.631744225621e-03
    6400  1.280000000000e+02  1.803289734256e-03
    6450  1.290000000000e+02  1.974717017408e-03
    6500  1.300000000000e+02  2.143930759168e-03
    6550  1.310000000000e+02  2.308777622628e-03
    6600  1.320000000000e+02  2.467080694924e-03
    6650  1.330000000000e+02  2.616668409164e-03
    6700  1.340000000000e+02  2.755408634984e-03
    6750  1.350000000000e+02  2.881248736348e-03
    6800  1.360000000000e+02  2.992245885338e-03
    6850  1.370000000000e+02  3.086603745809e-03
    6900  1.380000000000e+02  3.162704749900e-03
    6950  1.390000000000e+02  3.219140373158e-03
    7000  1.400000000000e+02  3.254741417088e-03
    7050  1.410000000000e+02  3.268608395805e-03
    7100  1.420000000000e+02  3.260132531471e-03
    7150  1.430000000000e+02  3.229017935872e-03
    7200  1.440000000000e+02  3.175288292570e-03
    7250  1.450000000000e+02  3.099320123906e-03
    7300  1.460000000000e+02  3.001824114360e-03
    7350  1.470000000000e+02  2.883864071067e-03
    7400  1.480000000000e+02  2.746852530035e-03
    7450  1.490000000000e+02  2.592530627520e-03
    7500  1.500000000000e+02  2.422967834755e-03
    7550  1.510000000000e+02  2.240533755140e-03
    7600  1.520000000000e+02  2.047874605930e-03
    7650  1.530000000000e+02  1.847888202951e-03
    7700  1.540000000000e+02  1.643680376428e-03
    7750  1.550000000000e+02  1.438527880697e-03
    7800  1.560000000000e+02  1.235829716715e-03
    7850  1.570000000000e+02  1.039068228164e-03
    7900  1.580000000000e+02  8.517568205087e-04
    7950  1.590000000000e+02  6.773781729925e-04
    8000  1.600000000000e+02  5.193410187993e-04
    8050  1.610000000000e+02  3.809197686243e-04
    8100  1.620000000000e+02  2.652126808197e-04
    8150  1.630000000000e+02  1.750822012233e-04
    8200  1.640000000000e+02  1.131046597118e-04
    8250  1.650000000000e+02  8.152807125424e-05
    8300  1.660000000000e+02  8.222745522577e-05
    8350  1.670000000000e+02  1.166676655538e-04
    8400  1.680000000000e+02  1.858697965940e-04
    8450  1.690000000000e+02  2.903840316713e-04
    8500  1.700000000000e+02  4.302690001090e-04
    8550  1.710000000000e+02  6.050791574466e-04
    8600  1.720000000000e+02  8.138551019375e-04
    8650  1.730000000000e+02  1.055122300941e-03
    8700  1.740000000000e+02  1.326905076448e-03
    8750  1.750000000000e+02  1.626736900498e-03
    8800  1.760000000000e+02  1.951693376911e-03
    8850  1.770000000000e+02  2.298413398591e-03
    8900  1.780000000000e+02  2.663145391118e-03
    8950  1.790000000000e+02  3.041781143621e-03
    9000  1.800000000000e+02  3.429925740345e-03
    9050  1.810000000000e+02  3.822950918493e-03
    9100  1.820000000000e+02  4.216051429095e-03
    9150  1.830000000000e+02  4.604310715986e-03
    9200  1.840000000000e+02  4.982759934883e-03
    9250  1.850000000000e+02  5.346467882630e-03
    9300  1.860000000000e+02  5.690610853973e-03
    9350  1.870000000000e+02  6.010529586664e-03
    9400  1.880000000000e+02  6.301803613376e-03
    9450  1.890000000000e+02  6.560320022827e-03
    9500  1.900000000000e+02  6.782343976091e-03
    9550  1.910000000000e+02  6.964577706030e-03
    9600  1.920000000000e+02  7.104219141134e-03
    9650  1.930000000000e+02  7.198998029385e-03
    9700  1.940000000000e+02  7.247219500036e-03
    9750  1.950000000000e+02  7.247818655771e-03
    9800  1.960000000000e+02  7.200380837625e-03
    9850  1.970000000000e+02  7.105160569944e-03
    9900  1.980000000000e+02  6.963061796352e-03
    9950  1.990000000000e+02  6.775657424839e-03
   10000  2.000000000000e+02  6.545193730669e-03
   10050  2.010000000000e+02  6.274546997744e-03
   10100  2.020000000000e+02  5.967204826248e-03
   10150  2.030000000000e+02  5.627205349041e-03
   10200  2.040000000000e+02  5.259092916811e-03
   10250  2.050000000000e+02  4.867881889934e-03
   10300  2.060000000000e+02  4.458975086441e-03
   10350  2.070000000000e+02  4.038090245718e-03
   10400  2.080000000000e+02  3.611183008500e-03
   10450  2.090000000000e+02  3.184366555993e-03
   10500  2.100000000000e+02  2.763823683983e-03
   10550  2.110000000000e+02  2.355727780303e-03
   10600  2.120000000000e+02  1.966149183488e-03
   10650  2.130000000000e+02  1.600967498505e-03
   10700  2.140000000000e+02  1.265781365988e-03
   10750  2.150000000000e+02  9.658305689550e-04
   10800  2.160000000000e+02  7.059194602594e-04
   10850  2.170000000000e+02  4.903357101925e-04
   10900  2.180000000000e+02  3.227888993883e-04
   10950  2.190000000000e+02  2.063495037254e-04
   11000  2.200000000000e+02  1.434043576603e-04
   11050  2.210000000000e+02  1.356116820572e-04
   11100  2.220000000000e+02  1.838720305127e-04
   11150  2.230000000000e+02  2.883081041251e-04
   11200  2.240000000000e+02  4.482578579127e-04
   11250  2.250000000000e+02  6.622732348795e-04
   11300  2.260000000000e+02  9.281368311063e-04
   11350  2.270000000000e+02  1.242883970602e-03
   11400  2.280000000000e+02  1.602842990831e-03
   11450  2.290000000000e+02  2.003681971470e-03
   11500  2.300000000000e+02  2.440466444029e-03
   11550  2.310000000000e+02  2.907727274643e-03
   11600  2.320000000000e+02  3.399531379739e-03
   11650  2.330000000000e+02  3.909566369147e-03
   11700  2.340000000000e+02  4.431218016082e-03
   11750  2.350000000000e+02  4.957673879947e-03
   11800  2.360000000000e+02  5.482022199968e-03
   11850  2.370000000000e+02  5.997321363917e-03
   11900  2.380000000000e+02  6.496724416010e-03
   11950  2.390000000000e+02  6.973566401146e-03
   12000  2.400000000000e+02  7.421458182273e-03
   12050  2.410000000000e+02  7.834384183573e-03
   12100  2.420000000000e+02  8.206782496045e-03
   12150  2.430000000000e+02  8.533627398797e-03
   12200  2.440000000000e+02  8.810502074703e-03
   12250  2.450000000000e+02  9.033640250536e-03
   12300  2.460000000000e+02  9.200005944445e-03
   12350  2.470000000000e+02  9.307322465313e-03
   12400  2.480000000000e+02  9.354111653200e-03
   12450  2.490000000000e+02  9.339709688839e-03
   12500  2.500000000000e+02  9.264290624388e-03
   12550  2.510000000000e+02  9.128851392499e-03
   12600  2.520000000000e+02  8.935208972332e-03
   12650  2.530000000000e+02  8.685974234978e-03
   12700  2.540000000000e+02  8.384518820622e-03
   12750  2.550000000000e+02  8.034919390760e-03
   12800  2.560000000000e+02  7.641892802752e-03
   12850  2.570000000000e+02  7.210737629232e-03
   12900  2.580000000000e+02  6.747253065398e-03
   12950  2.590000000000e+02  6.257665242206e-03
   13000  2.600000000000e+02  5.748536940701e-03
   13050  2.610000000000e+02  5.226666023791e-03
   13100  2.620000000000e+02  4.698991212075e-03
   13150  2.630000000000e+02  4.172506121687e-03
   13200  2.640000000000e+02  3.654146355126e-03
   13250  2.650000000000e+02  3.150708531753e-03
   13300  2.660000000000e+02  2.668749395676e-03
   13350  2.670000000000e+02  2.214476266032e-03
   13400  2.680000000000e+02  1.793688676334e-03
   13450  2.690000000000e+02  1.411672373998e-03
   13500  2.700000000000e+02  1.073148160541e-03
   13550  2.710000000000e+02  7.822100159576e-04
   13600  2.720000000000e+02  5.422561847491e-04
   13650  2.730000000000e+02  3.559556838674e-04
   13700  2.740000000000e+02  2.252119833431e-04
   13750  2.750000000000e+02  1.511446132980e-04
   13800  2.760000000000e+02  1.340787110001e-04
   13850  2.770000000000e+02  1.735442691568e-04
   13900  2.780000000000e+02  2.682892068071e-04
   13950  2.790000000000e+02  4.163053284264e-04
   14000  2.800000000000e+02  6.148598709475e-04
   14050  2.810000000000e+02  8.605413433847e-04
   14100  2.820000000000e+02  1.149317542192e-03
   14150  2.830000000000e+02  1.476588487114e-03
   14200  2.840000000000e+02  1.837269056685e-03
   14250  2.850000000000e+02  2.225854500475e-03
   14300  2.860000000000e+02  2.636508350412e-03
   14350  2.870000000000e+02  3.063147719525e-03
   14400  2.880000000000e+02  3.499526722990e-03
   14450  2.890000000000e+02  3.939333170978e-03
   14500  2.900000000000e+02  4.376269250112e-03
   14550  2.910000000000e+02  4.804145944248e-03
   14600  2.920000000000e+02  5.216979196473e-03
   14650  2.930000000000e+02  5.609056237407e-03
   14700  2.940000000000e+02  5.975022451012e-03
   14750  2.950000000000e+02  6.309940851819e-03
   14800  2.960000000000e+02  6.609363788618e-03
   14850  2.970000000000e+02  6.869392331810e-03
   14900  2.980000000000e+02  7.086723019771e-03
   14950  2.990000000000e+02  7.258681568638e-03
   15000  3.000000000000e+02  7.383241286387e-03
   15050  3.010000000000e+02  7.459054394054e-03
   15100  3.020000000000e+02  7.485462500046e-03
   15150  3.030000000000e+02  7.462491751503e-03
   15200  3.040000000000e+02  7.390840202283e-03
   15250  3.050000000000e+02  7.271861187566e-03
   15300  3.060000000000e+02  7.107530125210e-03
   15350  3.070000000000e+02  6.900410460030e-03
   15400  3.080000000000e+02  6.653602602048e-03
   15450  3.090000000000e+02  6.370700023471e-03
   15500  3.100000000000e+02  6.055725085055e-03
   15550  3.110000000000e+02  5.713063446270e-03
   15600  3.120000000000e+02  5.347402168443e-03
   15650  3.130000000000e+02  4.963656597138e-03
   15700  3.140000000000e+02  4.566892866440e-03
   15750  3.150000000000e+02  4.162250011964e-03
   15800  3.160000000000e+02  3.754875114411e-03
   15850  3.170000000000e+02  3.349838351893e-03
   15900  3.180000000000e+02  2.952075941025e-03
   15950  3.190000000000e+02  2.566311824413e-03
   16000  3.200000000000e+02  2.196995763026e-03
   16050  3.210000000000e+02  1.848250347726e-03
   16100  3.220000000000e+02  1.523816544500e-03
   16150  3.230000000000e+02  1.227010584869e-03
   16200  3.240000000000e+02  9.606888531865e-04
   16250  3.250000000000e+02  7.272130550913e-04
   16300  3.260000000000e+02  5.284317963476e-04
   16350  3.270000000000e+02  3.656616708399e-04
   16400  3.280000000000e+02  2.396836325586e-04
   16450  3.290000000000e+02  1.507465954253e-04
   16500  3.300000000000e+02  9.857383986368e-05
   16550  3.310000000000e+02  8.238145514416e-05
   16600  3.320000000000e+02  1.009014901920e-04
   16650  3.330000000000e+02  1.524137886614e-04
   16700  3.340000000000e+02  2.347815681463e-04
   16750  3.350000000000e+02  3.454963214417e-04
   16800  3.360000000000e+02  4.817220312267e-04
   16850  3.370000000000e+02  6.403478593045e-04
   16900  3.380000000000e+02  8.180383099551e-04
   16950  3.390000000000e+02  1.011287922224e-03
   17000  3.400000000000e+02  1.216478620519e-03
   17050  3.410000000000e+02  1.429936151560e-03
   17100  3.420000000000e+02  1.647982525185e-03
   17150  3.430000000000e+02  1.866983497181e-03
   17200  3.440000000000e+02  2.083406530067e-03
   17250  3.450000000000e+02  2.293866318871e-03
   17300  3.460000000000e+02  2.495170174815e-03
   17350  3.470000000000e+02  2.684359802863e-03
   17400  3.480000000000e+02  2.858746238402e-03
   17450  3.490000000000e+02  3.015935929092e-03
   17500  3.500000000000e+02  3.153865548665e-03
   17550  3.510000000000e+02  3.270811865490e-03
   17600  3.520000000000e+02  3.365412762118e-03
   17650  3.530000000000e+02  3.436679817609e-03
   17700  3.540000000000e+02  3.483989123557e-03
   17750  3.550000000000e+02  3.507079739676e-03
   17800  3.560000000000e+02  3.506048620608e-03
   17850  3.570000000000e+02  3.481337959527e-03
   17900  3.580000000000e+02  3.433715891614e-03
   17950  3.590000000000e+02  3.364252374219e-03
   18000  3.600000000000e+02  3.274292076113e-03
   18050  3.610000000000e+02  3.165428088545e-03
   18100  3.620000000000e+02  3.039465364020e-03
   18150  3.630000000000e+02  2.898391174764e-03
   18200  3.640000000000e+02  2.744332733897e-03
   18250  3.650000000000e+02  2.579522189994e-03
   18300  3.660000000000e+02  2.406264078737e-03
   18350  3.670000000000e+02  2.226887399045e-03
   18400  3.680000000000e+02  2.043720786662e-03
   18450  3.690000000000e+02  1.859056851953e-03
   18500  3.700000000000e+02  1.675116360492e-03
   18550  3.710000000000e+02  1.494019067058e-03
   18600  3.720000000000e+02  1.317761008255e-03
   18650  3.730000000000e+02  1.148183752147e-03
   18700  3.740000000000e+02  9.869574545995e-04
   18750  3.750000000000e+02  8.355599480652e-04
   18800  3.760000000000e+02  6.952636783703e-04
   18850  3.770000000000e+02  5.671260355503e-04
   18900  3.780000000000e+02  4.519825031905e-04
   18950  3.790000000000e+02  3.504425143739e-04
   19000  3.800000000000e+02  2.628921025899e-04
   19050  3.810000000000e+02  1.894992861624e-04
   19100  3.820000000000e+02  1.302201960397e-04
   19150  3.830000000000e+02  8.481062540982e-05
   19200  3.840000000000e+02  5.283805466483e-05
   19250  3.850000000000e+02  3.369749146363e-05
   19300  3.860000000000e+02  2.662886650429e-05
   19350  3.870000000000e+02  3.073654428355e-05
   19400  3.880000000000e+02  4.500997731669e-05
   19450  3.890000000000e+02  6.834519050705e-05
   19500  3.900000000000e+02  9.956704181459e-05
   19550  3.910000000000e+02  1.374514363619e-04
   19600  3.920000000000e+02  1.807473425148e-04
   19650  3.930000000000e+02  2.281971945923e-04
   19700  3.940000000000e+02  2.785571537561e-04
   19750  3.950000000000e+02  3.306161103235e-04
   19800  3.960000000000e+02  3.832135561336e-04
   19850  3.970000000000e+02  4.352528534100e-04
   19900  3.980000000000e+02  4.857187045345e-04
   19950  3.990000000000e+02  5.336849048004e-04
   20000  4.000000000000e+02  5.783255673746e-04
   20050  4.010000000000e+02  6.189222793233e-04
   20100  4.020000000000e+02  6.548698465064e-04
   20150  4.030000000000e+02  6.856778781976e-04
   20200  4.040000000000e+02  7.109741647094e-04
   20250  4.050000000000e+02  7.305018008643e-04
   20300  4.060000000000e+02  7.441158267768e-04
   20350  4.070000000000e+02  7.517813809531e-04
   20400  4.080000000000e+02  7.535643205230e-04
   20450  4.090000000000e+02  7.496270697573e-04
   20500  4.100000000000e+02  7.402192183036e-04
   20550  4.110000000000e+02  7.256645968745e-04
   20600  4.120000000000e+02  7.063566168517e-04
   20650  4.130000000000e+02  6.827410109317e-04
   20700  4.140000000000e+02  6.553080412365e-04
   20750  4.150000000000e+02  6.245809197469e-04
   20800  4.160000000000e+02  5.911054738083e-04
   20850  4.170000000000e+02  5.554366628738e-04
   20900  4.180000000000e+02  5.181287825001e-04
   20950  4.190000000000e+02  4.797301601508e-04
   21000  4.200000000000e+02  4.407691649042e-04
   21050  4.210000000000e+02  4.017499852527e-04
   21100  4.220000000000e+02  3.631446371162e-04
   21150  4.230000000000e+02  3.253840564038e-04
   21200  4.240000000000e+02  2.888575567651e-04
   21250  4.250000000000e+02  2.539057175831e-04
   21300  4.260000000000e+02  2.208211478870e-04
   21350  4.270000000000e+02  1.898454287808e-04
   21400  4.280000000000e+02  1.611682354909e-04
   21450  4.290000000000e+02  1.349274793310e-04
   21500  4.300000000000e+02  1.112105573519e-04
   21550  4.310000000000e+02  9.005974197118e-05
   21600  4.320000000000e+02  7.147228588018e-05
   21650  4.330000000000e+02  5.540504503160e-05
   21700  4.340000000000e+02  4.177775521880e-05
   21750  4.350000000000e+02  3.047819203000e-05
   21800  4.360000000000e+02  2.136756201880e-05
   21850  4.370000000000e+02  1.428550427912e-05
   21900  4.380000000000e+02  9.054274497267e-06
   21950  4.390000000000e+02  5.483418434857e-06
   22000  4.400000000000e+02  3.374579065997e-06
   22050  4.410000000000e+02  2.525978787755e-06
   22100  4.420000000000e+02  2.736386151364e-06
   22150  4.430000000000e+02  3.808880018573e-06
   22200  4.440000000000e+02  5.554245996769e-06
   22250  4.450000000000e+02  7.794149799283e-06
   22300  4.460000000000e+02  1.036340496591e-05
   22350  4.470000000000e+02  1.311232662919e-05
   22400  4.480000000000e+02  1.590778530058e-05
   22450  4.490000000000e+02  1.863404267789e-05
   22500  4.500000000000e+02  2.119395783148e-05
   22550  4.510000000000e+02  2.350820340054e-05
   22600  4.520000000000e+02  2.551503799215e-05
   22650  4.530000000000e+02  2.716969610253e-05
   22700  4.540000000000e+02  2.844354218174e-05
   22750  4.550000000000e+02  2.932282740732e-05
   22800  4.560000000000e+02  2.980691841880e-05
   22850  4.570000000000e+02  2.990657532888e-05
   22900  4.580000000000e+02  2.964237645597e-05
   22950  4.590000000000e+02  2.904357072007e-05
   23000  4.600000000000e+02  2.814489406873e-05
   23050  4.610000000000e+02  2.698597493900e-05
   23100  4.620000000000e+02  2.560916646913e-05
   23150  4.630000000000e+02  2.405808257856e-05
   23200  4.640000000000e+02  2.237658325194e-05
   23250  4.650000000000e+02  2.060730643094e-05
   23300  4.660000000000e+02  1.879124848138e-05
   23350  4.670000000000e+02  1.696557316802e-05
   23400  4.680000000000e+02  1.516416035954e-05
   23450  4.690000000000e+02  1.341642547759e-05
   23500  4.700000000000e+02  1.174773547504e-05
   23550  4.710000000000e+02  1.017826621252e-05
   23600  4.720000000000e+02  8.723375667666e-06
   23650  4.730000000000e+02  7.393807709560e-06
   23700  4.740000000000e+02  6.195627740749e-06
   23750  4.750000000000e+02  5.131130232774e-06
   23800  4.760000000000e+02  4.199009047315e-06
   23850  4.770000000000e+02  3.394812695644e-06
   23900  4.780000000000e+02  2.711519037878e-06
   23950  4.790000000000e+02  2.140194673060e-06
   24000  4.800000000000e+02  1.670595220153e-06
   24050  4.810000000000e+02  1.291591088748e-06
   24100  4.820000000000e+02  9.917258511835e-07
   24150  4.830000000000e+02  7.595259159457e-07
   24200  4.840000000000e+02  5.840167912677e-07
   24250  4.850000000000e+02  4.548824978981e-07
   24300  4.860000000000e+02  3.627270079368e-07
   24350  4.870000000000e+02  2.992838191510e-07
   24400  4.880000000000e+02  2.573894515578e-07
   24450  4.890000000000e+02  2.310943960360e-07
   24500  4.900000000000e+02  2.155902622467e-07
   24550  4.910000000000e+02  2.071427154457e-07
   24600  4.920000000000e+02  2.030044386966e-07
   24650  4.930000000000e+02  2.012604308418e-07
   24700  4.940000000000e+02  2.006680230732e-07
   24750  4.950000000000e+02  2.005170328806e-07
   24800  4.960000000000e+02  2.004696234501e-07
   24850  4.970000000000e+02  2.004170747555e-07
   24900  4.980000000000e+02  2.003656817337e-07
   24950  4.990000000000e+02  2.003432132414e-07
   25000  5.000000000000e+02  2.003615895696e-07
   25050  5.010000000000e+02  2.004110156578e-07
   25100  5.020000000000e+02  2.004894848126e-07
   25150  5.030000000000e+02  2.005858152285e-07
   25200  5.040000000000e+02  2.006852205250e-07
   25250  5.050000000000e+02  2.007763345441e-07
   25300  5.060000000000e+02  2.008541587772e-07
   25350  5.070000000000e+02  2.009126276598e-07
   25400  5.080000000000e+02  2.009382752480e-07
   25450  5.090000000000e+02  2.009324258923e-07
   25500  5.100000000000e+02  2.009035521278e-07
   25550  5.110000000000e+02  2.008604108872e-07
   25600  5.120000000000e+02  2.008073458903e-07
   25650  5.130000000000e+02  2.007448579172e-07
   25700  5.140000000000e+02  2.006817406350e-07
   25750  5.150000000000e+02  2.006224843476e-07
   25800  5.160000000000e+02  2.005675183159e-07
   25850  5.170000000000e+02  2.005145404368e-07
   25900  5.180000000000e+02  2.004652953635e-07
   25950  5.190000000000e+02  2.004266515393e-07
   26000  5.200000000000e+02  2.003983698221e-07
   26050  5.210000000000e+02  2.003809580348e-07
   26100  5.220000000000e+02  2.003741739753e-07
   26150  5.230000000000e+02  2.003816904836e-07
   26200  5.240000000000e+02  2.004022424396e-07
   26250  5.250000000000e+02  2.004327893518e-07
   26300  5.260000000000e+02  2.004701625535e-07
   26350  5.270000000000e+02  2.005100929736e-07
   26400  5.280000000000e+02  2.005486103435e-07
   26450  5.290000000000e+02  2.005807270694e-07
   26500  5.300000000000e+02  2.006039494656e-07
   26550  5.310000000000e+02  2.006172018440e-07
   26600  5.320000000000e+02  2.006240728061e-07
   26650  5.330000000000e+02  2.006244954472e-07
   26700  5.340000000000e+02  2.006158112411e-07
   26750  5.350000000000e+02  2.006002287822e-07
   26800  5.360000000000e+02  2.005821937157e-07
   26850  5.370000000000e+02  2.005681837003e-07
   26900  5.380000000000e+02  2.005593384910e-07
