################################################################################
# HEADER
# nspin         1
#%
# nik       186
#  st         1      26
# ust         1      26
# Iter             t            #  iter t Nex(t)  
################################################################################
       0  0.000000000000e+00 -1.090794121694e-14
      50  7.500000000000e-01  4.970281131111e-12
     100  1.500000000000e+00  2.390978387501e-11
     150  2.250000000000e+00  2.050428368761e-10
     200  3.000000000000e+00  1.090241091850e-09
     250  3.750000000000e+00  3.919138104325e-09
     300  4.500000000000e+00  1.089828475381e-08
     350  5.250000000000e+00  2.541177934051e-08
     400  6.000000000000e+00  5.222366121493e-08
     450  6.750000000000e+00  9.766708806980e-08
     500  7.500000000000e+00  1.699719388015e-07
     550  8.250000000000e+00  2.796135872563e-07
     600  9.000000000000e+00  4.396882759689e-07
     650  9.750000000000e+00  6.662435436816e-07
     700  1.050000000000e+01  9.783856735196e-07
     750  1.125000000000e+01  1.398401399247e-06
     800  1.200000000000e+01  1.951765715713e-06
     850  1.275000000000e+01  2.667109736267e-06
     900  1.350000000000e+01  3.576048461150e-06
     950  1.425000000000e+01  4.712452125244e-06
    1000  1.500000000000e+01  6.111595976910e-06
    1050  1.575000000000e+01  7.810143148969e-06
    1100  1.650000000000e+01  9.846007875292e-06
    1150  1.725000000000e+01  1.225768968208e-05
    1200  1.800000000000e+01  1.508378700893e-05
    1250  1.875000000000e+01  1.836232564124e-05
    1300  1.950000000000e+01  2.212977912592e-05
    1350  2.025000000000e+01  2.641941474116e-05
    1400  2.100000000000e+01  3.126026352532e-05
    1450  2.175000000000e+01  3.667565516621e-05
    1500  2.250000000000e+01  4.268234462163e-05
    1550  2.325000000000e+01  4.928940801811e-05
    1600  2.400000000000e+01  5.649696824719e-05
    1650  2.475000000000e+01  6.429404024129e-05
    1700  2.550000000000e+01  7.265826990980e-05
    1750  2.625000000000e+01  8.155586490182e-05
    1800  2.700000000000e+01  9.094168203422e-05
    1850  2.775000000000e+01  1.007594459618e-04
    1900  2.850000000000e+01  1.109406119652e-04
    1950  2.925000000000e+01  1.214045164778e-04
    2000  3.000000000000e+01  1.320580601905e-04
    2050  3.075000000000e+01  1.427949669935e-04
    2100  3.150000000000e+01  1.534980291431e-04
    2150  3.225000000000e+01  1.640395771880e-04
    2200  3.300000000000e+01  1.742831419781e-04
    2250  3.375000000000e+01  1.840854964699e-04
    2300  3.450000000000e+01  1.932973301026e-04
    2350  3.525000000000e+01  2.017663529518e-04
    2400  3.600000000000e+01  2.093388556255e-04
    2450  3.675000000000e+01  2.158628244706e-04
    2500  3.750000000000e+01  2.211911805087e-04
    2550  3.825000000000e+01  2.251850353524e-04
    2600  3.900000000000e+01  2.277171533995e-04
    2650  3.975000000000e+01  2.286754715394e-04
    2700  4.050000000000e+01  2.279652268387e-04
    2750  4.125000000000e+01  2.255133791768e-04
    2800  4.200000000000e+01  2.212720475533e-04
    2850  4.275000000000e+01  2.152238375876e-04
    2900  4.350000000000e+01  2.073861372240e-04
    2950  4.425000000000e+01  1.978139425957e-04
    3000  4.500000000000e+01  1.866028288976e-04
    3050  4.575000000000e+01  1.738911203513e-04
    3100  4.650000000000e+01  1.598620918203e-04
    3150  4.725000000000e+01  1.447470664039e-04
    3200  4.800000000000e+01  1.288274217718e-04
    3250  4.875000000000e+01  1.124355212994e-04
    3300  4.950000000000e+01  9.595526849232e-05
    3350  5.025000000000e+01  7.982186153366e-05
    3400  5.100000000000e+01  6.452063237898e-05
    3450  5.175000000000e+01  5.058505348816e-05
    3500  5.250000000000e+01  3.859440462628e-05
    3550  5.325000000000e+01  2.917097680857e-05
    3600  5.400000000000e+01  2.297571182006e-05
    3650  5.475000000000e+01  2.070339253854e-05
    3700  5.550000000000e+01  2.307702686723e-05
    3750  5.625000000000e+01  3.084171801435e-05
    3800  5.700000000000e+01  4.475791740063e-05
    3850  5.775000000000e+01  6.559373836093e-05
    3900  5.850000000000e+01  9.411635010652e-05
    3950  5.925000000000e+01  1.310824256785e-04
    4000  6.000000000000e+01  1.772286766565e-04
    4050  6.075000000000e+01  2.332613597324e-04
    4100  6.150000000000e+01  2.998458100426e-04
    4150  6.225000000000e+01  3.775960612405e-04
    4200  6.300000000000e+01  4.670627353937e-04
    4250  6.375000000000e+01  5.687215137790e-04
    4300  6.450000000000e+01  6.829628015355e-04
    4350  6.525000000000e+01  8.100826711067e-04
    4400  6.600000000000e+01  9.502740002408e-04
    4450  6.675000000000e+01  1.103616471943e-03
    4500  6.750000000000e+01  1.270067052092e-03
    4550  6.825000000000e+01  1.449452767683e-03
    4600  6.900000000000e+01  1.641461423594e-03
    4650  6.975000000000e+01  1.845637408892e-03
    4700  7.050000000000e+01  2.061376069820e-03
    4750  7.125000000000e+01  2.287920863571e-03
    4800  7.200000000000e+01  2.524364016938e-03
    4850  7.275000000000e+01  2.769646939316e-03
    4900  7.350000000000e+01  3.022561423197e-03
    4950  7.425000000000e+01  3.281752575807e-03
    5000  7.500000000000e+01  3.545722187290e-03
    5050  7.575000000000e+01  3.812840376299e-03
    5100  7.650000000000e+01  4.081355083994e-03
    5150  7.725000000000e+01  4.349403434199e-03
    5200  7.800000000000e+01  4.615023230694e-03
    5250  7.875000000000e+01  4.876170441349e-03
    5300  7.950000000000e+01  5.130732695712e-03
    5350  8.025000000000e+01  5.376550442630e-03
    5400  8.100000000000e+01  5.611434826938e-03
    5450  8.175000000000e+01  5.833189927714e-03
    5500  8.250000000000e+01  6.039636289063e-03
    5550  8.325000000000e+01  6.228635112705e-03
    5600  8.400000000000e+01  6.398109222711e-03
    5650  8.475000000000e+01  6.546070214523e-03
    5700  8.550000000000e+01  6.670642277619e-03
    5750  8.625000000000e+01  6.770089808944e-03
    5800  8.700000000000e+01  6.842841877504e-03
    5850  8.775000000000e+01  6.887518449172e-03
    5900  8.850000000000e+01  6.902952409661e-03
    5950  8.925000000000e+01  6.888213251198e-03
    6000  9.000000000000e+01  6.842631281989e-03
    6050  9.075000000000e+01  6.765821688675e-03
    6100  9.150000000000e+01  6.657704124564e-03
    6150  9.225000000000e+01  6.518518715061e-03
    6200  9.300000000000e+01  6.348836538862e-03
    6250  9.375000000000e+01  6.149572891485e-03
    6300  9.450000000000e+01  5.921994545900e-03
    6350  9.525000000000e+01  5.667724287341e-03
    6400  9.600000000000e+01  5.388745718182e-03
    6450  9.675000000000e+01  5.087405458980e-03
    6500  9.750000000000e+01  4.766404900206e-03
    6550  9.825000000000e+01  4.428793491703e-03
    6600  9.900000000000e+01  4.077951080310e-03
    6650  9.975000000000e+01  3.717575411397e-03
    6700  1.005000000000e+02  3.351662356543e-03
    6750  1.012500000000e+02  2.984481936247e-03
    6800  1.020000000000e+02  2.620550984169e-03
    6850  1.027500000000e+02  2.264601862959e-03
    6900  1.035000000000e+02  1.921546285372e-03
    6950  1.042500000000e+02  1.596438768472e-03
    7000  1.050000000000e+02  1.294434562954e-03
    7050  1.057500000000e+02  1.020748777286e-03
    7100  1.065000000000e+02  7.806105066522e-04
    7150  1.072500000000e+02  5.792137667148e-04
    7200  1.080000000000e+02  4.216668139080e-04
    7250  1.087500000000e+02  3.129407816925e-04
    7300  1.095000000000e+02  2.578167522208e-04
    7350  1.102500000000e+02  2.608322431324e-04
    7400  1.110000000000e+02  3.262286613100e-04
    7450  1.117500000000e+02  4.578994257416e-04
    7500  1.125000000000e+02  6.593402216624e-04
    7550  1.132500000000e+02  9.336005477473e-04
    7600  1.140000000000e+02  1.283237859780e-03
    7650  1.147500000000e+02  1.710274580904e-03
    7700  1.155000000000e+02  2.216159473667e-03
    7750  1.162500000000e+02  2.801732489632e-03
    7800  1.170000000000e+02  3.467190212480e-03
    7850  1.177500000000e+02  4.212059705755e-03
    7900  1.185000000000e+02  5.035178129370e-03
    7950  1.192500000000e+02  5.934679880929e-03
    8000  1.200000000000e+02  6.907983216158e-03
    8050  1.207500000000e+02  7.951791089240e-03
    8100  1.215000000000e+02  9.062091302101e-03
    8150  1.222500000000e+02  1.023417061922e-02
    8200  1.230000000000e+02  1.146263465694e-02
    8250  1.237500000000e+02  1.274142888407e-02
    8300  1.245000000000e+02  1.406386826216e-02
    8350  1.252500000000e+02  1.542267631148e-02
    8400  1.260000000000e+02  1.681002363094e-02
    8450  1.267500000000e+02  1.821758540519e-02
    8500  1.275000000000e+02  1.963658843434e-02
    8550  1.282500000000e+02  2.105787523766e-02
    8600  1.290000000000e+02  2.247197290422e-02
    8650  1.297500000000e+02  2.386916711932e-02
    8700  1.305000000000e+02  2.523957069167e-02
    8750  1.312500000000e+02  2.657321326171e-02
    8800  1.320000000000e+02  2.786012223466e-02
    8850  1.327500000000e+02  2.909041497641e-02
    8900  1.335000000000e+02  3.025437739534e-02
    8950  1.342500000000e+02  3.134255654449e-02
    9000  1.350000000000e+02  3.234584707633e-02
    9050  1.357500000000e+02  3.325557763981e-02
    9100  1.365000000000e+02  3.406360020406e-02
    9150  1.372500000000e+02  3.476237901262e-02
    9200  1.380000000000e+02  3.534506187723e-02
    9250  1.387500000000e+02  3.580556310799e-02
    9300  1.395000000000e+02  3.613863143269e-02
    9350  1.402500000000e+02  3.633992357651e-02
    9400  1.410000000000e+02  3.640605961965e-02
    9450  1.417500000000e+02  3.633467241529e-02
    9500  1.425000000000e+02  3.612445594077e-02
    9550  1.432500000000e+02  3.577520503227e-02
    9600  1.440000000000e+02  3.528784112210e-02
    9650  1.447500000000e+02  3.466444070893e-02
    9700  1.455000000000e+02  3.390823264897e-02
    9750  1.462500000000e+02  3.302362038945e-02
    9800  1.470000000000e+02  3.201617171643e-02
    9850  1.477500000000e+02  3.089260415152e-02
    9900  1.485000000000e+02  2.966075972510e-02
    9950  1.492500000000e+02  2.832957766071e-02
   10000  1.500000000000e+02  2.690904711789e-02
   10050  1.507500000000e+02  2.541015418253e-02
   10100  1.515000000000e+02  2.384481188998e-02
   10150  1.522500000000e+02  2.222579040977e-02
   10200  1.530000000000e+02  2.056663727807e-02
   10250  1.537500000000e+02  1.888157628305e-02
   10300  1.545000000000e+02  1.718541478989e-02
   10350  1.552500000000e+02  1.549342594411e-02
   10400  1.560000000000e+02  1.382124301862e-02
   10450  1.567500000000e+02  1.218473120144e-02
   10500  1.575000000000e+02  1.059986417811e-02
   10550  1.582500000000e+02  9.082586890054e-03
   10600  1.590000000000e+02  7.648682530744e-03
   10650  1.597500000000e+02  6.313631664982e-03
   10700  1.605000000000e+02  5.092477499586e-03
   10750  1.612500000000e+02  3.999683710229e-03
   10800  1.620000000000e+02  3.049001639624e-03
   10850  1.627500000000e+02  2.253332920248e-03
   10900  1.635000000000e+02  1.624598768269e-03
   10950  1.642500000000e+02  1.173615433763e-03
   11000  1.650000000000e+02  9.099757906793e-04
   11050  1.657500000000e+02  8.419392311648e-04
   11100  1.665000000000e+02  9.763315629176e-04
   11150  1.672500000000e+02  1.318455202326e-03
   11200  1.680000000000e+02  1.872011419610e-03
   11250  1.687500000000e+02  2.639035725188e-03
   11300  1.695000000000e+02  3.619848421768e-03
   11350  1.702500000000e+02  4.813017542249e-03
   11400  1.710000000000e+02  6.215338346723e-03
   11450  1.717500000000e+02  7.821827989190e-03
   11500  1.725000000000e+02  9.625733747088e-03
   11550  1.732500000000e+02  1.161856209293e-02
   11600  1.740000000000e+02  1.379012102618e-02
   11650  1.747500000000e+02  1.612857315513e-02
   11700  1.755000000000e+02  1.862051747848e-02
   11750  1.762500000000e+02  2.125107127301e-02
   11800  1.770000000000e+02  2.400397664965e-02
   11850  1.777500000000e+02  2.686171437528e-02
   11900  1.785000000000e+02  2.980564123248e-02
   11950  1.792500000000e+02  3.281612797096e-02
   12000  1.800000000000e+02  3.587270660904e-02
   12050  1.807500000000e+02  3.895423272641e-02
   12100  1.815000000000e+02  4.203904617583e-02
   12150  1.822500000000e+02  4.510514018547e-02
   12200  1.830000000000e+02  4.813034094047e-02
   12250  1.837500000000e+02  5.109248737181e-02
   12300  1.845000000000e+02  5.396961483148e-02
   12350  1.852500000000e+02  5.674013417877e-02
   12400  1.860000000000e+02  5.938300367740e-02
   12450  1.867500000000e+02  6.187790242723e-02
   12500  1.875000000000e+02  6.420539572196e-02
   12550  1.882500000000e+02  6.634710207202e-02
   12600  1.890000000000e+02  6.828584877079e-02
   12650  1.897500000000e+02  7.000582227937e-02
   12700  1.905000000000e+02  7.149270405153e-02
   12750  1.912500000000e+02  7.273380091235e-02
   12800  1.920000000000e+02  7.371815743341e-02
   12850  1.927500000000e+02  7.443666481178e-02
   12900  1.935000000000e+02  7.488214936720e-02
   12950  1.942500000000e+02  7.504945554545e-02
   13000  1.950000000000e+02  7.493551270670e-02
   13050  1.957500000000e+02  7.453939127922e-02
   13100  1.965000000000e+02  7.386232604571e-02
   13150  1.972500000000e+02  7.290773504700e-02
   13200  1.980000000000e+02  7.168122146354e-02
   13250  1.987500000000e+02  7.019056109354e-02
   13300  1.995000000000e+02  6.844568130304e-02
   13350  2.002500000000e+02  6.645860747175e-02
   13400  2.010000000000e+02  6.424340538328e-02
   13450  2.017500000000e+02  6.181610158090e-02
   13500  2.025000000000e+02  5.919457650607e-02
   13550  2.032500000000e+02  5.639846106387e-02
   13600  2.040000000000e+02  5.344901557564e-02
   13650  2.047500000000e+02  5.036898494464e-02
   13700  2.055000000000e+02  4.718244501405e-02
   13750  2.062500000000e+02  4.391463041226e-02
   13800  2.070000000000e+02  4.059174562989e-02
   13850  2.077500000000e+02  3.724076993481e-02
   13900  2.085000000000e+02  3.388925722184e-02
   13950  2.092500000000e+02  3.056513005866e-02
   14000  2.100000000000e+02  2.729646170029e-02
   14050  2.107500000000e+02  2.411125224605e-02
   14100  2.115000000000e+02  2.103719732494e-02
   14150  2.122500000000e+02  1.810145346494e-02
   14200  2.130000000000e+02  1.533040644441e-02
   14250  2.137500000000e+02  1.274944661438e-02
   14300  2.145000000000e+02  1.038274280722e-02
   14350  2.152500000000e+02  8.253025019184e-03
   14400  2.160000000000e+02  6.381370346786e-03
   14450  2.167500000000e+02  4.787004988474e-03
   14500  2.175000000000e+02  3.487114766409e-03
   14550  2.182500000000e+02  2.496677712672e-03
   14600  2.190000000000e+02  1.828311450785e-03
   14650  2.197500000000e+02  1.492140527244e-03
   14700  2.205000000000e+02  1.495682318517e-03
   14750  2.212500000000e+02  1.843756877939e-03
   14800  2.220000000000e+02  2.538419952878e-03
   14850  2.227500000000e+02  3.578920954521e-03
   14900  2.235000000000e+02  4.961686729501e-03
   14950  2.242500000000e+02  6.680334048344e-03
   15000  2.250000000000e+02  8.725703541649e-03
   15050  2.257500000000e+02  1.108592038628e-02
   15100  2.265000000000e+02  1.374647949882e-02
   15150  2.272500000000e+02  1.669036639042e-02
   15200  2.280000000000e+02  1.989818716772e-02
   15250  2.287500000000e+02  2.334833079637e-02
   15300  2.295000000000e+02  2.701714349490e-02
   15350  2.302500000000e+02  3.087912916728e-02
   15400  2.310000000000e+02  3.490715686379e-02
   15450  2.317500000000e+02  3.907268438158e-02
   15500  2.325000000000e+02  4.334600306498e-02
   15550  2.332500000000e+02  4.769647613711e-02
   15600  2.340000000000e+02  5.209279453093e-02
   15650  2.347500000000e+02  5.650323645745e-02
   15700  2.355000000000e+02  6.089592366031e-02
   15750  2.362500000000e+02  6.523907163986e-02
   15800  2.370000000000e+02  6.950124578830e-02
   15850  2.377500000000e+02  7.365159853828e-02
   15900  2.385000000000e+02  7.766011088087e-02
   15950  2.392500000000e+02  8.149781674060e-02
   16000  2.400000000000e+02  8.513702206008e-02
   16050  2.407500000000e+02  8.855150188419e-02
   16100  2.415000000000e+02  9.171669415230e-02
   16150  2.422500000000e+02  9.460987321573e-02
   16200  2.430000000000e+02  9.721030746867e-02
   16250  2.437500000000e+02  9.949940587222e-02
   16300  2.445000000000e+02  1.014608374295e-01
   16350  2.452500000000e+02  1.030806525660e-01
   16400  2.460000000000e+02  1.043473699650e-01
   16450  2.467500000000e+02  1.052520465307e-01
   16500  2.475000000000e+02  1.057883325485e-01
   16550  2.482500000000e+02  1.059525134179e-01
   16600  2.490000000000e+02  1.057435204098e-01
   16650  2.497500000000e+02  1.051629562171e-01
   16700  2.505000000000e+02  1.042150634990e-01
   16750  2.512500000000e+02  1.029066774826e-01
   16800  2.520000000000e+02  1.012471941410e-01
   16850  2.527500000000e+02  9.924850309562e-02
   16900  2.535000000000e+02  9.692490470014e-02
   16950  2.542500000000e+02  9.429301504974e-02
   17000  2.550000000000e+02  9.137164988325e-02
   17050  2.557500000000e+02  8.818169571167e-02
   17100  2.565000000000e+02  8.474596484113e-02
   17150  2.572500000000e+02  8.108903858634e-02
   17200  2.580000000000e+02  7.723709540416e-02
   17250  2.587500000000e+02  7.321773268335e-02
   17300  2.595000000000e+02  6.905977662046e-02
   17350  2.602500000000e+02  6.479307592975e-02
   17400  2.610000000000e+02  6.044828737528e-02
   17450  2.617500000000e+02  5.605664806468e-02
   17500  2.625000000000e+02  5.164973986561e-02
   17550  2.632500000000e+02  4.725924642442e-02
   17600  2.640000000000e+02  4.291671850411e-02
   17650  2.647500000000e+02  3.865332131095e-02
   17700  2.655000000000e+02  3.449959236491e-02
   17750  2.662500000000e+02  3.048519370042e-02
   17800  2.670000000000e+02  2.663866686980e-02
   17850  2.677500000000e+02  2.298719625755e-02
   17900  2.685000000000e+02  1.955638121696e-02
   17950  2.692500000000e+02  1.637002066913e-02
   18000  2.700000000000e+02  1.344990664569e-02
   18050  2.707500000000e+02  1.081563802840e-02
   18100  2.715000000000e+02  8.484455535635e-03
   18150  2.722500000000e+02  6.471086323915e-03
   18200  2.730000000000e+02  4.787616749539e-03
   18250  2.737500000000e+02  3.443388966155e-03
   18300  2.745000000000e+02  2.444923399618e-03
   18350  2.752500000000e+02  1.795866568533e-03
   18400  2.760000000000e+02  1.496965162749e-03
   18450  2.767500000000e+02  1.546068003151e-03
   18500  2.775000000000e+02  1.938157239443e-03
   18550  2.782500000000e+02  2.665408173264e-03
   18600  2.790000000000e+02  3.717276236320e-03
   18650  2.797500000000e+02  5.080610033035e-03
   18700  2.805000000000e+02  6.739790278068e-03
   18750  2.812500000000e+02  8.676889953697e-03
   18800  2.820000000000e+02  1.087185684764e-02
   18850  2.827500000000e+02  1.330271161721e-02
   18900  2.835000000000e+02  1.594576960473e-02
   18950  2.842500000000e+02  1.877586240715e-02
   19000  2.850000000000e+02  2.176658269889e-02
   19050  2.857500000000e+02  2.489052544030e-02
   19100  2.865000000000e+02  2.811954718989e-02
   19150  2.872500000000e+02  3.142501223093e-02
   19200  2.880000000000e+02  3.477805618086e-02
   19250  2.887500000000e+02  3.814982784611e-02
   19300  2.895000000000e+02  4.151173454270e-02
   19350  2.902500000000e+02  4.483566972897e-02
   19400  2.910000000000e+02  4.809424991004e-02
   19450  2.917500000000e+02  5.126101444079e-02
   19500  2.925000000000e+02  5.431064042539e-02
   19550  2.932500000000e+02  5.721912530757e-02
   19600  2.940000000000e+02  5.996394311959e-02
   19650  2.947500000000e+02  6.252419816139e-02
   19700  2.955000000000e+02  6.488076125724e-02
   19750  2.962500000000e+02  6.701638301730e-02
   19800  2.970000000000e+02  6.891579876868e-02
   19850  2.977500000000e+02  7.056580921998e-02
   19900  2.985000000000e+02  7.195533481917e-02
   19950  2.992500000000e+02  7.307545903172e-02
   20000  3.000000000000e+02  7.391946079717e-02
   20050  3.007500000000e+02  7.448281018194e-02
   20100  3.015000000000e+02  7.476316471351e-02
   20150  3.022500000000e+02  7.476035247851e-02
   20200  3.030000000000e+02  7.447633961230e-02
   20250  3.037500000000e+02  7.391517828021e-02
   20300  3.045000000000e+02  7.308294422499e-02
   20350  3.052500000000e+02  7.198766295498e-02
   20400  3.060000000000e+02  7.063922826409e-02
   20450  3.067500000000e+02  6.904930168056e-02
   20500  3.075000000000e+02  6.723120436106e-02
   20550  3.082500000000e+02  6.519980334083e-02
   20600  3.090000000000e+02  6.297138412868e-02
   20650  3.097500000000e+02  6.056351333378e-02
   20700  3.105000000000e+02  5.799490487265e-02
   20750  3.112500000000e+02  5.528528128731e-02
   20800  3.120000000000e+02  5.245520789623e-02
   20850  3.127500000000e+02  4.952594331154e-02
   20900  3.135000000000e+02  4.651928383486e-02
   20950  3.142500000000e+02  4.345739409912e-02
   21000  3.150000000000e+02  4.036264024436e-02
   21050  3.157500000000e+02  3.725742241652e-02
   21100  3.165000000000e+02  3.416401180767e-02
   21150  3.172500000000e+02  3.110438422606e-02
   21200  3.180000000000e+02  2.810005533306e-02
   21250  3.187500000000e+02  2.517191869364e-02
   21300  3.195000000000e+02  2.234008480612e-02
   21350  3.202500000000e+02  1.962372661638e-02
   21400  3.210000000000e+02  1.704094834345e-02
   21450  3.217500000000e+02  1.460864171517e-02
   21500  3.225000000000e+02  1.234235910938e-02
   21550  3.232500000000e+02  1.025619318870e-02
   21600  3.240000000000e+02  8.362671892080e-03
   21650  3.247500000000e+02  6.672665743277e-03
   21700  3.255000000000e+02  5.195307802044e-03
   21750  3.262500000000e+02  3.937931165339e-03
   21800  3.270000000000e+02  2.906015968497e-03
   21850  3.277500000000e+02  2.103157424065e-03
   21900  3.285000000000e+02  1.531049560688e-03
   21950  3.292500000000e+02  1.189486301078e-03
   22000  3.300000000000e+02  1.076381505068e-03
   22050  3.307500000000e+02  1.187806726524e-03
   22100  3.315000000000e+02  1.518046926005e-03
   22150  3.322500000000e+02  2.059672808794e-03
   22200  3.330000000000e+02  2.803627990614e-03
   22250  3.337500000000e+02  3.739332167703e-03
   22300  3.345000000000e+02  4.854796652249e-03
   22350  3.352500000000e+02  6.136753519668e-03
   22400  3.360000000000e+02  7.570791681767e-03
   22450  3.367500000000e+02  9.141501054279e-03
   22500  3.375000000000e+02  1.083263270730e-02
   22550  3.382500000000e+02  1.262725346036e-02
   22600  3.390000000000e+02  1.450791110717e-02
   22650  3.397500000000e+02  1.645679628656e-02
   22700  3.405000000000e+02  1.845591430441e-02
   22750  3.412500000000e+02  2.048724589748e-02
   22800  3.420000000000e+02  2.253290251956e-02
   22850  3.427500000000e+02  2.457528212932e-02
   22900  3.435000000000e+02  2.659721608531e-02
   22950  3.442500000000e+02  2.858209950643e-02
   23000  3.450000000000e+02  3.051401770800e-02
   23050  3.457500000000e+02  3.237786522481e-02
   23100  3.465000000000e+02  3.415944854970e-02
   23150  3.472500000000e+02  3.584558130808e-02
   23200  3.480000000000e+02  3.742416516346e-02
   23250  3.487500000000e+02  3.888426466250e-02
   23300  3.495000000000e+02  4.021615853074e-02
   23350  3.502500000000e+02  4.141138527485e-02
   23400  3.510000000000e+02  4.246277162887e-02
   23450  3.517500000000e+02  4.336445366583e-02
   23500  3.525000000000e+02  4.411187781861e-02
   23550  3.532500000000e+02  4.470179499624e-02
   23600  3.540000000000e+02  4.513223911557e-02
   23650  3.547500000000e+02  4.540250075194e-02
   23700  3.555000000000e+02  4.551309983870e-02
   23750  3.562500000000e+02  4.546572777069e-02
   23800  3.570000000000e+02  4.526319880143e-02
   23850  3.577500000000e+02  4.490939379340e-02
   23900  3.585000000000e+02  4.440919406847e-02
   23950  3.592500000000e+02  4.376841318226e-02
   24000  3.600000000000e+02  4.299372016954e-02
   24050  3.607500000000e+02  4.209255256434e-02
   24100  3.615000000000e+02  4.107304585976e-02
   24150  3.622500000000e+02  3.994393910469e-02
   24200  3.630000000000e+02  3.871450066196e-02
   24250  3.637500000000e+02  3.739443937447e-02
   24300  3.645000000000e+02  3.599381914249e-02
   24350  3.652500000000e+02  3.452297968697e-02
   24400  3.660000000000e+02  3.299244968168e-02
   24450  3.667500000000e+02  3.141286331500e-02
   24500  3.675000000000e+02  2.979488528492e-02
   24550  3.682500000000e+02  2.814913194874e-02
   24600  3.690000000000e+02  2.648609117433e-02
   24650  3.697500000000e+02  2.481604889466e-02
   24700  3.705000000000e+02  2.314901558516e-02
   24750  3.712500000000e+02  2.149466045366e-02
   24800  3.720000000000e+02  1.986224356577e-02
   24850  3.727500000000e+02  1.826055892591e-02
   24900  3.735000000000e+02  1.669787829197e-02
   24950  3.742500000000e+02  1.518190330137e-02
   25000  3.750000000000e+02  1.371971881376e-02
   25050  3.757500000000e+02  1.231775530805e-02
   25100  3.765000000000e+02  1.098175518058e-02
   25150  3.772500000000e+02  9.716746173184e-03
   25200  3.780000000000e+02  8.527021869197e-03
   25250  3.787500000000e+02  7.416126893073e-03
   25300  3.795000000000e+02  6.386854104249e-03
   25350  3.802500000000e+02  5.441243734952e-03
   25400  3.810000000000e+02  4.580590556487e-03
   25450  3.817500000000e+02  3.805460665723e-03
   25500  3.825000000000e+02  3.115708056698e-03
   25550  3.832500000000e+02  2.510505048975e-03
   25600  3.840000000000e+02  1.988371444866e-03
   25650  3.847500000000e+02  1.547215248901e-03
   25700  3.855000000000e+02  1.184373297230e-03
   25750  3.862500000000e+02  8.966605933216e-04
   25800  3.870000000000e+02  6.804213337573e-04
   25850  3.877500000000e+02  5.315819513177e-04
   25900  3.885000000000e+02  4.457095484895e-04
   25950  3.892500000000e+02  4.180698487458e-04
   26000  3.900000000000e+02  4.436863461167e-04
   26050  3.907500000000e+02  5.173988801440e-04
   26100  3.915000000000e+02  6.339216393353e-04
   26150  3.922500000000e+02  7.878997562746e-04
   26200  3.930000000000e+02  9.739641442228e-04
   26250  3.937500000000e+02  1.186783920901e-03
   26300  3.945000000000e+02  1.421115501801e-03
   26350  3.952500000000e+02  1.671848265257e-03
   26400  3.960000000000e+02  1.934047434598e-03
   26450  3.967500000000e+02  2.202992869974e-03
   26500  3.975000000000e+02  2.474211688139e-03
   26550  3.982500000000e+02  2.743507367861e-03
   26600  3.990000000000e+02  3.006984425722e-03
   26650  3.997500000000e+02  3.261066028494e-03
   26700  4.005000000000e+02  3.502508802340e-03
   26750  4.012500000000e+02  3.728413521714e-03
   26800  4.020000000000e+02  3.936231577751e-03
   26850  4.027500000000e+02  4.123767746859e-03
   26900  4.035000000000e+02  4.289180451089e-03
   26950  4.042500000000e+02  4.430979156242e-03
   27000  4.050000000000e+02  4.548016885199e-03
   27050  4.057500000000e+02  4.639480211551e-03
   27100  4.065000000000e+02  4.704882221328e-03
   27150  4.072500000000e+02  4.744048242179e-03
   27200  4.080000000000e+02  4.757103840641e-03
   27250  4.087500000000e+02  4.744455552640e-03
   27300  4.095000000000e+02  4.706774369438e-03
   27350  4.102500000000e+02  4.644976710651e-03
   27400  4.110000000000e+02  4.560204029592e-03
   27450  4.117500000000e+02  4.453804518588e-03
   27500  4.125000000000e+02  4.327313251713e-03
   27550  4.132500000000e+02  4.182429865178e-03
   27600  4.140000000000e+02  4.020995311125e-03
   27650  4.147500000000e+02  3.844969552785e-03
   27700  4.155000000000e+02  3.656405405715e-03
   27750  4.162500000000e+02  3.457426523919e-03
   27800  4.170000000000e+02  3.250205048389e-03
   27850  4.177500000000e+02  3.036938093472e-03
   27900  4.185000000000e+02  2.819823987422e-03
   27950  4.192500000000e+02  2.601039864807e-03
   28000  4.200000000000e+02  2.382718231599e-03
   28050  4.207500000000e+02  2.166925635360e-03
   28100  4.215000000000e+02  1.955642014977e-03
   28150  4.222500000000e+02  1.750741905753e-03
   28200  4.230000000000e+02  1.553975072640e-03
   28250  4.237500000000e+02  1.366951191349e-03
   28300  4.245000000000e+02  1.191124259921e-03
   28350  4.252500000000e+02  1.027779847113e-03
   28400  4.260000000000e+02  8.780250541259e-04
   28450  4.267500000000e+02  7.427817868343e-04
   28500  4.275000000000e+02  6.227811807700e-04
   28550  4.282500000000e+02  5.185607936377e-04
   28600  4.290000000000e+02  4.304652311028e-04
   28650  4.297500000000e+02  3.586484716538e-04
   28700  4.305000000000e+02  3.030785328400e-04
   28750  4.312500000000e+02  2.635445629202e-04
   28800  4.320000000000e+02  2.396656563943e-04
   28850  4.327500000000e+02  2.309019381550e-04
   28900  4.335000000000e+02  2.365677246796e-04
   28950  4.342500000000e+02  2.558463878685e-04
   29000  4.350000000000e+02  2.878067154343e-04
   29050  4.357500000000e+02  3.314204898949e-04
   29100  4.365000000000e+02  3.855804873027e-04
   29150  4.372500000000e+02  4.491192063498e-04
   29200  4.380000000000e+02  5.208273080601e-04
   29250  4.387500000000e+02  5.994711505555e-04
   29300  4.395000000000e+02  6.838102428938e-04
   29350  4.402500000000e+02  7.726134980696e-04
   29400  4.410000000000e+02  8.646740623034e-04
   29450  4.417500000000e+02  9.588234959800e-04
   29500  4.425000000000e+02  1.053945671542e-03
   29550  4.432500000000e+02  1.148988101139e-03
   29600  4.440000000000e+02  1.242971734194e-03
   29650  4.447500000000e+02  1.335000182094e-03
   29700  4.455000000000e+02  1.424264994768e-03
   29750  4.462500000000e+02  1.510050505899e-03
   29800  4.470000000000e+02  1.591736451807e-03
   29850  4.477500000000e+02  1.668798957029e-03
   29900  4.485000000000e+02  1.740808985989e-03
   29950  4.492500000000e+02  1.807430162799e-03
   30000  4.500000000000e+02  1.868414709625e-03
   30050  4.507500000000e+02  1.923599686314e-03
   30100  4.515000000000e+02  1.972900027584e-03
   30150  4.522500000000e+02  2.016303919471e-03
   30200  4.530000000000e+02  2.053864391677e-03
   30250  4.537500000000e+02  2.085694443046e-03
   30300  4.545000000000e+02  2.111956591323e-03
   30350  4.552500000000e+02  2.132857875404e-03
   30400  4.560000000000e+02  2.148639915489e-03
   30450  4.567500000000e+02  2.159573334229e-03
   30500  4.575000000000e+02  2.165948005902e-03
   30550  4.582500000000e+02  2.168069315091e-03
   30600  4.590000000000e+02  2.166249581346e-03
   30650  4.597500000000e+02  2.160800979018e-03
   30700  4.605000000000e+02  2.152031778509e-03
   30750  4.612500000000e+02  2.140244293888e-03
   30800  4.620000000000e+02  2.125728961819e-03
   30850  4.627500000000e+02  2.108762991472e-03
   30900  4.635000000000e+02  2.089608723748e-03
   30950  4.642500000000e+02  2.068511065930e-03
   31000  4.650000000000e+02  2.045697395517e-03
   31050  4.657500000000e+02  2.021376516447e-03
   31100  4.665000000000e+02  1.995739763646e-03
   31150  4.672500000000e+02  1.968960426745e-03
   31200  4.680000000000e+02  1.941195525980e-03
   31250  4.687500000000e+02  1.912584786370e-03
   31300  4.695000000000e+02  1.883254601690e-03
   31350  4.702500000000e+02  1.853319558007e-03
   31400  4.710000000000e+02  1.822884406277e-03
   31450  4.717500000000e+02  1.792045566394e-03
   31500  4.725000000000e+02  1.760894317303e-03
   31550  4.732500000000e+02  1.729516744928e-03
   31600  4.740000000000e+02  1.697997126018e-03
   31650  4.747500000000e+02  1.666418717261e-03
   31700  4.755000000000e+02  1.634864953128e-03
   31750  4.762500000000e+02  1.603420570775e-03
   31800  4.770000000000e+02  1.572173400141e-03
   31850  4.777500000000e+02  1.541214986299e-03
   31900  4.785000000000e+02  1.510638529710e-03
   31950  4.792500000000e+02  1.480539670914e-03
   32000  4.800000000000e+02  1.451016410573e-03
   32050  4.807500000000e+02  1.422168616388e-03
   32100  4.815000000000e+02  1.394097394655e-03
   32150  4.822500000000e+02  1.366904480064e-03
   32200  4.830000000000e+02  1.340690517332e-03
   32250  4.837500000000e+02  1.315553833472e-03
   32300  4.845000000000e+02  1.291590038157e-03
   32350  4.852500000000e+02  1.268890831801e-03
   32400  4.860000000000e+02  1.247542341758e-03
   32450  4.867500000000e+02  1.227623340056e-03
   32500  4.875000000000e+02  1.209205182425e-03
   32550  4.882500000000e+02  1.192349750062e-03
   32600  4.890000000000e+02  1.177109196832e-03
   32650  4.897500000000e+02  1.163525986726e-03
   32700  4.905000000000e+02  1.151631434825e-03
   32750  4.912500000000e+02  1.141446610717e-03
   32800  4.920000000000e+02  1.132981626213e-03
   32850  4.927500000000e+02  1.126233100382e-03
   32900  4.935000000000e+02  1.121186830455e-03
   32950  4.942500000000e+02  1.117815659699e-03
   33000  4.950000000000e+02  1.116080085952e-03
   33050  4.957500000000e+02  1.115927954345e-03
   33100  4.965000000000e+02  1.117294619653e-03
   33150  4.972500000000e+02  1.120103073542e-03
   33200  4.980000000000e+02  1.124262076295e-03
   33250  4.987500000000e+02  1.129666631078e-03
   33300  4.995000000000e+02  1.136197461479e-03
   33350  5.002500000000e+02  1.143722017862e-03
   33400  5.010000000000e+02  1.152225044004e-03
   33450  5.017500000000e+02  1.161802097614e-03
   33500  5.025000000000e+02  1.172451507512e-03
   33550  5.032500000000e+02  1.184104455146e-03
   33600  5.040000000000e+02  1.196666150425e-03
   33650  5.047500000000e+02  1.210020421233e-03
   33700  5.055000000000e+02  1.224035561986e-03
   33750  5.062500000000e+02  1.238566475185e-03
   33800  5.070000000000e+02  1.253475459229e-03
   33850  5.077500000000e+02  1.268626060487e-03
   33900  5.085000000000e+02  1.283880350131e-03
   33950  5.092500000000e+02  1.299099399521e-03
   34000  5.100000000000e+02  1.314133647772e-03
   34050  5.107500000000e+02  1.328827931312e-03
   34100  5.115000000000e+02  1.343031491713e-03
   34150  5.122500000000e+02  1.356603641907e-03
   34200  5.130000000000e+02  1.369420309712e-03
   34250  5.137500000000e+02  1.381362513897e-03
   34300  5.145000000000e+02  1.392307234823e-03
   34350  5.152500000000e+02  1.402152331887e-03
   34400  5.160000000000e+02  1.410824315955e-03
   34450  5.167500000000e+02  1.418269583191e-03
   34500  5.175000000000e+02  1.424456819780e-03
   34550  5.182500000000e+02  1.429377173952e-03
   34600  5.190000000000e+02  1.433038409043e-03
   34650  5.197500000000e+02  1.435463984492e-03
   34700  5.205000000000e+02  1.436690592984e-03
   34750  5.212500000000e+02  1.436769981580e-03
   34800  5.220000000000e+02  1.435779254864e-03
   34850  5.227500000000e+02  1.433817041019e-03
   34900  5.235000000000e+02  1.430991846047e-03
   34950  5.242500000000e+02  1.427417523098e-03
   35000  5.250000000000e+02  1.423216766334e-03
   35050  5.257500000000e+02  1.418522716515e-03
   35100  5.265000000000e+02  1.413480402230e-03
   35150  5.272500000000e+02  1.408240520821e-03
   35200  5.280000000000e+02  1.402955513383e-03
   35250  5.287500000000e+02  1.397774824828e-03
   35300  5.295000000000e+02  1.392840844914e-03
   35350  5.302500000000e+02  1.388287114794e-03
   35400  5.310000000000e+02  1.384239233846e-03
   35450  5.317500000000e+02  1.380818269823e-03
   35500  5.325000000000e+02  1.378133105272e-03
   35550  5.332500000000e+02  1.376283885842e-03
   35600  5.340000000000e+02  1.375360205915e-03
   35650  5.347500000000e+02  1.375434745204e-03
   35700  5.355000000000e+02  1.376564315184e-03
   35750  5.362500000000e+02  1.378794116765e-03
   35800  5.370000000000e+02  1.382155856422e-03
   35850  5.377500000000e+02  1.386667007604e-03
   35900  5.385000000000e+02  1.392334521467e-03
   35950  5.392500000000e+02  1.399149301738e-03
   36000  5.400000000000e+02  1.407083859456e-03
   36050  5.407500000000e+02  1.416092044337e-03
   36100  5.415000000000e+02  1.426111965149e-03
   36150  5.422500000000e+02  1.437072471716e-03
   36200  5.430000000000e+02  1.448893255533e-03
   36250  5.437500000000e+02  1.461482459202e-03
   36300  5.445000000000e+02  1.474736255393e-03
   36350  5.452500000000e+02  1.488537115800e-03
   36400  5.460000000000e+02  1.502754998827e-03
   36450  5.467500000000e+02  1.517251855215e-03
   36500  5.475000000000e+02  1.531886329441e-03
   36550  5.482500000000e+02  1.546513191834e-03
   36600  5.490000000000e+02  1.560985893302e-03
   36650  5.497500000000e+02  1.575160473239e-03
   36700  5.505000000000e+02  1.588894258892e-03
   36750  5.512500000000e+02  1.602047723066e-03
   36800  5.520000000000e+02  1.614489646018e-03
   36850  5.527500000000e+02  1.626102997939e-03
   36900  5.535000000000e+02  1.636786257324e-03
   36950  5.542500000000e+02  1.646454752191e-03
   37000  5.550000000000e+02  1.655040645560e-03
   37050  5.557500000000e+02  1.662491764719e-03
   37100  5.565000000000e+02  1.668773872683e-03
   37150  5.572500000000e+02  1.673875696552e-03
   37200  5.580000000000e+02  1.677808741731e-03
   37250  5.587500000000e+02  1.680609306699e-03
   37300  5.595000000000e+02  1.682333059914e-03
   37350  5.602500000000e+02  1.683049823495e-03
   37400  5.610000000000e+02  1.682847215532e-03
   37450  5.617500000000e+02  1.681824842873e-03
   37500  5.625000000000e+02  1.680095748325e-03
   37550  5.632500000000e+02  1.677787730212e-03
   37600  5.640000000000e+02  1.675035399081e-03
   37650  5.647500000000e+02  1.671974096475e-03
   37700  5.655000000000e+02  1.668736513353e-03
   37750  5.662500000000e+02  1.665451493075e-03
   37800  5.670000000000e+02  1.662246350743e-03
   37850  5.677500000000e+02  1.659241624288e-03
   37900  5.685000000000e+02  1.656551749201e-03
   37950  5.692500000000e+02  1.654285193831e-03
   38000  5.700000000000e+02  1.652539795544e-03
   38050  5.707500000000e+02  1.651401058228e-03
   38100  5.715000000000e+02  1.650941937318e-03
   38150  5.722500000000e+02  1.651218818144e-03
   38200  5.730000000000e+02  1.652274715671e-03
   38250  5.737500000000e+02  1.654141246704e-03
   38300  5.745000000000e+02  1.656837996372e-03
   38350  5.752500000000e+02  1.660369767794e-03
   38400  5.760000000000e+02  1.664725771645e-03
   38450  5.767500000000e+02  1.669882410085e-03
   38500  5.775000000000e+02  1.675802457263e-03
   38550  5.782500000000e+02  1.682436980594e-03
   38600  5.790000000000e+02  1.689730706585e-03
   38650  5.797500000000e+02  1.697617898666e-03
   38700  5.805000000000e+02  1.706025196285e-03
   38750  5.812500000000e+02  1.714874768315e-03
   38800  5.820000000000e+02  1.724081587506e-03
   38850  5.827500000000e+02  1.733559463641e-03
   38900  5.835000000000e+02  1.743220437516e-03
   38950  5.842500000000e+02  1.752976914102e-03
   39000  5.850000000000e+02  1.762743808380e-03
   39050  5.857500000000e+02  1.772437655221e-03
   39100  5.865000000000e+02  1.781978471662e-03
   39150  5.872500000000e+02  1.791294531732e-03
   39200  5.880000000000e+02  1.800321678285e-03
   39250  5.887500000000e+02  1.809004213297e-03
   39300  5.895000000000e+02  1.817294123667e-03
   39350  5.902500000000e+02  1.825152695348e-03
   39400  5.910000000000e+02  1.832545620297e-03
   39450  5.917500000000e+02  1.839446564947e-03
   39500  5.925000000000e+02  1.845840674385e-03
   39550  5.932500000000e+02  1.851721179100e-03
   39600  5.940000000000e+02  1.857090282152e-03
   39650  5.947500000000e+02  1.861960434189e-03
   39700  5.955000000000e+02  1.866350969328e-03
   39750  5.962500000000e+02  1.870282317663e-03
   39800  5.970000000000e+02  1.873782744446e-03
   39850  5.977500000000e+02  1.876887599503e-03
   39900  5.985000000000e+02  1.879639393679e-03
   39950  5.992500000000e+02  1.882084813857e-03
   40000  6.000000000000e+02  1.884269941185e-03
   40050  6.007500000000e+02  1.886242329571e-03
   40100  6.015000000000e+02  1.888050311617e-03
   40150  6.022500000000e+02  1.889741785881e-03
   40200  6.030000000000e+02  1.891365188042e-03
   40250  6.037500000000e+02  1.892966714913e-03
   40300  6.045000000000e+02  1.894592851144e-03
   40350  6.052500000000e+02  1.896287004159e-03
   40400  6.060000000000e+02  1.898088594046e-03
   40450  6.067500000000e+02  1.900031442805e-03
   40500  6.075000000000e+02  1.902148216245e-03
   40550  6.082500000000e+02  1.904468243671e-03
   40600  6.090000000000e+02  1.907018686237e-03
   40650  6.097500000000e+02  1.909820124289e-03
   40700  6.105000000000e+02  1.912889177013e-03
   40750  6.112500000000e+02  1.916238599808e-03
   40800  6.120000000000e+02  1.919877902262e-03
   40850  6.127500000000e+02  1.923813631892e-03
   40900  6.135000000000e+02  1.928044506450e-03
   40950  6.142500000000e+02  1.932566266713e-03
   41000  6.150000000000e+02  1.937371368564e-03
   41050  6.157500000000e+02  1.942450191553e-03
   41100  6.165000000000e+02  1.947789340153e-03
   41150  6.172500000000e+02  1.953369013183e-03
   41200  6.180000000000e+02  1.959166920711e-03
   41250  6.187500000000e+02  1.965161086343e-03
   41300  6.195000000000e+02  1.971325352934e-03
   41350  6.202500000000e+02  1.977629985474e-03
   41400  6.210000000000e+02  1.984042794857e-03
   41450  6.217500000000e+02  1.990529542763e-03
   41500  6.225000000000e+02  1.997057201895e-03
   41550  6.232500000000e+02  2.003589563531e-03
   41600  6.240000000000e+02  2.010089481800e-03
   41650  6.247500000000e+02  2.016519133488e-03
   41700  6.255000000000e+02  2.022836925531e-03
   41750  6.262500000000e+02  2.029003386559e-03
   41800  6.270000000000e+02  2.034981237518e-03
   41850  6.277500000000e+02  2.040733329927e-03
   41900  6.285000000000e+02  2.046227454063e-03
   41950  6.292500000000e+02  2.051433999829e-03
   42000  6.300000000000e+02  2.056325240244e-03
   42050  6.307500000000e+02  2.060878816365e-03
   42100  6.315000000000e+02  2.065079613100e-03
   42150  6.322500000000e+02  2.068919814472e-03
   42200  6.330000000000e+02  2.072397491038e-03
   42250  6.337500000000e+02  2.075516368171e-03
   42300  6.345000000000e+02  2.078287811628e-03
   42350  6.352500000000e+02  2.080730688229e-03
   42400  6.360000000000e+02  2.082871453848e-03
   42450  6.367500000000e+02  2.084746395993e-03
   42500  6.375000000000e+02  2.086398071711e-03
   42550  6.382500000000e+02  2.087873153414e-03
   42600  6.390000000000e+02  2.089224034897e-03
   42650  6.397500000000e+02  2.090508226378e-03
   42700  6.405000000000e+02  2.091786678698e-03
   42750  6.412500000000e+02  2.093118424416e-03
   42800  6.420000000000e+02  2.094563737123e-03
   42850  6.427500000000e+02  2.096184730895e-03
   42900  6.435000000000e+02  2.098040189214e-03
   42950  6.442500000000e+02  2.100184724865e-03
   43000  6.450000000000e+02  2.102666307712e-03
   43050  6.457500000000e+02  2.105526304664e-03
   43100  6.465000000000e+02  2.108802544404e-03
   43150  6.472500000000e+02  2.112524762946e-03
   43200  6.480000000000e+02  2.116714668092e-03
   43250  6.487500000000e+02  2.121385512312e-03
   43300  6.495000000000e+02  2.126544381363e-03
   43350  6.502500000000e+02  2.132188769542e-03
   43400  6.510000000000e+02  2.138306620272e-03
   43450  6.517500000000e+02  2.144875272970e-03
   43500  6.525000000000e+02  2.151864938426e-03
   43550  6.532500000000e+02  2.159238364044e-03
   43600  6.540000000000e+02  2.166951221736e-03
   43650  6.547500000000e+02  2.174952219294e-03
   43700  6.555000000000e+02  2.183181991478e-03
   43750  6.562500000000e+02  2.191577674733e-03
   43800  6.570000000000e+02  2.200073561316e-03
   43850  6.577500000000e+02  2.208600511425e-03
   43900  6.585000000000e+02  2.217088267941e-03
   43950  6.592500000000e+02  2.225463853716e-03
   44000  6.600000000000e+02  2.233653610134e-03
   44050  6.607500000000e+02  2.241586837920e-03
   44100  6.615000000000e+02  2.249198045332e-03
   44150  6.622500000000e+02  2.256427551984e-03
   44200  6.630000000000e+02  2.263220394711e-03
   44250  6.637500000000e+02  2.269528861386e-03
   44300  6.645000000000e+02  2.275315182253e-03
   44350  6.652500000000e+02  2.280549415336e-03
   44400  6.660000000000e+02  2.285210910314e-03
   44450  6.667500000000e+02  2.289288515864e-03
   44500  6.675000000000e+02  2.292780849813e-03
   44550  6.682500000000e+02  2.295698683733e-03
   44600  6.690000000000e+02  2.298060782878e-03
   44650  6.697500000000e+02  2.299892497502e-03
   44700  6.705000000000e+02  2.301228065637e-03
   44750  6.712500000000e+02  2.302108498728e-03
   44800  6.720000000000e+02  2.302582964723e-03
   44850  6.727500000000e+02  2.302704608115e-03
   44900  6.735000000000e+02  2.302531225045e-03
   44950  6.742500000000e+02  2.302124537717e-03
   45000  6.750000000000e+02  2.301547828729e-03
   45050  6.757500000000e+02  2.300867447925e-03
   45100  6.765000000000e+02  2.300151122165e-03
   45150  6.772500000000e+02  2.299465277705e-03
   45200  6.780000000000e+02  2.298870906068e-03
   45250  6.787500000000e+02  2.298424536815e-03
   45300  6.795000000000e+02  2.298180181630e-03
   45350  6.802500000000e+02  2.298187156266e-03
   45400  6.810000000000e+02  2.298491774534e-03
   45450  6.817500000000e+02  2.299135065376e-03
   45500  6.825000000000e+02  2.300156410698e-03
   45550  6.832500000000e+02  2.301590189280e-03
   45600  6.840000000000e+02  2.303464596708e-03
   45650  6.847500000000e+02  2.305801179089e-03
   45700  6.855000000000e+02  2.308616188141e-03
   45750  6.862500000000e+02  2.311922835707e-03
   45800  6.870000000000e+02  2.315732404054e-03
   45850  6.877500000000e+02  2.320054171555e-03
   45900  6.885000000000e+02  2.324890087643e-03
   45950  6.892500000000e+02  2.330235139487e-03
   46000  6.900000000000e+02  2.336081601795e-03
   46050  6.907500000000e+02  2.342418052822e-03
   46100  6.915000000000e+02  2.349228586163e-03
   46150  6.922500000000e+02  2.356493536774e-03
   46200  6.930000000000e+02  2.364189795073e-03
   46250  6.937500000000e+02  2.372290823837e-03
   46300  6.945000000000e+02  2.380766614548e-03
   46350  6.952500000000e+02  2.389580060236e-03
   46400  6.960000000000e+02  2.398689610736e-03
   46450  6.967500000000e+02  2.408047754154e-03
   46500  6.975000000000e+02  2.417606847864e-03
   46550  6.982500000000e+02  2.427313930689e-03
   46600  6.990000000000e+02  2.437110496565e-03
   46650  6.997500000000e+02  2.446930975313e-03
