################################################################################
# HEADER
# nspin         1
#%
# nik       217
#  st         1      26
# ust         1      26
# Iter             t            #  iter t Nex(t)  
################################################################################
       0  0.000000000000e+00 -2.560451850542e-15
      50  1.000000000000e+00  1.160929199995e-10
     100  2.000000000000e+00  1.856168205250e-10
     150  3.000000000000e+00  2.148080810449e-10
     200  4.000000000000e+00  1.826245057956e-10
     250  5.000000000000e+00  1.466840954256e-10
     300  6.000000000000e+00  2.590844969119e-10
     350  7.000000000000e+00  5.578182846189e-10
     400  8.000000000000e+00  1.191945556145e-09
     450  9.000000000000e+00  2.317886882430e-09
     500  1.000000000000e+01  4.328766588235e-09
     550  1.100000000000e+01  7.738621306264e-09
     600  1.200000000000e+01  1.327930177625e-08
     650  1.300000000000e+01  2.182462224831e-08
     700  1.400000000000e+01  3.446571106291e-08
     750  1.500000000000e+01  5.258858527118e-08
     800  1.600000000000e+01  7.796958708534e-08
     850  1.700000000000e+01  1.127445462684e-07
     900  1.800000000000e+01  1.595234380355e-07
     950  1.900000000000e+01  2.214517540733e-07
    1000  2.000000000000e+01  3.020399305248e-07
    1050  2.100000000000e+01  4.053696654807e-07
    1100  2.200000000000e+01  5.363739145267e-07
    1150  2.300000000000e+01  7.005757955633e-07
    1200  2.400000000000e+01  9.042077190741e-07
    1250  2.500000000000e+01  1.154504222174e-06
    1300  2.600000000000e+01  1.459215167483e-06
    1350  2.700000000000e+01  1.827133226093e-06
    1400  2.800000000000e+01  2.268253561484e-06
    1450  2.900000000000e+01  2.793671342531e-06
    1500  3.000000000000e+01  3.415695798759e-06
    1550  3.100000000000e+01  4.147625868180e-06
    1600  3.200000000000e+01  5.004069655305e-06
    1650  3.300000000000e+01  6.000965068649e-06
    1700  3.400000000000e+01  7.155191775111e-06
    1750  3.500000000000e+01  8.485524470150e-06
    1800  3.600000000000e+01  1.001219224939e-05
    1850  3.700000000000e+01  1.175647053438e-05
    1900  3.800000000000e+01  1.374110034841e-05
    1950  3.900000000000e+01  1.599074377808e-05
    2000  4.000000000000e+01  1.853161607179e-05
    2050  4.100000000000e+01  2.139160133773e-05
    2100  4.200000000000e+01  2.459994637408e-05
    2150  4.300000000000e+01  2.818917158975e-05
    2200  4.400000000000e+01  3.219265357458e-05
    2250  4.500000000000e+01  3.664524528292e-05
    2300  4.600000000000e+01  4.158378068336e-05
    2350  4.700000000000e+01  4.704682741272e-05
    2400  4.800000000000e+01  5.307552321465e-05
    2450  4.900000000000e+01  5.971304351263e-05
    2500  5.000000000000e+01  6.700355594524e-05
    2550  5.100000000000e+01  7.499295364254e-05
    2600  5.200000000000e+01  8.372979553459e-05
    2650  5.300000000000e+01  9.326331447356e-05
    2700  5.400000000000e+01  1.036469763950e-04
    2750  5.500000000000e+01  1.149339613399e-04
    2800  5.600000000000e+01  1.271790233349e-04
    2850  5.700000000000e+01  1.404402070221e-04
    2900  5.800000000000e+01  1.547743219642e-04
    2950  5.900000000000e+01  1.702432846661e-04
    3000  6.000000000000e+01  1.869092934138e-04
    3050  6.100000000000e+01  2.048357802222e-04
    3100  6.200000000000e+01  2.240882886800e-04
    3150  6.300000000000e+01  2.447331973953e-04
    3200  6.400000000000e+01  2.668374497828e-04
    3250  6.500000000000e+01  2.904705293502e-04
    3300  6.600000000000e+01  3.157043173543e-04
    3350  6.700000000000e+01  3.426100231366e-04
    3400  6.800000000000e+01  3.712585880415e-04
    3450  6.900000000000e+01  4.017219604631e-04
    3500  7.000000000000e+01  4.340739433780e-04
    3550  7.100000000000e+01  4.683912586529e-04
    3600  7.200000000000e+01  5.047469253480e-04
    3650  7.300000000000e+01  5.432167125364e-04
    3700  7.400000000000e+01  5.838726209372e-04
    3750  7.500000000000e+01  6.267887246742e-04
    3800  7.600000000000e+01  6.720430006097e-04
    3850  7.700000000000e+01  7.197113013593e-04
    3900  7.800000000000e+01  7.698654030122e-04
    3950  7.900000000000e+01  8.225758655584e-04
    4000  8.000000000000e+01  8.779114920324e-04
    4050  8.100000000000e+01  9.359468120945e-04
    4100  8.200000000000e+01  9.967543357456e-04
    4150  8.300000000000e+01  1.060399084552e-03
    4200  8.400000000000e+01  1.126948127219e-03
    4250  8.500000000000e+01  1.196462795978e-03
    4300  8.600000000000e+01  1.269011190335e-03
    4350  8.700000000000e+01  1.344658445295e-03
    4400  8.800000000000e+01  1.423460192445e-03
    4450  8.900000000000e+01  1.505472845979e-03
    4500  9.000000000000e+01  1.590743140833e-03
    4550  9.100000000000e+01  1.679324980540e-03
    4600  9.200000000000e+01  1.771267957854e-03
    4650  9.300000000000e+01  1.866611974246e-03
    4700  9.400000000000e+01  1.965392722678e-03
    4750  9.500000000000e+01  2.067643559581e-03
    4800  9.600000000000e+01  2.173402444888e-03
    4850  9.700000000000e+01  2.282697660240e-03
    4900  9.800000000000e+01  2.395552540157e-03
    4950  9.900000000000e+01  2.511980766064e-03
    5000  1.000000000000e+02  2.631993299454e-03
    5050  1.010000000000e+02  2.755608424762e-03
    5100  1.020000000000e+02  2.882831867851e-03
    5150  1.030000000000e+02  3.013657473776e-03
    5200  1.040000000000e+02  3.148068233033e-03
    5250  1.050000000000e+02  3.286051911293e-03
    5300  1.060000000000e+02  3.427592387148e-03
    5350  1.070000000000e+02  3.572672120656e-03
    5400  1.080000000000e+02  3.721255077772e-03
    5450  1.090000000000e+02  3.873297477418e-03
    5500  1.100000000000e+02  4.028750934017e-03
    5550  1.110000000000e+02  4.187571760202e-03
    5600  1.120000000000e+02  4.349703072160e-03
    5650  1.130000000000e+02  4.515082918989e-03
    5700  1.140000000000e+02  4.683634344953e-03
    5750  1.150000000000e+02  4.855270590317e-03
    5800  1.160000000000e+02  5.029910510139e-03
    5850  1.170000000000e+02  5.207466172343e-03
    5900  1.180000000000e+02  5.387837767983e-03
    5950  1.190000000000e+02  5.570908484813e-03
    6000  1.200000000000e+02  5.756557620924e-03
    6050  1.210000000000e+02  5.944669407548e-03
    6100  1.220000000000e+02  6.135117384921e-03
    6150  1.230000000000e+02  6.327763640904e-03
    6200  1.240000000000e+02  6.522451245873e-03
    6250  1.250000000000e+02  6.719029494420e-03
    6300  1.260000000000e+02  6.917345908473e-03
    6350  1.270000000000e+02  7.117231028559e-03
    6400  1.280000000000e+02  7.318514583891e-03
    6450  1.290000000000e+02  7.521000630284e-03
    6500  1.300000000000e+02  7.724503966935e-03
    6550  1.310000000000e+02  7.928830991061e-03
    6600  1.320000000000e+02  8.133783089209e-03
    6650  1.330000000000e+02  8.339152552356e-03
    6700  1.340000000000e+02  8.544717257801e-03
    6750  1.350000000000e+02  8.750261286039e-03
    6800  1.360000000000e+02  8.955554827759e-03
    6850  1.370000000000e+02  9.160368357297e-03
    6900  1.380000000000e+02  9.364463666727e-03
    6950  1.390000000000e+02  9.567598242965e-03
    7000  1.400000000000e+02  9.769523501351e-03
    7050  1.410000000000e+02  9.969984336653e-03
    7100  1.420000000000e+02  1.016872765001e-02
    7150  1.430000000000e+02  1.036549236752e-02
    7200  1.440000000000e+02  1.056000323018e-02
    7250  1.450000000000e+02  1.075199897950e-02
    7300  1.460000000000e+02  1.094119645652e-02
    7350  1.470000000000e+02  1.112731649817e-02
    7400  1.480000000000e+02  1.131008276812e-02
    7450  1.490000000000e+02  1.148920429248e-02
    7500  1.500000000000e+02  1.166440022516e-02
    7550  1.510000000000e+02  1.183538058340e-02
    7600  1.520000000000e+02  1.200185776464e-02
    7650  1.530000000000e+02  1.216355647453e-02
    7700  1.540000000000e+02  1.232019002896e-02
    7750  1.550000000000e+02  1.247148618814e-02
    7800  1.560000000000e+02  1.261715615115e-02
    7850  1.570000000000e+02  1.275692645157e-02
    7900  1.580000000000e+02  1.289053670181e-02
    7950  1.590000000000e+02  1.301770885124e-02
    8000  1.600000000000e+02  1.313817282801e-02
    8050  1.610000000000e+02  1.325164862105e-02
    8100  1.620000000000e+02  1.335788878887e-02
    8150  1.630000000000e+02  1.345664704065e-02
    8200  1.640000000000e+02  1.354766458565e-02
    8250  1.650000000000e+02  1.363069524767e-02
    8300  1.660000000000e+02  1.370549520138e-02
    8350  1.670000000000e+02  1.377183640543e-02
    8400  1.680000000000e+02  1.382949378171e-02
    8450  1.690000000000e+02  1.387825759631e-02
    8500  1.700000000000e+02  1.391791689204e-02
    8550  1.710000000000e+02  1.394826846154e-02
    8600  1.720000000000e+02  1.396912826383e-02
    8650  1.730000000000e+02  1.398032585709e-02
    8700  1.740000000000e+02  1.398169739043e-02
    8750  1.750000000000e+02  1.397310327396e-02
    8800  1.760000000000e+02  1.395439661303e-02
    8850  1.770000000000e+02  1.392545334980e-02
    8900  1.780000000000e+02  1.388616338380e-02
    8950  1.790000000000e+02  1.383644636922e-02
    9000  1.800000000000e+02  1.377622505122e-02
    9050  1.810000000000e+02  1.370542136542e-02
    9100  1.820000000000e+02  1.362397658209e-02
    9150  1.830000000000e+02  1.353185796594e-02
    9200  1.840000000000e+02  1.342906225094e-02
    9250  1.850000000000e+02  1.331559265239e-02
    9300  1.860000000000e+02  1.319146780038e-02
    9350  1.870000000000e+02  1.305672127660e-02
    9400  1.880000000000e+02  1.291142017845e-02
    9450  1.890000000000e+02  1.275564778220e-02
    9500  1.900000000000e+02  1.258950658954e-02
    9550  1.910000000000e+02  1.241311727608e-02
    9600  1.920000000000e+02  1.222662066339e-02
    9650  1.930000000000e+02  1.203018145581e-02
    9700  1.940000000000e+02  1.182401052431e-02
    9750  1.950000000000e+02  1.160831731898e-02
    9800  1.960000000000e+02  1.138332612767e-02
    9850  1.970000000000e+02  1.114928387063e-02
    9900  1.980000000000e+02  1.090648430356e-02
    9950  1.990000000000e+02  1.065524231938e-02
   10000  2.000000000000e+02  1.039588495937e-02
   10050  2.010000000000e+02  1.012875709583e-02
   10100  2.020000000000e+02  9.854215564705e-03
   10150  2.030000000000e+02  9.572679806935e-03
   10200  2.040000000000e+02  9.284571967940e-03
   10250  2.050000000000e+02  8.990343254766e-03
   10300  2.060000000000e+02  8.690459550054e-03
   10350  2.070000000000e+02  8.385415752383e-03
   10400  2.080000000000e+02  8.075735970940e-03
   10450  2.090000000000e+02  7.761973994027e-03
   10500  2.100000000000e+02  7.444704897458e-03
   10550  2.110000000000e+02  7.124523200836e-03
   10600  2.120000000000e+02  6.802051709537e-03
   10650  2.130000000000e+02  6.477929642292e-03
   10700  2.140000000000e+02  6.152832569513e-03
   10750  2.150000000000e+02  5.827462237077e-03
   10800  2.160000000000e+02  5.502534272034e-03
   10850  2.170000000000e+02  5.178785693046e-03
   10900  2.180000000000e+02  4.856986304137e-03
   10950  2.190000000000e+02  4.537929065201e-03
   11000  2.200000000000e+02  4.222417050573e-03
   11050  2.210000000000e+02  3.911287004620e-03
   11100  2.220000000000e+02  3.605390683372e-03
   11150  2.230000000000e+02  3.305600623600e-03
   11200  2.240000000000e+02  3.012813451420e-03
   11250  2.250000000000e+02  2.727943475600e-03
   11300  2.260000000000e+02  2.451919426911e-03
   11350  2.270000000000e+02  2.185689067135e-03
   11400  2.280000000000e+02  1.930221709319e-03
   11450  2.290000000000e+02  1.686500669604e-03
   11500  2.300000000000e+02  1.455528531436e-03
   11550  2.310000000000e+02  1.238321579073e-03
   11600  2.320000000000e+02  1.035908881241e-03
   11650  2.330000000000e+02  8.493341919470e-04
   11700  2.340000000000e+02  6.796522196518e-04
   11750  2.350000000000e+02  5.279296066894e-04
   11800  2.360000000000e+02  3.952461136605e-04
   11850  2.370000000000e+02  2.826873565804e-04
   11900  2.380000000000e+02  1.913457268555e-04
   11950  2.390000000000e+02  1.223247212872e-04
   12000  2.400000000000e+02  7.673064893526e-05
   12050  2.410000000000e+02  5.567621684017e-05
   12100  2.420000000000e+02  6.027701111429e-05
   12150  2.430000000000e+02  9.165093159200e-05
   12200  2.440000000000e+02  1.509159600119e-04
   12250  2.450000000000e+02  2.391911874731e-04
   12300  2.460000000000e+02  3.575931237907e-04
   12350  2.470000000000e+02  5.072359380117e-04
   12400  2.480000000000e+02  6.892300062636e-04
   12450  2.490000000000e+02  9.046799775194e-04
   12500  2.500000000000e+02  1.154683012072e-03
   12550  2.510000000000e+02  1.440328913848e-03
   12600  2.520000000000e+02  1.762698036748e-03
   12650  2.530000000000e+02  2.122859893507e-03
   12700  2.540000000000e+02  2.521865262618e-03
   12750  2.550000000000e+02  2.960754625824e-03
   12800  2.560000000000e+02  3.440550230684e-03
   12850  2.570000000000e+02  3.962260812215e-03
   12900  2.580000000000e+02  4.526878021344e-03
   12950  2.590000000000e+02  5.135363436221e-03
   13000  2.600000000000e+02  5.788662571819e-03
   13050  2.610000000000e+02  6.487699457561e-03
   13100  2.620000000000e+02  7.233369499807e-03
   13150  2.630000000000e+02  8.026546159622e-03
   13200  2.640000000000e+02  8.868076951030e-03
   13250  2.650000000000e+02  9.758775957580e-03
   13300  2.660000000000e+02  1.069941502371e-02
   13350  2.670000000000e+02  1.169074167291e-02
   13400  2.680000000000e+02  1.273347458757e-02
   13450  2.690000000000e+02  1.382830607706e-02
   13500  2.700000000000e+02  1.497588059140e-02
   13550  2.710000000000e+02  1.617680332167e-02
   13600  2.720000000000e+02  1.743163845403e-02
   13650  2.730000000000e+02  1.874091036540e-02
   13700  2.740000000000e+02  2.010511709238e-02
   13750  2.750000000000e+02  2.152470763754e-02
   13800  2.760000000000e+02  2.300007438086e-02
   13850  2.770000000000e+02  2.453156733780e-02
   13900  2.780000000000e+02  2.611948156500e-02
   13950  2.790000000000e+02  2.776409428774e-02
   14000  2.800000000000e+02  2.946561403705e-02
   14050  2.810000000000e+02  3.122418138747e-02
   14100  2.820000000000e+02  3.303990237433e-02
   14150  2.830000000000e+02  3.491283034948e-02
   14200  2.840000000000e+02  3.684297142962e-02
   14250  2.850000000000e+02  3.883025765116e-02
   14300  2.860000000000e+02  4.087457339880e-02
   14350  2.870000000000e+02  4.297574548217e-02
   14400  2.880000000000e+02  4.513354670730e-02
   14450  2.890000000000e+02  4.734770427481e-02
   14500  2.900000000000e+02  4.961786652120e-02
   14550  2.910000000000e+02  5.194360723985e-02
   14600  2.920000000000e+02  5.432449052705e-02
   14650  2.930000000000e+02  5.676000386023e-02
   14700  2.940000000000e+02  5.924957334353e-02
   14750  2.950000000000e+02  6.179256205804e-02
   14800  2.960000000000e+02  6.438824921830e-02
   14850  2.970000000000e+02  6.703588897698e-02
   14900  2.980000000000e+02  6.973467156027e-02
   14950  2.990000000000e+02  7.248373948191e-02
   15000  3.000000000000e+02  7.528214483672e-02
   15050  3.010000000000e+02  7.812885823528e-02
   15100  3.020000000000e+02  8.102283659558e-02
   15150  3.030000000000e+02  8.396295139372e-02
   15200  3.040000000000e+02  8.694800783743e-02
   15250  3.050000000000e+02  8.997677278718e-02
   15300  3.060000000000e+02  9.304794308736e-02
   15350  3.070000000000e+02  9.616013421115e-02
   15400  3.080000000000e+02  9.931190834545e-02
   15450  3.090000000000e+02  1.025017840931e-01
   15500  3.100000000000e+02  1.057282189604e-01
   15550  3.110000000000e+02  1.089896119061e-01
   15600  3.120000000000e+02  1.122843051932e-01
   15650  3.130000000000e+02  1.156106005024e-01
   15700  3.140000000000e+02  1.189667349289e-01
   15750  3.150000000000e+02  1.223508939716e-01
   15800  3.160000000000e+02  1.257612093139e-01
   15850  3.170000000000e+02  1.291957708890e-01
   15900  3.180000000000e+02  1.326525949236e-01
   15950  3.190000000000e+02  1.361297064409e-01
   16000  3.200000000000e+02  1.396250422662e-01
   16050  3.210000000000e+02  1.431364727581e-01
   16100  3.220000000000e+02  1.466618532236e-01
   16150  3.230000000000e+02  1.501989580204e-01
   16200  3.240000000000e+02  1.537455831086e-01
   16250  3.250000000000e+02  1.572994402919e-01
   16300  3.260000000000e+02  1.608582481799e-01
   16350  3.270000000000e+02  1.644196522788e-01
   16400  3.280000000000e+02  1.679812334053e-01
   16450  3.290000000000e+02  1.715405920815e-01
   16500  3.300000000000e+02  1.750953177370e-01
   16550  3.310000000000e+02  1.786429393339e-01
   16600  3.320000000000e+02  1.821809748349e-01
   16650  3.330000000000e+02  1.857069046566e-01
   16700  3.340000000000e+02  1.892181835658e-01
   16750  3.350000000000e+02  1.927122650189e-01
   16800  3.360000000000e+02  1.961865283754e-01
   16850  3.370000000000e+02  1.996384036815e-01
   16900  3.380000000000e+02  2.030652576502e-01
   16950  3.390000000000e+02  2.064644774293e-01
   17000  3.400000000000e+02  2.098334679660e-01
   17050  3.410000000000e+02  2.131695647044e-01
   17100  3.420000000000e+02  2.164701225338e-01
   17150  3.430000000000e+02  2.197325052807e-01
   17200  3.440000000000e+02  2.229541249303e-01
   17250  3.450000000000e+02  2.261323362096e-01
   17300  3.460000000000e+02  2.292645426645e-01
   17350  3.470000000000e+02  2.323481552746e-01
   17400  3.480000000000e+02  2.353805678019e-01
   17450  3.490000000000e+02  2.383591890473e-01
   17500  3.500000000000e+02  2.412814958116e-01
   17550  3.510000000000e+02  2.441449616025e-01
   17600  3.520000000000e+02  2.469470721395e-01
   17650  3.530000000000e+02  2.496853199626e-01
   17700  3.540000000000e+02  2.523572165975e-01
   17750  3.550000000000e+02  2.549603166282e-01
   17800  3.560000000000e+02  2.574922424420e-01
   17850  3.570000000000e+02  2.599506114143e-01
   17900  3.580000000000e+02  2.623330630865e-01
   17950  3.590000000000e+02  2.646373055898e-01
   18000  3.600000000000e+02  2.668610549493e-01
   18050  3.610000000000e+02  2.690021200103e-01
   18100  3.620000000000e+02  2.710583004822e-01
   18150  3.630000000000e+02  2.730274894044e-01
   18200  3.640000000000e+02  2.749076230444e-01
   18250  3.650000000000e+02  2.766966873145e-01
   18300  3.660000000000e+02  2.783927187718e-01
   18350  3.670000000000e+02  2.799938299048e-01
   18400  3.680000000000e+02  2.814981889469e-01
   18450  3.690000000000e+02  2.829040476799e-01
   18500  3.700000000000e+02  2.842097020553e-01
   18550  3.710000000000e+02  2.854134896729e-01
   18600  3.720000000000e+02  2.865138812418e-01
   18650  3.730000000000e+02  2.875093463998e-01
   18700  3.740000000000e+02  2.883985025314e-01
   18750  3.750000000000e+02  2.891799794982e-01
   18800  3.760000000000e+02  2.898524983593e-01
   18850  3.770000000000e+02  2.904148711776e-01
   18900  3.780000000000e+02  2.908660350303e-01
   18950  3.790000000000e+02  2.912049401444e-01
   19000  3.800000000000e+02  2.914306777117e-01
   19050  3.810000000000e+02  2.915424531092e-01
   19100  3.820000000000e+02  2.915394640836e-01
   19150  3.830000000000e+02  2.914210820076e-01
   19200  3.840000000000e+02  2.911867351332e-01
   19250  3.850000000000e+02  2.908359645192e-01
   19300  3.860000000000e+02  2.903683812705e-01
   19350  3.870000000000e+02  2.897837709442e-01
   19400  3.880000000000e+02  2.890819407062e-01
   19450  3.890000000000e+02  2.882627928876e-01
   19500  3.900000000000e+02  2.873263506040e-01
   19550  3.910000000000e+02  2.862727125204e-01
   19600  3.920000000000e+02  2.851021790630e-01
   19650  3.930000000000e+02  2.838150193113e-01
   19700  3.940000000000e+02  2.824116525237e-01
   19750  3.950000000000e+02  2.808926139422e-01
   19800  3.960000000000e+02  2.792585503241e-01
   19850  3.970000000000e+02  2.775102060122e-01
   19900  3.980000000000e+02  2.756484239717e-01
   19950  3.990000000000e+02  2.736741387466e-01
   20000  4.000000000000e+02  2.715884187108e-01
   20050  4.010000000000e+02  2.693924533137e-01
   20100  4.020000000000e+02  2.670876115700e-01
   20150  4.030000000000e+02  2.646756253998e-01
   20200  4.040000000000e+02  2.621572295331e-01
   20250  4.050000000000e+02  2.595340812338e-01
   20300  4.060000000000e+02  2.568080034112e-01
   20350  4.070000000000e+02  2.539807877511e-01
   20400  4.080000000000e+02  2.510546269105e-01
   20450  4.090000000000e+02  2.480313701723e-01
   20500  4.100000000000e+02  2.449132039783e-01
   20550  4.110000000000e+02  2.417024967152e-01
   20600  4.120000000000e+02  2.384015397437e-01
   20650  4.130000000000e+02  2.350128266166e-01
   20700  4.140000000000e+02  2.315389389516e-01
   20750  4.150000000000e+02  2.279821848981e-01
   20800  4.160000000000e+02  2.243452912437e-01
   20850  4.170000000000e+02  2.206312573720e-01
   20900  4.180000000000e+02  2.168430355932e-01
   20950  4.190000000000e+02  2.129837262482e-01
   21000  4.200000000000e+02  2.090565457558e-01
   21050  4.210000000000e+02  2.050645531874e-01
   21100  4.220000000000e+02  2.010110460871e-01
   21150  4.230000000000e+02  1.968994653428e-01
   21200  4.240000000000e+02  1.927333365900e-01
   21250  4.250000000000e+02  1.885162147600e-01
   21300  4.260000000000e+02  1.842516180389e-01
   21350  4.270000000000e+02  1.799431386765e-01
   21400  4.280000000000e+02  1.755946483332e-01
   21450  4.290000000000e+02  1.712102775851e-01
   21500  4.300000000000e+02  1.667939416000e-01
   21550  4.310000000000e+02  1.623495606622e-01
   21600  4.320000000000e+02  1.578811002460e-01
   21650  4.330000000000e+02  1.533925455688e-01
   21700  4.340000000000e+02  1.488880922368e-01
   21750  4.350000000000e+02  1.443721079136e-01
   21800  4.360000000000e+02  1.398489017687e-01
   21850  4.370000000000e+02  1.353228575691e-01
   21900  4.380000000000e+02  1.307982324265e-01
   21950  4.390000000000e+02  1.262793516828e-01
   22000  4.400000000000e+02  1.217707309231e-01
   22050  4.410000000000e+02  1.172769557024e-01
   22100  4.420000000000e+02  1.128024504732e-01
   22150  4.430000000000e+02  1.083517555105e-01
   22200  4.440000000000e+02  1.039294783698e-01
   22250  4.450000000000e+02  9.954024136574e-02
   22300  4.460000000000e+02  9.518864520722e-02
   22350  4.470000000000e+02  9.087922517732e-02
   22400  4.480000000000e+02  8.661656378666e-02
   22450  4.490000000000e+02  8.240529802521e-02
   22500  4.500000000000e+02  7.825004631252e-02
   22550  4.510000000000e+02  7.415538112241e-02
   22600  4.520000000000e+02  7.012586049783e-02
   22650  4.530000000000e+02  6.616602285260e-02
   22700  4.540000000000e+02  6.228044249646e-02
   22750  4.550000000000e+02  5.847371387660e-02
   22800  4.560000000000e+02  5.475031592820e-02
   22850  4.570000000000e+02  5.111463370516e-02
   22900  4.580000000000e+02  4.757105370204e-02
   22950  4.590000000000e+02  4.412391640088e-02
   23000  4.600000000000e+02  4.077749522888e-02
   23050  4.610000000000e+02  3.753607033324e-02
   23100  4.620000000000e+02  3.440384882108e-02
   23150  4.630000000000e+02  3.138493809723e-02
   23200  4.640000000000e+02  2.848335793376e-02
   23250  4.650000000000e+02  2.570308963790e-02
   23300  4.660000000000e+02  2.304805042543e-02
   23350  4.670000000000e+02  2.052208452974e-02
   23400  4.680000000000e+02  1.812890192127e-02
   23450  4.690000000000e+02  1.587212978031e-02
   23500  4.700000000000e+02  1.375531448843e-02
   23550  4.710000000000e+02  1.178186552115e-02
   23600  4.720000000000e+02  9.955123264191e-03
   23650  4.730000000000e+02  8.278329575954e-03
   23700  4.740000000000e+02  6.754599368282e-03
   23750  4.750000000000e+02  5.386940263707e-03
   23800  4.760000000000e+02  4.178246853371e-03
   23850  4.770000000000e+02  3.131253864569e-03
   23900  4.780000000000e+02  2.248584732257e-03
   23950  4.790000000000e+02  1.532732711326e-03
   24000  4.800000000000e+02  9.860534843879e-04
   24050  4.810000000000e+02  6.107676469913e-04
   24100  4.820000000000e+02  4.089489099094e-04
   24150  4.830000000000e+02  3.825304915584e-04
   24200  4.840000000000e+02  5.333007170099e-04
   24250  4.850000000000e+02  8.628948071695e-04
   24300  4.860000000000e+02  1.372792970031e-03
   24350  4.870000000000e+02  2.064319164639e-03
   24400  4.880000000000e+02  2.938640401906e-03
   24450  4.890000000000e+02  3.996778757858e-03
   24500  4.900000000000e+02  5.239582809142e-03
   24550  4.910000000000e+02  6.667739357648e-03
   24600  4.920000000000e+02  8.281781191676e-03
   24650  4.930000000000e+02  1.008206364815e-02
   24700  4.940000000000e+02  1.206877272325e-02
   24750  4.950000000000e+02  1.424192957510e-02
   24800  4.960000000000e+02  1.660137288598e-02
   24850  4.970000000000e+02  1.914676517739e-02
   24900  4.980000000000e+02  2.187762348550e-02
   24950  4.990000000000e+02  2.479325100300e-02
   25000  5.000000000000e+02  2.789282794057e-02
   25050  5.010000000000e+02  3.117539134347e-02
   25100  5.020000000000e+02  3.463976898303e-02
   25150  5.030000000000e+02  3.828461111824e-02
   25200  5.040000000000e+02  4.210842549266e-02
   25250  5.050000000000e+02  4.610950806550e-02
   25300  5.060000000000e+02  5.028598302141e-02
   25350  5.070000000000e+02  5.463583916914e-02
   25400  5.080000000000e+02  5.915687086171e-02
   25450  5.090000000000e+02  6.384671171634e-02
   25500  5.100000000000e+02  6.870292079115e-02
   25550  5.110000000000e+02  7.372288724224e-02
   25600  5.120000000000e+02  7.890382206308e-02
   25650  5.130000000000e+02  8.424277350717e-02
   25700  5.140000000000e+02  8.973661466110e-02
   25750  5.150000000000e+02  9.538213200578e-02
   25800  5.160000000000e+02  1.011759360145e-01
   25850  5.170000000000e+02  1.071143657300e-01
   25900  5.180000000000e+02  1.131937744875e-01
   25950  5.190000000000e+02  1.194104483394e-01
   26000  5.200000000000e+02  1.257604695622e-01
   26050  5.210000000000e+02  1.322398015164e-01
   26100  5.220000000000e+02  1.388443357101e-01
   26150  5.230000000000e+02  1.455697859580e-01
   26200  5.240000000000e+02  1.524117366897e-01
   26250  5.250000000000e+02  1.593656899094e-01
   26300  5.260000000000e+02  1.664270008914e-01
   26350  5.270000000000e+02  1.735909447966e-01
   26400  5.280000000000e+02  1.808526615796e-01
   26450  5.290000000000e+02  1.882071688244e-01
   26500  5.300000000000e+02  1.956494466351e-01
   26550  5.310000000000e+02  2.031743488737e-01
   26600  5.320000000000e+02  2.107766902898e-01
   26650  5.330000000000e+02  2.184512029855e-01
   26700  5.340000000000e+02  2.261925356178e-01
   26750  5.350000000000e+02  2.339952734325e-01
   26800  5.360000000000e+02  2.418539059616e-01
   26850  5.370000000000e+02  2.497627866509e-01
   26900  5.380000000000e+02  2.577162527845e-01
   26950  5.390000000000e+02  2.657086263559e-01
   27000  5.400000000000e+02  2.737341131832e-01
   27050  5.410000000000e+02  2.817868737093e-01
   27100  5.420000000000e+02  2.898611465827e-01
   27150  5.430000000000e+02  2.979511088180e-01
   27200  5.440000000000e+02  3.060508809338e-01
   27250  5.450000000000e+02  3.141546626735e-01
   27300  5.460000000000e+02  3.222566560912e-01
   27350  5.470000000000e+02  3.303509746248e-01
   27400  5.480000000000e+02  3.384318223352e-01
   27450  5.490000000000e+02  3.464933644883e-01
   27500  5.500000000000e+02  3.545297669846e-01
   27550  5.510000000000e+02  3.625352894674e-01
   27600  5.520000000000e+02  3.705041407274e-01
   27650  5.530000000000e+02  3.784305982762e-01
   27700  5.540000000000e+02  3.863089598055e-01
   27750  5.550000000000e+02  3.941334707701e-01
   27800  5.560000000000e+02  4.018985957024e-01
   27850  5.570000000000e+02  4.095987798297e-01
   27900  5.580000000000e+02  4.172284217681e-01
   27950  5.590000000000e+02  4.247821348821e-01
   28000  5.600000000000e+02  4.322544716707e-01
   28050  5.610000000000e+02  4.396399719494e-01
   28100  5.620000000000e+02  4.469332218612e-01
   28150  5.630000000000e+02  4.541289510869e-01
   28200  5.640000000000e+02  4.612220286354e-01
   28250  5.650000000000e+02  4.682073304170e-01
   28300  5.660000000000e+02  4.750797471609e-01
   28350  5.670000000000e+02  4.818343826427e-01
   28400  5.680000000000e+02  4.884662901012e-01
   28450  5.690000000000e+02  4.949705767077e-01
   28500  5.700000000000e+02  5.013424733502e-01
   28550  5.710000000000e+02  5.075773252967e-01
   28600  5.720000000000e+02  5.136705430041e-01
   28650  5.730000000000e+02  5.196175633672e-01
   28700  5.740000000000e+02  5.254141317432e-01
   28750  5.750000000000e+02  5.310559123552e-01
   28800  5.760000000000e+02  5.365386335436e-01
   28850  5.770000000000e+02  5.418584397118e-01
   28900  5.780000000000e+02  5.470112915726e-01
   28950  5.790000000000e+02  5.519933934887e-01
   29000  5.800000000000e+02  5.568010780645e-01
   29050  5.810000000000e+02  5.614307248946e-01
   29100  5.820000000000e+02  5.658790619088e-01
   29150  5.830000000000e+02  5.701428599574e-01
   29200  5.840000000000e+02  5.742189135790e-01
   29250  5.850000000000e+02  5.781042311283e-01
   29300  5.860000000000e+02  5.817961454526e-01
   29350  5.870000000000e+02  5.852919489956e-01
   29400  5.880000000000e+02  5.885891868454e-01
   29450  5.890000000000e+02  5.916856073422e-01
   29500  5.900000000000e+02  5.945788885119e-01
   29550  5.910000000000e+02  5.972671006504e-01
   29600  5.920000000000e+02  5.997482918690e-01
   29650  5.930000000000e+02  6.020208280377e-01
   29700  5.940000000000e+02  6.040832971812e-01
   29750  5.950000000000e+02  6.059342581613e-01
   29800  5.960000000000e+02  6.075722781083e-01
   29850  5.970000000000e+02  6.089963008504e-01
   29900  5.980000000000e+02  6.102054157296e-01
   29950  5.990000000000e+02  6.111987083766e-01
   30000  6.000000000000e+02  6.119756273894e-01
   30050  6.010000000000e+02  6.125356435600e-01
   30100  6.020000000000e+02  6.128782354254e-01
   30150  6.030000000000e+02  6.130031928910e-01
   30200  6.040000000000e+02  6.129104032346e-01
   30250  6.050000000000e+02  6.125998907460e-01
   30300  6.060000000000e+02  6.120719076119e-01
   30350  6.070000000000e+02  6.113267439533e-01
   30400  6.080000000000e+02  6.103648534111e-01
   30450  6.090000000000e+02  6.091869328775e-01
   30500  6.100000000000e+02  6.077937551125e-01
   30550  6.110000000000e+02  6.061862099459e-01
   30600  6.120000000000e+02  6.043655876096e-01
   30650  6.130000000000e+02  6.023331457586e-01
   30700  6.140000000000e+02  6.000903470093e-01
   30750  6.150000000000e+02  5.976388885407e-01
   30800  6.160000000000e+02  5.949805689646e-01
   30850  6.170000000000e+02  5.921172849498e-01
   30900  6.180000000000e+02  5.890511537227e-01
   30950  6.190000000000e+02  5.857844734928e-01
   31000  6.200000000000e+02  5.823196111802e-01
   31050  6.210000000000e+02  5.786591175771e-01
   31100  6.220000000000e+02  5.748056083848e-01
   31150  6.230000000000e+02  5.707619194729e-01
   31200  6.240000000000e+02  5.665310477350e-01
   31250  6.250000000000e+02  5.621160670006e-01
   31300  6.260000000000e+02  5.575202046337e-01
   31350  6.270000000000e+02  5.527469130559e-01
   31400  6.280000000000e+02  5.477995208245e-01
   31450  6.290000000000e+02  5.426815911896e-01
   31500  6.300000000000e+02  5.373968577457e-01
   31550  6.310000000000e+02  5.319491414289e-01
   31600  6.320000000000e+02  5.263425331639e-01
   31650  6.330000000000e+02  5.205811383600e-01
   31700  6.340000000000e+02  5.146690419955e-01
   31750  6.350000000000e+02  5.086105661224e-01
   31800  6.360000000000e+02  5.024100966446e-01
   31850  6.370000000000e+02  4.960721624919e-01
   31900  6.380000000000e+02  4.896014441853e-01
   31950  6.390000000000e+02  4.830026686854e-01
   32000  6.400000000000e+02  4.762806674410e-01
   32050  6.410000000000e+02  4.694403574337e-01
   32100  6.420000000000e+02  4.624866464226e-01
   32150  6.430000000000e+02  4.554246241503e-01
   32200  6.440000000000e+02  4.482595536511e-01
   32250  6.450000000000e+02  4.409966393090e-01
   32300  6.460000000000e+02  4.336412324359e-01
   32350  6.470000000000e+02  4.261987566970e-01
   32400  6.480000000000e+02  4.186745272848e-01
   32450  6.490000000000e+02  4.110740208612e-01
   32500  6.500000000000e+02  4.034028148611e-01
   32550  6.510000000000e+02  3.956663459802e-01
   32600  6.520000000000e+02  3.878702452866e-01
   32650  6.530000000000e+02  3.800202468343e-01
   32700  6.540000000000e+02  3.721218577640e-01
   32750  6.550000000000e+02  3.641808114398e-01
   32800  6.560000000000e+02  3.562029020450e-01
   32850  6.570000000000e+02  3.481938470956e-01
   32900  6.580000000000e+02  3.401594370145e-01
   32950  6.590000000000e+02  3.321054831242e-01
   33000  6.600000000000e+02  3.240377680680e-01
   33050  6.610000000000e+02  3.159620481439e-01
   33100  6.620000000000e+02  3.078841197917e-01
   33150  6.630000000000e+02  2.998097717936e-01
   33200  6.640000000000e+02  2.917448245578e-01
   33250  6.650000000000e+02  2.836950109689e-01
   33300  6.660000000000e+02  2.756659570722e-01
   33350  6.670000000000e+02  2.676634111655e-01
   33400  6.680000000000e+02  2.596931149618e-01
   33450  6.690000000000e+02  2.517606769389e-01
   33500  6.700000000000e+02  2.438717197418e-01
   33550  6.710000000000e+02  2.360317674062e-01
   33600  6.720000000000e+02  2.282462207491e-01
   33650  6.730000000000e+02  2.205205438044e-01
   33700  6.740000000000e+02  2.128601459827e-01
   33750  6.750000000000e+02  2.052703470837e-01
   33800  6.760000000000e+02  1.977563984747e-01
   33850  6.770000000000e+02  1.903233941586e-01
   33900  6.780000000000e+02  1.829763244565e-01
   33950  6.790000000000e+02  1.757201998934e-01
   34000  6.800000000000e+02  1.685599618722e-01
   34050  6.810000000000e+02  1.615003364030e-01
   34100  6.820000000000e+02  1.545460744348e-01
   34150  6.830000000000e+02  1.477018297813e-01
   34200  6.840000000000e+02  1.409719892343e-01
   34250  6.850000000000e+02  1.343609730537e-01
   34300  6.860000000000e+02  1.278730701087e-01
   34350  6.870000000000e+02  1.215123778521e-01
   34400  6.880000000000e+02  1.152829240152e-01
   34450  6.890000000000e+02  1.091886049028e-01
   34500  6.900000000000e+02  1.032331821264e-01
   34550  6.910000000000e+02  9.742026195259e-02
   34600  6.920000000000e+02  9.175337526593e-02
   34650  6.930000000000e+02  8.623587261734e-02
   34700  6.940000000000e+02  8.087100438198e-02
   34750  6.950000000000e+02  7.566178758885e-02
   34800  6.960000000000e+02  7.061114853241e-02
   34850  6.970000000000e+02  6.572186693758e-02
   34900  6.980000000000e+02  6.099649865734e-02
   34950  6.990000000000e+02  5.643749449457e-02
   35000  7.000000000000e+02  5.204720752351e-02
   35050  7.010000000000e+02  4.782773998379e-02
   35100  7.020000000000e+02  4.378105453482e-02
   35150  7.030000000000e+02  3.990897297149e-02
   35200  7.040000000000e+02  3.621311500188e-02
   35250  7.050000000000e+02  3.269495497757e-02
   35300  7.060000000000e+02  2.935584638415e-02
   35350  7.070000000000e+02  2.619691778774e-02
   35400  7.080000000000e+02  2.321915250816e-02
   35450  7.090000000000e+02  2.042336457229e-02
   35500  7.100000000000e+02  1.781016427278e-02
   35550  7.110000000000e+02  1.538001960512e-02
   35600  7.120000000000e+02  1.313326048451e-02
   35650  7.130000000000e+02  1.107000929602e-02
   35700  7.140000000000e+02  9.190251438628e-03
   35750  7.150000000000e+02  7.493780510257e-03
   35800  7.160000000000e+02  5.980226149324e-03
   35850  7.170000000000e+02  4.649070191374e-03
   35900  7.180000000000e+02  3.499633272649e-03
   35950  7.190000000000e+02  2.531071072597e-03
   36000  7.200000000000e+02  1.742389992745e-03
   36050  7.210000000000e+02  1.132430670285e-03
   36100  7.220000000000e+02  6.998798978725e-04
   36150  7.230000000000e+02  4.432829248568e-04
   36200  7.240000000000e+02  3.610319185760e-04
   36250  7.250000000000e+02  4.513715998274e-04
   36300  7.260000000000e+02  7.124031906980e-04
   36350  7.270000000000e+02  1.142087835564e-03
   36400  7.280000000000e+02  1.738252839869e-03
   36450  7.290000000000e+02  2.498585278397e-03
   36500  7.300000000000e+02  3.420643626180e-03
   36550  7.310000000000e+02  4.501853226823e-03
   36600  7.320000000000e+02  5.739507209008e-03
   36650  7.330000000000e+02  7.130794503614e-03
   36700  7.340000000000e+02  8.672781064384e-03
   36750  7.350000000000e+02  1.036238549011e-02
   36800  7.360000000000e+02  1.219645033519e-02
   36850  7.370000000000e+02  1.417170643790e-02
   36900  7.380000000000e+02  1.628476533757e-02
   36950  7.390000000000e+02  1.853213440929e-02
   37000  7.400000000000e+02  2.091025583068e-02
   37050  7.410000000000e+02  2.341545021780e-02
   37100  7.420000000000e+02  2.604394513805e-02
   37150  7.430000000000e+02  2.879189722053e-02
   37200  7.440000000000e+02  3.165539403114e-02
   37250  7.450000000000e+02  3.463046354237e-02
   37300  7.460000000000e+02  3.771302817136e-02
   37350  7.470000000000e+02  4.089895312986e-02
   37400  7.480000000000e+02  4.418410217403e-02
   37450  7.490000000000e+02  4.756423194591e-02
   37500  7.500000000000e+02  5.103503851614e-02
   37550  7.510000000000e+02  5.459222887131e-02
   37600  7.520000000000e+02  5.823148025765e-02
   37650  7.530000000000e+02  6.194837633895e-02
   37700  7.540000000000e+02  6.573849677732e-02
   37750  7.550000000000e+02  6.959743848485e-02
   37800  7.560000000000e+02  7.352070560942e-02
   37850  7.570000000000e+02  7.750384226087e-02
   37900  7.580000000000e+02  8.154234426652e-02
   37950  7.590000000000e+02  8.563173339451e-02
   38000  7.600000000000e+02  8.976759084845e-02
   38050  7.610000000000e+02  9.394537296241e-02
   38100  7.620000000000e+02  9.816059769242e-02
   38150  7.630000000000e+02  1.024088793065e-01
   38200  7.640000000000e+02  1.066857488854e-01
   38250  7.650000000000e+02  1.109867263434e-01
   38300  7.660000000000e+02  1.153074339213e-01
   38350  7.670000000000e+02  1.196434732971e-01
   38400  7.680000000000e+02  1.239904628571e-01
   38450  7.690000000000e+02  1.283441286847e-01
   38500  7.700000000000e+02  1.327001573728e-01
   38550  7.710000000000e+02  1.370542562563e-01
   38600  7.720000000000e+02  1.414021503261e-01
   38650  7.730000000000e+02  1.457396235591e-01
   38700  7.740000000000e+02  1.500626034782e-01
   38750  7.750000000000e+02  1.543669526476e-01
   38800  7.760000000000e+02  1.586485584607e-01
   38850  7.770000000000e+02  1.629034588565e-01
   38900  7.780000000000e+02  1.671277580269e-01
   38950  7.790000000000e+02  1.713174943277e-01
   39000  7.800000000000e+02  1.754689068299e-01
   39050  7.810000000000e+02  1.795783467615e-01
   39100  7.820000000000e+02  1.836421763058e-01
   39150  7.830000000000e+02  1.876568181924e-01
   39200  7.840000000000e+02  1.916187545839e-01
   39250  7.850000000000e+02  1.955245957779e-01
   39300  7.860000000000e+02  1.993710241139e-01
   39350  7.870000000000e+02  2.031547888633e-01
   39400  7.880000000000e+02  2.068728099878e-01
   39450  7.890000000000e+02  2.105221918983e-01
   39500  7.900000000000e+02  2.140999743378e-01
   39550  7.910000000000e+02  2.176032672665e-01
   39600  7.920000000000e+02  2.210294175822e-01
   39650  7.930000000000e+02  2.243758608553e-01
   39700  7.940000000000e+02  2.276399971996e-01
   39750  7.950000000000e+02  2.308193825070e-01
   39800  7.960000000000e+02  2.339117245182e-01
   39850  7.970000000000e+02  2.369147599602e-01
   39900  7.980000000000e+02  2.398263062384e-01
   39950  7.990000000000e+02  2.426442557167e-01
   40000  8.000000000000e+02  2.453667130653e-01
   40050  8.010000000000e+02  2.479918452607e-01
   40100  8.020000000000e+02  2.505178229086e-01
   40150  8.030000000000e+02  2.529430144128e-01
   40200  8.040000000000e+02  2.552659259206e-01
   40250  8.050000000000e+02  2.574849905383e-01
   40300  8.060000000000e+02  2.595988225114e-01
   40350  8.070000000000e+02  2.616062596669e-01
   40400  8.080000000000e+02  2.635061394555e-01
   40450  8.090000000000e+02  2.652973171697e-01
   40500  8.100000000000e+02  2.669789599081e-01
   40550  8.110000000000e+02  2.685502890722e-01
   40600  8.120000000000e+02  2.700106087777e-01
   40650  8.130000000000e+02  2.713593478911e-01
   40700  8.140000000000e+02  2.725959571893e-01
   40750  8.150000000000e+02  2.737201332270e-01
   40800  8.160000000000e+02  2.747315762551e-01
   40850  8.170000000000e+02  2.756300636505e-01
   40900  8.180000000000e+02  2.764155524812e-01
   40950  8.190000000000e+02  2.770880966944e-01
   41000  8.200000000000e+02  2.776477106298e-01
   41050  8.210000000000e+02  2.780946684307e-01
   41100  8.220000000000e+02  2.784293044620e-01
   41150  8.230000000000e+02  2.786519433485e-01
   41200  8.240000000000e+02  2.787630541823e-01
   41250  8.250000000000e+02  2.787631734543e-01
   41300  8.260000000000e+02  2.786529669598e-01
   41350  8.270000000000e+02  2.784331514175e-01
   41400  8.280000000000e+02  2.781044827521e-01
   41450  8.290000000000e+02  2.776678381106e-01
   41500  8.300000000000e+02  2.771242423588e-01
   41550  8.310000000000e+02  2.764746587951e-01
   41600  8.320000000000e+02  2.757201758497e-01
   41650  8.330000000000e+02  2.748621102168e-01
   41700  8.340000000000e+02  2.739017663729e-01
   41750  8.350000000000e+02  2.728404364454e-01
   41800  8.360000000000e+02  2.716796327490e-01
   41850  8.370000000000e+02  2.704209634383e-01
   41900  8.380000000000e+02  2.690660331339e-01
   41950  8.390000000000e+02  2.676164444064e-01
   42000  8.400000000000e+02  2.660740236010e-01
   42050  8.410000000000e+02  2.644405712774e-01
   42100  8.420000000000e+02  2.627179665728e-01
   42150  8.430000000000e+02  2.609081556045e-01
   42200  8.440000000000e+02  2.590131989456e-01
   42250  8.450000000000e+02  2.570351863741e-01
   42300  8.460000000000e+02  2.549761387893e-01
   42350  8.470000000000e+02  2.528381918181e-01
   42400  8.480000000000e+02  2.506236122827e-01
   42450  8.490000000000e+02  2.483346110915e-01
   42500  8.500000000000e+02  2.459733066902e-01
   42550  8.510000000000e+02  2.435420337401e-01
   42600  8.520000000000e+02  2.410431410387e-01
   42650  8.530000000000e+02  2.384789094250e-01
   42700  8.540000000000e+02  2.358517256493e-01
   42750  8.550000000000e+02  2.331638884483e-01
   42800  8.560000000000e+02  2.304178463747e-01
   42850  8.570000000000e+02  2.276159175168e-01
   42900  8.580000000000e+02  2.247604521389e-01
   42950  8.590000000000e+02  2.218539234269e-01
   43000  8.600000000000e+02  2.188988015321e-01
   43050  8.610000000000e+02  2.158974643315e-01
   43100  8.620000000000e+02  2.128523659802e-01
   43150  8.630000000000e+02  2.097660640763e-01
   43200  8.640000000000e+02  2.066410308200e-01
   43250  8.650000000000e+02  2.034797436331e-01
   43300  8.660000000000e+02  2.002847133292e-01
   43350  8.670000000000e+02  1.970585144471e-01
   43400  8.680000000000e+02  1.938036867739e-01
   43450  8.690000000000e+02  1.905226562638e-01
   43500  8.700000000000e+02  1.872180190828e-01
   43550  8.710000000000e+02  1.838923596853e-01
   43600  8.720000000000e+02  1.805481013845e-01
   43650  8.730000000000e+02  1.771877402825e-01
   43700  8.740000000000e+02  1.738138747509e-01
   43750  8.750000000000e+02  1.704289808906e-01
   43800  8.760000000000e+02  1.670355026018e-01
   43850  8.770000000000e+02  1.636359053033e-01
   43900  8.780000000000e+02  1.602325737524e-01
   43950  8.790000000000e+02  1.568278534647e-01
   44000  8.800000000000e+02  1.534240373347e-01
   44050  8.810000000000e+02  1.500233766786e-01
   44100  8.820000000000e+02  1.466281934686e-01
   44150  8.830000000000e+02  1.432406790177e-01
   44200  8.840000000000e+02  1.398629470917e-01
   44250  8.850000000000e+02  1.364971599261e-01
   44300  8.860000000000e+02  1.331454338266e-01
   44350  8.870000000000e+02  1.298097242328e-01
   44400  8.880000000000e+02  1.264920029642e-01
   44450  8.890000000000e+02  1.231942594021e-01
   44500  8.900000000000e+02  1.199183777352e-01
   44550  8.910000000000e+02  1.166662023578e-01
   44600  8.920000000000e+02  1.134394757338e-01
   44650  8.930000000000e+02  1.102399677254e-01
   44700  8.940000000000e+02  1.070693679626e-01
   44750  8.950000000000e+02  1.039292946244e-01
   44800  8.960000000000e+02  1.008213931232e-01
   44850  8.970000000000e+02  9.774730918412e-02
   44900  8.980000000000e+02  9.470850591572e-02
   44950  8.990000000000e+02  9.170638585292e-02
   45000  9.000000000000e+02  8.874240311156e-02
   45050  9.010000000000e+02  8.581792698423e-02
   45100  9.020000000000e+02  8.293414976824e-02
   45150  9.030000000000e+02  8.009230178243e-02
   45200  9.040000000000e+02  7.729362406133e-02
   45250  9.050000000000e+02  7.453923812625e-02
   45300  9.060000000000e+02  7.183017444642e-02
   45350  9.070000000000e+02  6.916739908441e-02
   45400  9.080000000000e+02  6.655188493032e-02
   45450  9.090000000000e+02  6.398449817278e-02
   45500  9.100000000000e+02  6.146599783101e-02
   45550  9.110000000000e+02  5.899716149755e-02
   45600  9.120000000000e+02  5.657874709853e-02
   45650  9.130000000000e+02  5.421133582981e-02
   45700  9.140000000000e+02  5.189547873012e-02
   45750  9.150000000000e+02  4.963176048888e-02
   45800  9.160000000000e+02  4.742061343474e-02
   45850  9.170000000000e+02  4.526239943680e-02
   45900  9.180000000000e+02  4.315748092060e-02
   45950  9.190000000000e+02  4.110619088621e-02
   46000  9.200000000000e+02  3.910879341256e-02
   46050  9.210000000000e+02  3.716543182305e-02
   46100  9.220000000000e+02  3.527622147405e-02
   46150  9.230000000000e+02  3.344127466150e-02
   46200  9.240000000000e+02  3.166060751780e-02
   46250  9.250000000000e+02  2.993416874712e-02
   46300  9.260000000000e+02  2.826193384084e-02
   46350  9.270000000000e+02  2.664383068732e-02
   46400  9.280000000000e+02  2.507966263925e-02
   46450  9.290000000000e+02  2.356921509479e-02
   46500  9.300000000000e+02  2.211224265475e-02
   46550  9.310000000000e+02  2.070843776639e-02
   46600  9.320000000000e+02  1.935744278376e-02
   46650  9.330000000000e+02  1.805887026888e-02
   46700  9.340000000000e+02  1.681231276423e-02
   46750  9.350000000000e+02  1.561729161149e-02
   46800  9.360000000000e+02  1.447327218181e-02
   46850  9.370000000000e+02  1.337971141235e-02
   46900  9.380000000000e+02  1.233605379389e-02
   46950  9.390000000000e+02  1.134164584634e-02
   47000  9.400000000000e+02  1.039579323432e-02
   47050  9.410000000000e+02  9.497822948289e-03
   47100  9.420000000000e+02  8.647003850531e-03
   47150  9.430000000000e+02  7.842554767937e-03
   47200  9.440000000000e+02  7.083690732372e-03
   47250  9.450000000000e+02  6.369594167621e-03
   47300  9.460000000000e+02  5.699416712023e-03
   47350  9.470000000000e+02  5.072282667166e-03
   47400  9.480000000000e+02  4.487299755348e-03
   47450  9.490000000000e+02  3.943574787237e-03
   47500  9.500000000000e+02  3.440170728902e-03
   47550  9.510000000000e+02  2.976118150135e-03
   47600  9.520000000000e+02  2.550466185198e-03
   47650  9.530000000000e+02  2.162245188198e-03
   47700  9.540000000000e+02  1.810443521054e-03
   47750  9.550000000000e+02  1.494049692139e-03
   47800  9.560000000000e+02  1.212059858128e-03
   47850  9.570000000000e+02  9.634403783886e-04
   47900  9.580000000000e+02  7.471569078131e-04
   47950  9.590000000000e+02  5.621673926752e-04
   48000  9.600000000000e+02  4.074299212048e-04
   48050  9.610000000000e+02  2.818962568908e-04
   48100  9.620000000000e+02  1.845094197224e-04
   48150  9.630000000000e+02  1.142164775585e-04
   48200  9.640000000000e+02  6.996673078209e-05
   48250  9.650000000000e+02  5.070624330698e-05
   48300  9.660000000000e+02  5.538413282219e-05
   48350  9.670000000000e+02  8.295279086253e-05
   48400  9.680000000000e+02  1.323669617408e-04
   48450  9.690000000000e+02  2.025899053102e-04
   48500  9.700000000000e+02  2.925879973028e-04
   48550  9.710000000000e+02  4.013299043449e-04
   48600  9.720000000000e+02  5.277981029197e-04
   48650  9.730000000000e+02  6.709853709718e-04
   48700  9.740000000000e+02  8.298936402278e-04
   48750  9.750000000000e+02  1.003526932945e-03
   48800  9.760000000000e+02  1.190906645791e-03
   48850  9.770000000000e+02  1.391076907125e-03
   48900  9.780000000000e+02  1.603080792047e-03
   48950  9.790000000000e+02  1.825966934446e-03
   49000  9.800000000000e+02  2.058822970513e-03
   49050  9.810000000000e+02  2.300755050012e-03
   49100  9.820000000000e+02  2.550856760612e-03
   49150  9.830000000000e+02  2.808258048933e-03
   49200  9.840000000000e+02  3.072123826271e-03
   49250  9.850000000000e+02  3.341612596223e-03
   49300  9.860000000000e+02  3.615903172029e-03
   49350  9.870000000000e+02  3.894199080548e-03
   49400  9.880000000000e+02  4.175733390474e-03
   49450  9.890000000000e+02  4.459758939136e-03
   49500  9.900000000000e+02  4.745540786045e-03
   49550  9.910000000000e+02  5.032374579676e-03
   49600  9.920000000000e+02  5.319598479482e-03
   49650  9.930000000000e+02  5.606529202786e-03
   49700  9.940000000000e+02  5.892512009031e-03
   49750  9.950000000000e+02  6.176968606102e-03
   49800  9.960000000000e+02  6.459307768423e-03
   49850  9.970000000000e+02  6.738935822757e-03
   49900  9.980000000000e+02  7.015324057452e-03
   49950  9.990000000000e+02  7.287969368531e-03
   50000  1.000000000000e+03  7.556368445439e-03
   50050  1.001000000000e+03  7.820037840987e-03
   50100  1.002000000000e+03  8.078525626014e-03
   50150  1.003000000000e+03  8.331427877502e-03
   50200  1.004000000000e+03  8.578345356419e-03
   50250  1.005000000000e+03  8.818869730649e-03
   50300  1.006000000000e+03  9.052667088420e-03
   50350  1.007000000000e+03  9.279433333020e-03
   50400  1.008000000000e+03  9.498817336649e-03
   50450  1.009000000000e+03  9.710521346663e-03
   50500  1.010000000000e+03  9.914311818352e-03
   50550  1.011000000000e+03  1.010992831523e-02
   50600  1.012000000000e+03  1.029713489139e-02
   50650  1.013000000000e+03  1.047573740904e-02
   50700  1.014000000000e+03  1.064557263663e-02
   50750  1.015000000000e+03  1.080647425594e-02
   50800  1.016000000000e+03  1.095826916794e-02
   50850  1.017000000000e+03  1.110083777434e-02
   50900  1.018000000000e+03  1.123411149893e-02
   50950  1.019000000000e+03  1.135798808483e-02
   51000  1.020000000000e+03  1.147236514385e-02
   51050  1.021000000000e+03  1.157724338901e-02
   51100  1.022000000000e+03  1.167260291362e-02
   51150  1.023000000000e+03  1.175838773904e-02
   51200  1.024000000000e+03  1.183460365324e-02
   51250  1.025000000000e+03  1.190129020024e-02
   51300  1.026000000000e+03  1.195846361714e-02
   51350  1.027000000000e+03  1.200615518735e-02
   51400  1.028000000000e+03  1.204443436849e-02
   51450  1.029000000000e+03  1.207338183447e-02
   51500  1.030000000000e+03  1.209309675239e-02
   51550  1.031000000000e+03  1.210365142681e-02
   51600  1.032000000000e+03  1.210518507472e-02
   51650  1.033000000000e+03  1.209786762935e-02
   51700  1.034000000000e+03  1.208179649242e-02
   51750  1.035000000000e+03  1.205710933548e-02
   51800  1.036000000000e+03  1.202402030713e-02
   51850  1.037000000000e+03  1.198268461352e-02
   51900  1.038000000000e+03  1.193325408943e-02
   51950  1.039000000000e+03  1.187593589253e-02
   52000  1.040000000000e+03  1.181095960785e-02
   52050  1.041000000000e+03  1.173853272940e-02
   52100  1.042000000000e+03  1.165885626951e-02
   52150  1.043000000000e+03  1.157217066628e-02
   52200  1.044000000000e+03  1.147874976384e-02
   52250  1.045000000000e+03  1.137881303927e-02
   52300  1.046000000000e+03  1.127257008971e-02
   52350  1.047000000000e+03  1.116030776986e-02
   52400  1.048000000000e+03  1.104230745051e-02
   52450  1.049000000000e+03  1.091877708026e-02
   52500  1.050000000000e+03  1.078998129528e-02
   52550  1.051000000000e+03  1.065621768993e-02
   52600  1.052000000000e+03  1.051773052044e-02
   52650  1.053000000000e+03  1.037475757267e-02
   52700  1.054000000000e+03  1.022757737179e-02
   52750  1.055000000000e+03  1.007646901551e-02
   52800  1.056000000000e+03  9.921676523860e-03
   52850  1.057000000000e+03  9.763438272158e-03
   52900  1.058000000000e+03  9.602024159121e-03
   52950  1.059000000000e+03  9.437723835090e-03
   53000  1.060000000000e+03  9.270763243057e-03
   53050  1.061000000000e+03  9.101351331433e-03
   53100  1.062000000000e+03  8.929780607761e-03
   53150  1.063000000000e+03  8.756299189367e-03
   53200  1.064000000000e+03  8.581089548044e-03
   53250  1.065000000000e+03  8.404411766552e-03
   53300  1.066000000000e+03  8.226536886319e-03
   53350  1.067000000000e+03  8.047666690701e-03
   53400  1.068000000000e+03  7.868005603511e-03
   53450  1.069000000000e+03  7.687777918599e-03
   53500  1.070000000000e+03  7.507213302342e-03
   53550  1.071000000000e+03  7.326511397799e-03
   53600  1.072000000000e+03  7.145834949808e-03
   53650  1.073000000000e+03  6.965398767355e-03
   53700  1.074000000000e+03  6.785430327869e-03
   53750  1.075000000000e+03  6.606073308512e-03
   53800  1.076000000000e+03  6.427493826418e-03
   53850  1.077000000000e+03  6.249919608784e-03
   53900  1.078000000000e+03  6.073493714869e-03
   53950  1.079000000000e+03  5.898348199245e-03
   54000  1.080000000000e+03  5.724659713620e-03
   54050  1.081000000000e+03  5.552587461282e-03
   54100  1.082000000000e+03  5.382270909802e-03
   54150  1.083000000000e+03  5.213835891582e-03
   54200  1.084000000000e+03  5.047410265599e-03
   54250  1.085000000000e+03  4.883141797351e-03
   54300  1.086000000000e+03  4.721138609558e-03
   54350  1.087000000000e+03  4.561473229908e-03
   54400  1.088000000000e+03  4.404281031108e-03
   54450  1.089000000000e+03  4.249680915321e-03
   54500  1.090000000000e+03  4.097719091766e-03
   54550  1.091000000000e+03  3.948491776186e-03
   54600  1.092000000000e+03  3.802108279287e-03
   54650  1.093000000000e+03  3.658610843909e-03
   54700  1.094000000000e+03  3.518051457550e-03
   54750  1.095000000000e+03  3.380504624917e-03
   54800  1.096000000000e+03  3.246021476075e-03
   54850  1.097000000000e+03  3.114636978616e-03
   54900  1.098000000000e+03  2.986367138540e-03
   54950  1.099000000000e+03  2.861246695233e-03
   55000  1.100000000000e+03  2.739325539122e-03
   55050  1.101000000000e+03  2.620597827450e-03
   55100  1.102000000000e+03  2.505058250978e-03
   55150  1.103000000000e+03  2.392751287719e-03
   55200  1.104000000000e+03  2.283684838671e-03
   55250  1.105000000000e+03  2.177820385999e-03
   55300  1.106000000000e+03  2.075172530518e-03
   55350  1.107000000000e+03  1.975741272032e-03
   55400  1.108000000000e+03  1.879492302589e-03
   55450  1.109000000000e+03  1.786402536150e-03
   55500  1.110000000000e+03  1.696451902882e-03
   55550  1.111000000000e+03  1.609620550071e-03
   55600  1.112000000000e+03  1.525872035144e-03
   55650  1.113000000000e+03  1.445152795681e-03
   55700  1.114000000000e+03  1.367441866443e-03
   55750  1.115000000000e+03  1.292713560511e-03
   55800  1.116000000000e+03  1.220895226646e-03
   55850  1.117000000000e+03  1.151936729546e-03
   55900  1.118000000000e+03  1.085813210099e-03
   55950  1.119000000000e+03  1.022456801553e-03
   56000  1.120000000000e+03  9.617969994453e-04
   56050  1.121000000000e+03  9.037931647982e-04
   56100  1.122000000000e+03  8.483898953571e-04
   56150  1.123000000000e+03  7.955186951528e-04
   56200  1.124000000000e+03  7.451143809213e-04
   56250  1.125000000000e+03  6.971129441896e-04
   56300  1.126000000000e+03  6.514578191989e-04
   56350  1.127000000000e+03  6.080769996425e-04
   56400  1.128000000000e+03  5.668890799334e-04
   56450  1.129000000000e+03  5.278440370843e-04
   56500  1.130000000000e+03  4.908808440967e-04
   56550  1.131000000000e+03  4.559042055942e-04
   56600  1.132000000000e+03  4.228509270547e-04
   56650  1.133000000000e+03  3.916684731296e-04
   56700  1.134000000000e+03  3.622778294786e-04
   56750  1.135000000000e+03  3.346062925226e-04
   56800  1.136000000000e+03  3.085931366730e-04
   56850  1.137000000000e+03  2.841737410097e-04
   56900  1.138000000000e+03  2.612789580365e-04
   56950  1.139000000000e+03  2.398384352481e-04
   57000  1.140000000000e+03  2.197903782494e-04
   57050  1.141000000000e+03  2.010817802885e-04
   57100  1.142000000000e+03  1.836413827823e-04
   57150  1.143000000000e+03  1.674030545234e-04
   57200  1.144000000000e+03  1.523192896869e-04
   57250  1.145000000000e+03  1.383308360122e-04
   57300  1.146000000000e+03  1.253703887905e-04
   57350  1.147000000000e+03  1.133910364556e-04
   57400  1.148000000000e+03  1.023430035491e-04
   57450  1.149000000000e+03  9.216702380998e-05
   57500  1.150000000000e+03  8.281108817137e-05
   57550  1.151000000000e+03  7.422936945806e-05
   57600  1.152000000000e+03  6.637624131236e-05
   57650  1.153000000000e+03  5.920481303522e-05
   57700  1.154000000000e+03  5.266627503026e-05
   57750  1.155000000000e+03  4.672249994905e-05
   57800  1.156000000000e+03  4.133632875470e-05
   57850  1.157000000000e+03  3.646227113120e-05
   57900  1.158000000000e+03  3.206247839811e-05
   57950  1.159000000000e+03  2.810715073286e-05
   58000  1.160000000000e+03  2.455873039019e-05
   58050  1.161000000000e+03  2.138167893742e-05
   58100  1.162000000000e+03  1.854895242711e-05
   58150  1.163000000000e+03  1.603292292795e-05
   58200  1.164000000000e+03  1.380502420412e-05
   58250  1.165000000000e+03  1.183863500047e-05
   58300  1.166000000000e+03  1.011047293627e-05
   58350  1.167000000000e+03  8.599012363476e-06
   58400  1.168000000000e+03  7.281721484204e-06
   58450  1.169000000000e+03  6.137079709062e-06
   58500  1.170000000000e+03  5.149322035700e-06
   58550  1.171000000000e+03  4.301718033110e-06
   58600  1.172000000000e+03  3.576073484973e-06
   58650  1.173000000000e+03  2.958696013494e-06
   58700  1.174000000000e+03  2.437898264464e-06
   58750  1.175000000000e+03  2.000735488963e-06
   58800  1.176000000000e+03  1.635961214663e-06
   58850  1.177000000000e+03  1.334382222239e-06
   58900  1.178000000000e+03  1.087185576988e-06
   58950  1.179000000000e+03  8.861209335048e-07
   59000  1.180000000000e+03  7.238702916523e-07
   59050  1.181000000000e+03  5.943878251397e-07
   59100  1.182000000000e+03  4.926510174530e-07
   59150  1.183000000000e+03  4.133880936105e-07
   59200  1.184000000000e+03  3.522316321183e-07
   59250  1.185000000000e+03  3.061543400393e-07
   59300  1.186000000000e+03  2.720093130876e-07
   59350  1.187000000000e+03  2.469577938605e-07
   59400  1.188000000000e+03  2.291305148533e-07
   59450  1.189000000000e+03  2.168617097564e-07
   59500  1.190000000000e+03  2.086051940353e-07
   59550  1.191000000000e+03  2.032275952801e-07
   59600  1.192000000000e+03  1.999016698354e-07
   59650  1.193000000000e+03  1.979724996853e-07
   59700  1.194000000000e+03  1.969294512183e-07
   59750  1.195000000000e+03  1.964020739653e-07
   59800  1.196000000000e+03  1.961746379717e-07
   59850  1.197000000000e+03  1.961025725902e-07
   59900  1.198000000000e+03  1.960898276532e-07
   59950  1.199000000000e+03  1.960964300801e-07
   60000  1.200000000000e+03  1.961067964129e-07
   60050  1.201000000000e+03  1.961163019620e-07
   60100  1.202000000000e+03  1.961237220058e-07
   60150  1.203000000000e+03  1.961308376403e-07
   60200  1.204000000000e+03  1.961408603590e-07
   60250  1.205000000000e+03  1.961526789884e-07
   60300  1.206000000000e+03  1.961618571883e-07
   60350  1.207000000000e+03  1.961677452839e-07
   60400  1.208000000000e+03  1.961705181353e-07
   60450  1.209000000000e+03  1.961696720967e-07
   60500  1.210000000000e+03  1.961667848438e-07
   60550  1.211000000000e+03  1.961605572837e-07
   60600  1.212000000000e+03  1.961525788463e-07
   60650  1.213000000000e+03  1.961426759345e-07
   60700  1.214000000000e+03  1.961293281394e-07
   60750  1.215000000000e+03  1.961135122353e-07
   60800  1.216000000000e+03  1.960975080789e-07
   60850  1.217000000000e+03  1.960823493713e-07
   60900  1.218000000000e+03  1.960685967681e-07
   60950  1.219000000000e+03  1.960553804442e-07
   61000  1.220000000000e+03  1.960423480427e-07
   61050  1.221000000000e+03  1.960300933315e-07
   61100  1.222000000000e+03  1.960195261663e-07
   61150  1.223000000000e+03  1.960112435764e-07
   61200  1.224000000000e+03  1.960056552758e-07
   61250  1.225000000000e+03  1.960013696969e-07
   61300  1.226000000000e+03  1.959980820143e-07
   61350  1.227000000000e+03  1.959962497855e-07
   61400  1.228000000000e+03  1.959965677326e-07
   61450  1.229000000000e+03  1.959981925995e-07
   61500  1.230000000000e+03  1.959999973641e-07
   61550  1.231000000000e+03  1.960025708472e-07
   61600  1.232000000000e+03  1.960070189558e-07
   61650  1.233000000000e+03  1.960150096195e-07
   61700  1.234000000000e+03  1.960250375355e-07
   61750  1.235000000000e+03  1.960350329358e-07
   61800  1.236000000000e+03  1.960449889024e-07
   61850  1.237000000000e+03  1.960571214821e-07
   61900  1.238000000000e+03  1.960728530995e-07
   61950  1.239000000000e+03  1.960912047738e-07
   62000  1.240000000000e+03  1.961088152841e-07
   62050  1.241000000000e+03  1.961254666658e-07
   62100  1.242000000000e+03  1.961424836022e-07
   62150  1.243000000000e+03  1.961583347837e-07
   62200  1.244000000000e+03  1.961713071014e-07
   62250  1.245000000000e+03  1.961818071466e-07
   62300  1.246000000000e+03  1.961889854740e-07
   62350  1.247000000000e+03  1.961918909901e-07
   62400  1.248000000000e+03  1.961892278426e-07
   62450  1.249000000000e+03  1.961810377482e-07
   62500  1.250000000000e+03  1.961694203745e-07
