################################################################################
# HEADER
# nspin         1
#%
# nik       186
#  st         1      26
# ust         1      26
# Iter             t            #  iter t Nex(t)  
################################################################################
       0  0.000000000000e+00 -2.754740879851e-15
      50  7.500000000000e-01  4.799799446786e-12
     100  1.500000000000e+00  1.034069357919e-11
     150  2.250000000000e+00  3.845511409306e-11
     200  3.000000000000e+00  1.585312159325e-10
     250  3.750000000000e+00  5.244523704206e-10
     300  4.500000000000e+00  1.401792147637e-09
     350  5.250000000000e+00  3.192010204767e-09
     400  6.000000000000e+00  6.456515065645e-09
     450  6.750000000000e+00  1.193778689096e-08
     500  7.500000000000e+00  2.059571559826e-08
     550  8.250000000000e+00  3.364874269496e-08
     600  9.000000000000e+00  5.261823546321e-08
     650  9.750000000000e+00  7.936738036923e-08
     700  1.050000000000e+01  1.161040597761e-07
     750  1.125000000000e+01  1.654039131008e-07
     800  1.200000000000e+01  2.301980500663e-07
     850  1.275000000000e+01  3.137837651934e-07
     900  1.350000000000e+01  4.197967391484e-07
     950  1.425000000000e+01  5.521200000039e-07
    1000  1.500000000000e+01  7.147830904941e-07
    1050  1.575000000000e+01  9.119932170218e-07
    1100  1.650000000000e+01  1.148128177260e-06
    1150  1.725000000000e+01  1.427620744295e-06
    1200  1.800000000000e+01  1.754909731790e-06
    1250  1.875000000000e+01  2.134370555705e-06
    1300  1.950000000000e+01  2.570223410624e-06
    1350  2.025000000000e+01  3.066278095779e-06
    1400  2.100000000000e+01  3.625931653872e-06
    1450  2.175000000000e+01  4.251940309646e-06
    1500  2.250000000000e+01  4.946260717800e-06
    1550  2.325000000000e+01  5.709949349821e-06
    1600  2.400000000000e+01  6.543142458876e-06
    1650  2.475000000000e+01  7.444673391824e-06
    1700  2.550000000000e+01  8.412107041604e-06
    1750  2.625000000000e+01  9.441705129717e-06
    1800  2.700000000000e+01  1.052843685748e-05
    1850  2.775000000000e+01  1.166608859961e-05
    1900  2.850000000000e+01  1.284697772186e-05
    1950  2.925000000000e+01  1.406204449394e-05
    2000  3.000000000000e+01  1.530084829498e-05
    2050  3.075000000000e+01  1.655133276453e-05
    2100  3.150000000000e+01  1.780030559938e-05
    2150  3.225000000000e+01  1.903329427822e-05
    2200  3.300000000000e+01  2.023486531357e-05
    2250  3.375000000000e+01  2.138882563205e-05
    2300  3.450000000000e+01  2.247805312251e-05
    2350  3.525000000000e+01  2.348520834521e-05
    2400  3.600000000000e+01  2.439268821173e-05
    2450  3.675000000000e+01  2.518303044384e-05
    2500  3.750000000000e+01  2.583926866902e-05
    2550  3.825000000000e+01  2.634533637139e-05
    2600  3.900000000000e+01  2.668629645084e-05
    2650  3.975000000000e+01  2.684887113099e-05
    2700  4.050000000000e+01  2.682165444770e-05
    2750  4.125000000000e+01  2.659559975058e-05
    2800  4.200000000000e+01  2.616440045572e-05
    2850  4.275000000000e+01  2.552511347913e-05
    2900  4.350000000000e+01  2.467858487002e-05
    2950  4.425000000000e+01  2.362976508224e-05
    3000  4.500000000000e+01  2.238810813874e-05
    3050  4.575000000000e+01  2.096778377941e-05
    3100  4.650000000000e+01  1.938785771004e-05
    3150  4.725000000000e+01  1.767274988646e-05
    3200  4.800000000000e+01  1.585243053281e-05
    3250  4.875000000000e+01  1.396249437956e-05
    3300  4.950000000000e+01  1.204423867213e-05
    3350  5.025000000000e+01  1.014464917422e-05
    3400  5.100000000000e+01  8.316289369342e-06
    3450  5.175000000000e+01  6.617059660236e-06
    3500  5.250000000000e+01  5.109941107188e-06
    3550  5.325000000000e+01  3.862742025865e-06
    3600  5.400000000000e+01  2.947579601231e-06
    3650  5.475000000000e+01  2.440369276685e-06
    3700  5.550000000000e+01  2.420212838750e-06
    3750  5.625000000000e+01  2.968717881420e-06
    3800  5.700000000000e+01  4.169262605970e-06
    3850  5.775000000000e+01  6.106140502692e-06
    3900  5.850000000000e+01  8.863620080055e-06
    3950  5.925000000000e+01  1.252489502997e-05
    4000  6.000000000000e+01  1.717107233461e-05
    4050  6.075000000000e+01  2.287993441038e-05
    4100  6.150000000000e+01  2.972484541077e-05
    4150  6.225000000000e+01  3.777364021997e-05
    4200  6.300000000000e+01  4.708720100458e-05
    4250  6.375000000000e+01  5.771825266377e-05
    4300  6.450000000000e+01  6.971021186686e-05
    4350  6.525000000000e+01  8.309618735054e-05
    4400  6.600000000000e+01  9.789805719607e-05
    4450  6.675000000000e+01  1.141253021770e-04
    4500  6.750000000000e+01  1.317739260102e-04
    4550  6.825000000000e+01  1.508256728614e-04
    4600  6.900000000000e+01  1.712468912636e-04
    4650  6.975000000000e+01  1.929884235747e-04
    4700  7.050000000000e+01  2.159847324410e-04
    4750  7.125000000000e+01  2.401535835866e-04
    4800  7.200000000000e+01  2.653963446626e-04
    4850  7.275000000000e+01  2.915976190560e-04
    4900  7.350000000000e+01  3.186255633734e-04
    4950  7.425000000000e+01  3.463324807809e-04
    5000  7.500000000000e+01  3.745547055289e-04
    5050  7.575000000000e+01  4.031144246178e-04
    5100  7.650000000000e+01  4.318205130790e-04
    5150  7.725000000000e+01  4.604698420186e-04
    5200  7.800000000000e+01  4.888479736783e-04
    5250  7.875000000000e+01  5.167318624046e-04
    5300  7.950000000000e+01  5.438910288522e-04
    5350  8.025000000000e+01  5.700900761068e-04
    5400  8.100000000000e+01  5.950902869792e-04
    5450  8.175000000000e+01  6.186526570502e-04
    5500  8.250000000000e+01  6.405399599121e-04
    5550  8.325000000000e+01  6.605199574955e-04
    5600  8.400000000000e+01  6.783668495615e-04
    5650  8.475000000000e+01  6.938654004624e-04
    5700  8.550000000000e+01  7.068128970331e-04
    5750  8.625000000000e+01  7.170224032288e-04
    5800  8.700000000000e+01  7.243250702459e-04
    5850  8.775000000000e+01  7.285739322340e-04
    5900  8.850000000000e+01  7.296456305619e-04
    5950  8.925000000000e+01  7.274426454390e-04
    6000  9.000000000000e+01  7.218972247377e-04
    6050  9.075000000000e+01  7.129734923040e-04
    6100  9.150000000000e+01  7.006692034247e-04
    6150  9.225000000000e+01  6.850178427959e-04
    6200  9.300000000000e+01  6.660894317115e-04
    6250  9.375000000000e+01  6.439923354403e-04
    6300  9.450000000000e+01  6.188739431419e-04
    6350  9.525000000000e+01  5.909212668865e-04
    6400  9.600000000000e+01  5.603613021627e-04
    6450  9.675000000000e+01  5.274613395387e-04
    6500  9.750000000000e+01  4.925275402703e-04
    6550  9.825000000000e+01  4.559049334642e-04
    6600  9.900000000000e+01  4.179746433401e-04
    6650  9.975000000000e+01  3.791531005312e-04
    6700  1.005000000000e+02  3.398892438723e-04
    6750  1.012500000000e+02  3.006623090823e-04
    6800  1.020000000000e+02  2.619784546144e-04
    6850  1.027500000000e+02  2.243674590945e-04
    6900  1.035000000000e+02  1.883783762686e-04
    6950  1.042500000000e+02  1.545757949429e-04
    7000  1.050000000000e+02  1.235348957272e-04
    7050  1.057500000000e+02  9.583722403163e-05
    7100  1.065000000000e+02  7.206531037784e-05
    7150  1.072500000000e+02  5.279728165686e-05
    7200  1.080000000000e+02  3.860117551876e-05
    7250  1.087500000000e+02  3.002938385066e-05
    7300  1.095000000000e+02  2.761275535136e-05
    7350  1.102500000000e+02  3.185462572867e-05
    7400  1.110000000000e+02  4.322507872218e-05
    7450  1.117500000000e+02  6.215514124213e-05
    7500  1.125000000000e+02  8.903138348020e-05
    7550  1.132500000000e+02  1.241904941982e-04
    7600  1.140000000000e+02  1.679142649661e-04
    7650  1.147500000000e+02  2.204247855683e-04
    7700  1.155000000000e+02  2.818801551120e-04
    7750  1.162500000000e+02  3.523705776732e-04
    7800  1.170000000000e+02  4.319142030148e-04
    7850  1.177500000000e+02  5.204546606513e-04
    7900  1.185000000000e+02  6.178585712773e-04
    7950  1.192500000000e+02  7.239141694582e-04
    8000  1.200000000000e+02  8.383291236525e-04
    8050  1.207500000000e+02  9.607312403294e-04
    8100  1.215000000000e+02  1.090667961888e-03
    8150  1.222500000000e+02  1.227607821955e-03
    8200  1.230000000000e+02  1.370942939434e-03
    8250  1.237500000000e+02  1.519990942816e-03
    8300  1.245000000000e+02  1.673997368424e-03
    8350  1.252500000000e+02  1.832140842776e-03
    8400  1.260000000000e+02  1.993536533101e-03
    8450  1.267500000000e+02  2.157243386555e-03
    8500  1.275000000000e+02  2.322268110544e-03
    8550  1.282500000000e+02  2.487572715179e-03
    8600  1.290000000000e+02  2.652082409560e-03
    8650  1.297500000000e+02  2.814693584317e-03
    8700  1.305000000000e+02  2.974280717562e-03
    8750  1.312500000000e+02  3.129707748682e-03
    8800  1.320000000000e+02  3.279836048467e-03
    8850  1.327500000000e+02  3.423535890574e-03
    8900  1.335000000000e+02  3.559694913743e-03
    8950  1.342500000000e+02  3.687228108791e-03
    9000  1.350000000000e+02  3.805088407276e-03
    9050  1.357500000000e+02  3.912275743052e-03
    9100  1.365000000000e+02  4.007848524946e-03
    9150  1.372500000000e+02  4.090933155900e-03
    9200  1.380000000000e+02  4.160732430362e-03
    9250  1.387500000000e+02  4.216535430458e-03
    9300  1.395000000000e+02  4.257724781237e-03
    9350  1.402500000000e+02  4.283785795504e-03
    9400  1.410000000000e+02  4.294312694788e-03
    9450  1.417500000000e+02  4.289014227177e-03
    9500  1.425000000000e+02  4.267719165963e-03
    9550  1.432500000000e+02  4.230381932214e-03
    9600  1.440000000000e+02  4.177084276808e-03
    9650  1.447500000000e+02  4.108040366294e-03
    9700  1.455000000000e+02  4.023593687510e-03
    9750  1.462500000000e+02  3.924222531952e-03
    9800  1.470000000000e+02  3.810537384611e-03
    9850  1.477500000000e+02  3.683278500409e-03
    9900  1.485000000000e+02  3.543313893377e-03
    9950  1.492500000000e+02  3.391636969753e-03
   10000  1.500000000000e+02  3.229358860932e-03
   10050  1.507500000000e+02  3.057704125418e-03
   10100  1.515000000000e+02  2.878001060619e-03
   10150  1.522500000000e+02  2.691674787236e-03
   10200  1.530000000000e+02  2.500238659335e-03
   10250  1.537500000000e+02  2.305281076949e-03
   10300  1.545000000000e+02  2.108456040244e-03
   10350  1.552500000000e+02  1.911469180920e-03
   10400  1.560000000000e+02  1.716067431337e-03
   10450  1.567500000000e+02  1.524021794558e-03
   10500  1.575000000000e+02  1.337116510925e-03
   10550  1.582500000000e+02  1.157131931865e-03
   10600  1.590000000000e+02  9.858309955450e-04
   10650  1.597500000000e+02  8.249432926598e-04
   10700  1.605000000000e+02  6.761505246380e-04
   10750  1.612500000000e+02  5.410705787578e-04
   10800  1.620000000000e+02  4.212441267817e-04
   10850  1.627500000000e+02  3.181189623808e-04
   10900  1.635000000000e+02  2.330363125315e-04
   10950  1.642500000000e+02  1.672175123895e-04
   11000  1.650000000000e+02  1.217510876666e-04
   11050  1.657500000000e+02  9.758100228596e-05
   11100  1.665000000000e+02  9.549590065810e-05
   11150  1.672500000000e+02  1.161194410720e-04
   11200  1.680000000000e+02  1.599018305944e-04
   11250  1.687500000000e+02  2.271127271160e-04
   11300  1.695000000000e+02  3.178357998269e-04
   11350  1.702500000000e+02  4.319641049345e-04
   11400  1.710000000000e+02  5.691981913413e-04
   11450  1.717500000000e+02  7.290447139149e-04
   11500  1.725000000000e+02  9.108167369845e-04
   11550  1.732500000000e+02  1.113636281433e-03
   11600  1.740000000000e+02  1.336438672902e-03
   11650  1.747500000000e+02  1.577976660486e-03
   11700  1.755000000000e+02  1.836829553853e-03
   11750  1.762500000000e+02  2.111410307420e-03
   11800  1.770000000000e+02  2.399977542436e-03
   11850  1.777500000000e+02  2.700645474337e-03
   11900  1.785000000000e+02  3.011400187632e-03
   11950  1.792500000000e+02  3.330113543088e-03
   12000  1.800000000000e+02  3.654557200935e-03
   12050  1.807500000000e+02  3.982421329288e-03
   12100  1.815000000000e+02  4.311332392623e-03
   12150  1.822500000000e+02  4.638870105311e-03
   12200  1.830000000000e+02  4.962589449697e-03
   12250  1.837500000000e+02  5.280038601106e-03
   12300  1.845000000000e+02  5.588781086648e-03
   12350  1.852500000000e+02  5.886414728483e-03
   12400  1.860000000000e+02  6.170592331506e-03
   12450  1.867500000000e+02  6.439041592264e-03
   12500  1.875000000000e+02  6.689584918639e-03
   12550  1.882500000000e+02  6.920158275521e-03
   12600  1.890000000000e+02  7.128829939531e-03
   12650  1.897500000000e+02  7.313818659205e-03
   12700  1.905000000000e+02  7.473509710140e-03
   12750  1.912500000000e+02  7.606471387741e-03
   12800  1.920000000000e+02  7.711468288563e-03
   12850  1.927500000000e+02  7.787475170285e-03
   12900  1.935000000000e+02  7.833687632304e-03
   12950  1.942500000000e+02  7.849531379717e-03
   13000  1.950000000000e+02  7.834671955089e-03
   13050  1.957500000000e+02  7.789021007673e-03
   13100  1.965000000000e+02  7.712736584412e-03
   13150  1.972500000000e+02  7.606228915085e-03
   13200  1.980000000000e+02  7.470159480208e-03
   13250  1.987500000000e+02  7.305437810454e-03
   13300  1.995000000000e+02  7.113220299918e-03
   13350  2.002500000000e+02  6.894901048254e-03
   13400  2.010000000000e+02  6.652106979294e-03
   13450  2.017500000000e+02  6.386684198436e-03
   13500  2.025000000000e+02  6.100688145143e-03
   13550  2.032500000000e+02  5.796368519550e-03
   13600  2.040000000000e+02  5.476154465166e-03
   13650  2.047500000000e+02  5.142636314640e-03
   13700  2.055000000000e+02  4.798546982581e-03
   13750  2.062500000000e+02  4.446743019708e-03
   13800  2.070000000000e+02  4.090179539977e-03
   13850  2.077500000000e+02  3.731889643976e-03
   13900  2.085000000000e+02  3.374959737523e-03
   13950  2.092500000000e+02  3.022507265543e-03
   14000  2.100000000000e+02  2.677653730298e-03
   14050  2.107500000000e+02  2.343500999369e-03
   14100  2.115000000000e+02  2.023106317819e-03
   14150  2.122500000000e+02  1.719454039706e-03
   14200  2.130000000000e+02  1.435434195022e-03
   14250  2.137500000000e+02  1.173815834219e-03
   14300  2.145000000000e+02  9.372252505843e-04
   14350  2.152500000000e+02  7.281223065311e-04
   14400  2.160000000000e+02  5.487790270243e-04
   14450  2.167500000000e+02  4.012592549616e-04
   14500  2.175000000000e+02  2.873997050581e-04
   14550  2.182500000000e+02  2.087934844497e-04
   14600  2.190000000000e+02  1.667745506135e-04
   14650  2.197500000000e+02  1.624048426105e-04
   14700  2.205000000000e+02  1.964629602265e-04
   14750  2.212500000000e+02  2.694354515726e-04
   14800  2.220000000000e+02  3.815104603018e-04
   14850  2.227500000000e+02  5.325730736191e-04
   14900  2.235000000000e+02  7.222042683407e-04
   14950  2.242500000000e+02  9.496818404658e-04
   15000  2.250000000000e+02  1.213983393949e-03
   15050  2.257500000000e+02  1.513791313873e-03
   15100  2.265000000000e+02  1.847500674583e-03
   15150  2.272500000000e+02  2.213230879409e-03
   15200  2.280000000000e+02  2.608838099930e-03
   15250  2.287500000000e+02  3.031928788730e-03
   15300  2.295000000000e+02  3.479879776619e-03
   15350  2.302500000000e+02  3.949854746164e-03
   15400  2.310000000000e+02  4.438826529871e-03
   15450  2.317500000000e+02  4.943598106314e-03
   15500  2.325000000000e+02  5.460829720856e-03
   15550  2.332500000000e+02  5.987061563277e-03
   15600  2.340000000000e+02  6.518740466504e-03
   15650  2.347500000000e+02  7.052248588046e-03
   15700  2.355000000000e+02  7.583930796388e-03
   15750  2.362500000000e+02  8.110122799095e-03
   15800  2.370000000000e+02  8.627178820031e-03
   15850  2.377500000000e+02  9.131498274082e-03
   15900  2.385000000000e+02  9.619557322036e-03
   15950  2.392500000000e+02  1.008793299060e-02
   16000  2.400000000000e+02  1.053333042139e-02
   16050  2.407500000000e+02  1.095260870689e-02
   16100  2.415000000000e+02  1.134280600277e-02
   16150  2.422500000000e+02  1.170116030950e-02
   16200  2.430000000000e+02  1.202513312276e-02
   16250  2.437500000000e+02  1.231242743874e-02
   16300  2.445000000000e+02  1.256100524696e-02
   16350  2.452500000000e+02  1.276910384802e-02
   16400  2.460000000000e+02  1.293524790685e-02
   16450  2.467500000000e+02  1.305826352689e-02
   16500  2.475000000000e+02  1.313728582107e-02
   16550  2.482500000000e+02  1.317176251361e-02
   16600  2.490000000000e+02  1.316146097112e-02
   16650  2.497500000000e+02  1.310647250832e-02
   16700  2.505000000000e+02  1.300720806309e-02
   16750  2.512500000000e+02  1.286439327050e-02
   16800  2.520000000000e+02  1.267906463899e-02
   16850  2.527500000000e+02  1.245256119540e-02
   16900  2.535000000000e+02  1.218651345437e-02
   16950  2.542500000000e+02  1.188283119633e-02
   17000  2.550000000000e+02  1.154368844198e-02
   17050  2.557500000000e+02  1.117150625035e-02
   17100  2.565000000000e+02  1.076893166113e-02
   17150  2.572500000000e+02  1.033881975145e-02
   17200  2.580000000000e+02  9.884210057225e-03
   17250  2.587500000000e+02  9.408302876280e-03
   17300  2.595000000000e+02  8.914435872426e-03
   17350  2.602500000000e+02  8.406058031876e-03
   17400  2.610000000000e+02  7.886703817931e-03
   17450  2.617500000000e+02  7.359964301332e-03
   17500  2.625000000000e+02  6.829459685088e-03
   17550  2.632500000000e+02  6.298811722107e-03
   17600  2.640000000000e+02  5.771614251126e-03
   17650  2.647500000000e+02  5.251407895545e-03
   17700  2.655000000000e+02  4.741649965640e-03
   17750  2.662500000000e+02  4.245690913768e-03
   17800  2.670000000000e+02  3.766748605409e-03
   17850  2.677500000000e+02  3.307881200648e-03
   17900  2.685000000000e+02  2.871965092046e-03
   17950  2.692500000000e+02  2.461675096011e-03
   18000  2.700000000000e+02  2.079462600707e-03
   18050  2.707500000000e+02  1.727537997752e-03
   18100  2.715000000000e+02  1.407855232919e-03
   18150  2.722500000000e+02  1.122097766314e-03
   18200  2.730000000000e+02  8.716671060809e-04
   18250  2.737500000000e+02  6.576743346923e-04
   18300  2.745000000000e+02  4.809324533610e-04
   18350  2.752500000000e+02  3.419537348395e-04
   18400  2.760000000000e+02  2.409476819673e-04
   18450  2.767500000000e+02  1.778217880802e-04
   18500  2.775000000000e+02  1.521849987540e-04
   18550  2.782500000000e+02  1.633535924172e-04
   18600  2.790000000000e+02  2.103595956690e-04
   18650  2.797500000000e+02  2.919611181050e-04
   18700  2.805000000000e+02  4.066553808988e-04
   18750  2.812500000000e+02  5.526934642430e-04
   18800  2.820000000000e+02  7.280972793455e-04
   18850  2.827500000000e+02  9.306773485451e-04
   18900  2.835000000000e+02  1.158054461699e-03
   18950  2.842500000000e+02  1.407679803023e-03
   19000  2.850000000000e+02  1.676859297333e-03
   19050  2.857500000000e+02  1.962775951746e-03
   19100  2.865000000000e+02  2.262515275482e-03
   19150  2.872500000000e+02  2.573089847528e-03
   19200  2.880000000000e+02  2.891466332445e-03
   19250  2.887500000000e+02  3.214590271580e-03
   19300  2.895000000000e+02  3.539411600162e-03
   19350  2.902500000000e+02  3.862908294436e-03
   19400  2.910000000000e+02  4.182113396960e-03
   19450  2.917500000000e+02  4.494137920623e-03
   19500  2.925000000000e+02  4.796195822023e-03
   19550  2.932500000000e+02  5.085624211297e-03
   19600  2.940000000000e+02  5.359903413345e-03
   19650  2.947500000000e+02  5.616677462721e-03
   19700  2.955000000000e+02  5.853769546714e-03
   19750  2.962500000000e+02  6.069199612451e-03
   19800  2.970000000000e+02  6.261199580774e-03
   19850  2.977500000000e+02  6.428222467364e-03
   19900  2.985000000000e+02  6.568955383909e-03
   19950  2.992500000000e+02  6.682325483198e-03
   20000  3.000000000000e+02  6.767507452936e-03
   20050  3.007500000000e+02  6.823923764080e-03
   20100  3.015000000000e+02  6.851248564341e-03
   20150  3.022500000000e+02  6.849408421349e-03
   20200  3.030000000000e+02  6.818577365363e-03
   20250  3.037500000000e+02  6.759176169595e-03
   20300  3.045000000000e+02  6.671863348009e-03
   20350  3.052500000000e+02  6.557527085195e-03
   20400  3.060000000000e+02  6.417275704449e-03
   20450  3.067500000000e+02  6.252427740920e-03
   20500  3.075000000000e+02  6.064494406281e-03
   20550  3.082500000000e+02  5.855169273538e-03
   20600  3.090000000000e+02  5.626308270562e-03
   20650  3.097500000000e+02  5.379915100892e-03
   20700  3.105000000000e+02  5.118123783322e-03
   20750  3.112500000000e+02  4.843179705485e-03
   20800  3.120000000000e+02  4.557417556080e-03
   20850  3.127500000000e+02  4.263243001193e-03
   20900  3.135000000000e+02  3.963113846109e-03
   20950  3.142500000000e+02  3.659516786004e-03
   21000  3.150000000000e+02  3.354946841264e-03
   21050  3.157500000000e+02  3.051887488804e-03
   21100  3.165000000000e+02  2.752791624863e-03
   21150  3.172500000000e+02  2.460060982855e-03
   21200  3.180000000000e+02  2.176027690367e-03
   21250  3.187500000000e+02  1.902935195651e-03
   21300  3.195000000000e+02  1.642920720726e-03
   21350  3.202500000000e+02  1.397999908281e-03
   21400  3.210000000000e+02  1.170052144747e-03
   21450  3.217500000000e+02  9.608054628069e-04
   21500  3.225000000000e+02  7.718251660817e-04
   21550  3.232500000000e+02  6.045014920926e-04
   21600  3.240000000000e+02  4.600409071329e-04
   21650  3.247500000000e+02  3.394584378024e-04
   21700  3.255000000000e+02  2.435701212961e-04
   21750  3.262500000000e+02  1.729894754080e-04
   21800  3.270000000000e+02  1.281241298814e-04
   21850  3.277500000000e+02  1.091746236330e-04
   21900  3.285000000000e+02  1.161352020498e-04
   21950  3.292500000000e+02  1.487961604222e-04
   22000  3.300000000000e+02  2.067479179244e-04
   22050  3.307500000000e+02  2.893869035449e-04
   22100  3.315000000000e+02  3.959229231638e-04
   22150  3.322500000000e+02  5.253875585503e-04
   22200  3.330000000000e+02  6.766447134220e-04
   22250  3.337500000000e+02  8.484015471814e-04
   22300  3.345000000000e+02  1.039221121322e-03
   22350  3.352500000000e+02  1.247536056875e-03
   22400  3.360000000000e+02  1.471662448507e-03
   22450  3.367500000000e+02  1.709814752026e-03
   22500  3.375000000000e+02  1.960122856525e-03
   22550  3.382500000000e+02  2.220646844877e-03
   22600  3.390000000000e+02  2.489393661745e-03
   22650  3.397500000000e+02  2.764333752035e-03
   22700  3.405000000000e+02  3.043418005612e-03
   22750  3.412500000000e+02  3.324593080647e-03
   22800  3.420000000000e+02  3.605818585902e-03
   22850  3.427500000000e+02  3.885082684761e-03
   22900  3.435000000000e+02  4.160417032591e-03
   22950  3.442500000000e+02  4.429911493042e-03
   23000  3.450000000000e+02  4.691725006575e-03
   23050  3.457500000000e+02  4.944102069776e-03
   23100  3.465000000000e+02  5.185383505998e-03
   23150  3.472500000000e+02  5.414016961698e-03
   23200  3.480000000000e+02  5.628566296072e-03
   23250  3.487500000000e+02  5.827721818415e-03
   23300  3.495000000000e+02  6.010305516022e-03
   23350  3.502500000000e+02  6.175278604032e-03
   23400  3.510000000000e+02  6.321745852970e-03
   23450  3.517500000000e+02  6.448960499340e-03
   23500  3.525000000000e+02  6.556324652611e-03
   23550  3.532500000000e+02  6.643392116300e-03
   23600  3.540000000000e+02  6.709865585254e-03
   23650  3.547500000000e+02  6.755596751895e-03
   23700  3.555000000000e+02  6.780584266863e-03
   23750  3.562500000000e+02  6.784969013886e-03
   23800  3.570000000000e+02  6.769029438564e-03
   23850  3.577500000000e+02  6.733176241292e-03
   23900  3.585000000000e+02  6.677944427715e-03
   23950  3.592500000000e+02  6.603988231134e-03
   24000  3.600000000000e+02  6.512070345972e-03
   24050  3.607500000000e+02  6.403053448495e-03
   24100  3.615000000000e+02  6.277890308704e-03
   24150  3.622500000000e+02  6.137613200971e-03
   24200  3.630000000000e+02  5.983327777893e-03
   24250  3.637500000000e+02  5.816198616593e-03
   24300  3.645000000000e+02  5.637438119891e-03
   24350  3.652500000000e+02  5.448301424475e-03
   24400  3.660000000000e+02  5.250068748975e-03
   24450  3.667500000000e+02  5.044040065682e-03
   24500  3.675000000000e+02  4.831523637299e-03
   24550  3.682500000000e+02  4.613826455418e-03
   24600  3.690000000000e+02  4.392240604113e-03
   24650  3.697500000000e+02  4.168039902332e-03
   24700  3.705000000000e+02  3.942466462891e-03
   24750  3.712500000000e+02  3.716724010116e-03
   24800  3.720000000000e+02  3.491968898327e-03
   24850  3.727500000000e+02  3.269304714463e-03
   24900  3.735000000000e+02  3.049773542110e-03
   24950  3.742500000000e+02  2.834351514957e-03
   25000  3.750000000000e+02  2.623944031163e-03
   25050  3.757500000000e+02  2.419380825763e-03
   25100  3.765000000000e+02  2.221412973973e-03
   25150  3.772500000000e+02  2.030708464037e-03
   25200  3.780000000000e+02  1.847852851240e-03
   25250  3.787500000000e+02  1.673346681368e-03
   25300  3.795000000000e+02  1.507605251926e-03
   25350  3.802500000000e+02  1.350959460532e-03
   25400  3.810000000000e+02  1.203657109992e-03
   25450  3.817500000000e+02  1.065863885288e-03
   25500  3.825000000000e+02  9.376673039904e-04
   25550  3.832500000000e+02  8.190786847770e-04
   25600  3.840000000000e+02  7.100367588934e-04
   25650  3.847500000000e+02  6.104127865773e-04
   25700  3.855000000000e+02  5.200145113782e-04
   25750  3.862500000000e+02  4.385911149164e-04
   25800  3.870000000000e+02  3.658385994057e-04
   25850  3.877500000000e+02  3.014053809207e-04
   25900  3.885000000000e+02  2.448980976779e-04
   25950  3.892500000000e+02  1.958878750400e-04
   26000  3.900000000000e+02  1.539158888744e-04
   26050  3.907500000000e+02  1.184996477759e-04
   26100  3.915000000000e+02  8.913889056686e-05
   26150  3.922500000000e+02  6.532153148863e-05
   26200  3.930000000000e+02  4.652897804397e-05
   26250  3.937500000000e+02  3.224169648004e-05
   26300  3.945000000000e+02  2.194436701214e-05
   26350  3.952500000000e+02  1.513070424105e-05
   26400  3.960000000000e+02  1.130807745815e-05
   26450  3.967500000000e+02  1.000163486573e-05
   26500  3.975000000000e+02  1.075813612311e-05
   26550  3.982500000000e+02  1.314935313693e-05
   26600  3.990000000000e+02  1.677503927095e-05
   26650  3.997500000000e+02  2.126535846962e-05
   26700  4.005000000000e+02  2.628292224624e-05
   26750  4.012500000000e+02  3.152435944769e-05
   26800  4.020000000000e+02  3.672148932204e-05
   26850  4.027500000000e+02  4.164170809610e-05
   26900  4.035000000000e+02  4.608864136445e-05
   26950  4.042500000000e+02  4.990191182267e-05
   27000  4.050000000000e+02  5.295663504640e-05
   27050  4.057500000000e+02  5.516248338908e-05
   27100  4.065000000000e+02  5.646266493625e-05
   27150  4.072500000000e+02  5.683255166492e-05
   27200  4.080000000000e+02  5.627792202335e-05
   27250  4.087500000000e+02  5.483281660713e-05
   27300  4.095000000000e+02  5.255768046115e-05
   27350  4.102500000000e+02  4.953665616839e-05
   27400  4.110000000000e+02  4.587503714909e-05
   27450  4.117500000000e+02  4.169677806210e-05
   27500  4.125000000000e+02  3.714162148502e-05
   27550  4.132500000000e+02  3.236251870342e-05
   27600  4.140000000000e+02  2.752274213325e-05
   27650  4.147500000000e+02  2.279307426160e-05
   27700  4.155000000000e+02  1.834905919316e-05
   27750  4.162500000000e+02  1.436832482828e-05
   27800  4.170000000000e+02  1.102807980613e-05
   27850  4.177500000000e+02  8.502532085994e-06
   27900  4.185000000000e+02  6.960585443624e-06
   27950  4.192500000000e+02  6.563600083505e-06
   28000  4.200000000000e+02  7.463369740369e-06
   28050  4.207500000000e+02  9.800248391006e-06
   28100  4.215000000000e+02  1.370152466648e-05
   28150  4.222500000000e+02  1.927994858924e-05
   28200  4.230000000000e+02  2.663249638635e-05
   28250  4.237500000000e+02  3.583926868221e-05
   28300  4.245000000000e+02  4.696276462955e-05
   28350  4.252500000000e+02  6.004737008841e-05
   28400  4.260000000000e+02  7.511897340922e-05
   28450  4.267500000000e+02  9.218463278069e-05
   28500  4.275000000000e+02  1.112328670131e-04
   28550  4.282500000000e+02  1.322337961851e-04
   28600  4.290000000000e+02  1.551398905639e-04
   28650  4.297500000000e+02  1.798862766740e-04
   28700  4.305000000000e+02  2.063917360718e-04
   28750  4.312500000000e+02  2.345598336696e-04
   28800  4.320000000000e+02  2.642796021984e-04
   28850  4.327500000000e+02  2.954275963065e-04
   28900  4.335000000000e+02  3.278683153954e-04
   28950  4.342500000000e+02  3.614559574668e-04
   29000  4.350000000000e+02  3.960366620716e-04
   29050  4.357500000000e+02  4.314493248101e-04
   29100  4.365000000000e+02  4.675274538411e-04
   29150  4.372500000000e+02  5.041008744077e-04
   29200  4.380000000000e+02  5.409974524575e-04
   29250  4.387500000000e+02  5.780447226543e-04
   29300  4.395000000000e+02  6.150710547626e-04
   29350  4.402500000000e+02  6.519074849855e-04
   29400  4.410000000000e+02  6.883888232531e-04
   29450  4.417500000000e+02  7.243553487993e-04
   29500  4.425000000000e+02  7.596541107003e-04
   29550  4.432500000000e+02  7.941408293851e-04
   29600  4.440000000000e+02  8.276798199637e-04
   29650  4.447500000000e+02  8.601455789181e-04
   29700  4.455000000000e+02  8.914239923208e-04
   29750  4.462500000000e+02  9.214121445442e-04
   29800  4.470000000000e+02  9.500190290723e-04
   29850  4.477500000000e+02  9.771666630274e-04
   29900  4.485000000000e+02  1.002789650521e-03
   29950  4.492500000000e+02  1.026835063894e-03
   30000  4.500000000000e+02  1.049262081313e-03
   30050  4.507500000000e+02  1.070042472686e-03
   30100  4.515000000000e+02  1.089160413237e-03
   30150  4.522500000000e+02  1.106611272631e-03
   30200  4.530000000000e+02  1.122401775296e-03
   30250  4.537500000000e+02  1.136549216602e-03
   30300  4.545000000000e+02  1.149080899846e-03
   30350  4.552500000000e+02  1.160033307577e-03
   30400  4.560000000000e+02  1.169451622964e-03
   30450  4.567500000000e+02  1.177388990232e-03
   30500  4.575000000000e+02  1.183905002183e-03
   30550  4.582500000000e+02  1.189065547806e-03
   30600  4.590000000000e+02  1.192941678144e-03
   30650  4.597500000000e+02  1.195608003708e-03
   30700  4.605000000000e+02  1.197142772771e-03
   30750  4.612500000000e+02  1.197627112156e-03
   30800  4.620000000000e+02  1.197143370467e-03
   30850  4.627500000000e+02  1.195774997819e-03
   30900  4.635000000000e+02  1.193606534753e-03
   30950  4.642500000000e+02  1.190721020412e-03
   31000  4.650000000000e+02  1.187201648697e-03
   31050  4.657500000000e+02  1.183129374941e-03
   31100  4.665000000000e+02  1.178583848638e-03
   31150  4.672500000000e+02  1.173642097365e-03
   31200  4.680000000000e+02  1.168378962056e-03
   31250  4.687500000000e+02  1.162865088965e-03
   31300  4.695000000000e+02  1.157168719637e-03
   31350  4.702500000000e+02  1.151354308275e-03
   31400  4.710000000000e+02  1.145483366092e-03
   31450  4.717500000000e+02  1.139614149669e-03
   31500  4.725000000000e+02  1.133801236547e-03
   31550  4.732500000000e+02  1.128094863286e-03
   31600  4.740000000000e+02  1.122543045859e-03
   31650  4.747500000000e+02  1.117190357951e-03
   31700  4.755000000000e+02  1.112077208490e-03
   31750  4.762500000000e+02  1.107241819041e-03
   31800  4.770000000000e+02  1.102718137741e-03
   31850  4.777500000000e+02  1.098537993830e-03
   31900  4.785000000000e+02  1.094729360113e-03
   31950  4.792500000000e+02  1.091316998755e-03
   32000  4.800000000000e+02  1.088322622760e-03
   32050  4.807500000000e+02  1.085764192725e-03
   32100  4.815000000000e+02  1.083656851609e-03
   32150  4.822500000000e+02  1.082013175729e-03
   32200  4.830000000000e+02  1.080842419380e-03
   32250  4.837500000000e+02  1.080151040568e-03
   32300  4.845000000000e+02  1.079943186491e-03
   32350  4.852500000000e+02  1.080220655849e-03
   32400  4.860000000000e+02  1.080982011172e-03
   32450  4.867500000000e+02  1.082224452427e-03
   32500  4.875000000000e+02  1.083941683776e-03
   32550  4.882500000000e+02  1.086125436500e-03
   32600  4.890000000000e+02  1.088765121370e-03
   32650  4.897500000000e+02  1.091848530003e-03
   32700  4.905000000000e+02  1.095360498601e-03
   32750  4.912500000000e+02  1.099284066108e-03
   32800  4.920000000000e+02  1.103600513613e-03
   32850  4.927500000000e+02  1.108288454631e-03
   32900  4.935000000000e+02  1.113324632496e-03
   32950  4.942500000000e+02  1.118683731649e-03
   33000  4.950000000000e+02  1.124338101362e-03
   33050  4.957500000000e+02  1.130258599604e-03
   33100  4.965000000000e+02  1.136414204394e-03
   33150  4.972500000000e+02  1.142772439300e-03
   33200  4.980000000000e+02  1.149299375485e-03
   33250  4.987500000000e+02  1.155958905747e-03
   33300  4.995000000000e+02  1.162713348475e-03
   33350  5.002500000000e+02  1.169524820120e-03
   33400  5.010000000000e+02  1.176402590277e-03
   33450  5.017500000000e+02  1.183401828133e-03
   33500  5.025000000000e+02  1.190544285614e-03
   33550  5.032500000000e+02  1.197830418649e-03
   33600  5.040000000000e+02  1.205254720324e-03
   33650  5.047500000000e+02  1.212807441401e-03
   33700  5.055000000000e+02  1.220476337363e-03
   33750  5.062500000000e+02  1.228247503034e-03
   33800  5.070000000000e+02  1.236112382226e-03
   33850  5.077500000000e+02  1.244065121646e-03
   33900  5.085000000000e+02  1.252100606492e-03
   33950  5.092500000000e+02  1.260213996165e-03
   34000  5.100000000000e+02  1.268396880976e-03
   34050  5.107500000000e+02  1.276638575028e-03
   34100  5.115000000000e+02  1.284928645228e-03
   34150  5.122500000000e+02  1.293258282970e-03
   34200  5.130000000000e+02  1.301621952298e-03
   34250  5.137500000000e+02  1.310011599694e-03
   34300  5.145000000000e+02  1.318414295408e-03
   34350  5.152500000000e+02  1.326820144452e-03
   34400  5.160000000000e+02  1.335223206442e-03
   34450  5.167500000000e+02  1.343618513671e-03
   34500  5.175000000000e+02  1.352002431466e-03
   34550  5.182500000000e+02  1.360372956012e-03
   34600  5.190000000000e+02  1.368728264332e-03
   34650  5.197500000000e+02  1.377065277231e-03
   34700  5.205000000000e+02  1.385379775861e-03
   34750  5.212500000000e+02  1.393666289560e-03
   34800  5.220000000000e+02  1.401924870119e-03
   34850  5.227500000000e+02  1.410157353692e-03
   34900  5.235000000000e+02  1.418365164973e-03
   34950  5.242500000000e+02  1.426548041748e-03
   35000  5.250000000000e+02  1.434706374777e-03
   35050  5.257500000000e+02  1.442842490577e-03
   35100  5.265000000000e+02  1.450961138069e-03
   35150  5.272500000000e+02  1.459069877848e-03
   35200  5.280000000000e+02  1.467177116163e-03
   35250  5.287500000000e+02  1.475290459274e-03
   35300  5.295000000000e+02  1.483417088176e-03
   35350  5.302500000000e+02  1.491563758623e-03
   35400  5.310000000000e+02  1.499736630113e-03
   35450  5.317500000000e+02  1.507943586582e-03
   35500  5.325000000000e+02  1.516191472125e-03
   35550  5.332500000000e+02  1.524487955044e-03
   35600  5.340000000000e+02  1.532841291363e-03
   35650  5.347500000000e+02  1.541257327539e-03
   35700  5.355000000000e+02  1.549741187720e-03
   35750  5.362500000000e+02  1.558297619441e-03
   35800  5.370000000000e+02  1.566930934556e-03
   35850  5.377500000000e+02  1.575644708798e-03
   35900  5.385000000000e+02  1.584443658605e-03
   35950  5.392500000000e+02  1.593330764130e-03
   36000  5.400000000000e+02  1.602307200613e-03
   36050  5.407500000000e+02  1.611371954736e-03
   36100  5.415000000000e+02  1.620522417410e-03
   36150  5.422500000000e+02  1.629756798716e-03
   36200  5.430000000000e+02  1.639074559683e-03
   36250  5.437500000000e+02  1.648475015101e-03
   36300  5.445000000000e+02  1.657956857726e-03
   36350  5.452500000000e+02  1.667517523036e-03
   36400  5.460000000000e+02  1.677152396363e-03
   36450  5.467500000000e+02  1.686857263549e-03
   36500  5.475000000000e+02  1.696627669314e-03
   36550  5.482500000000e+02  1.706459846759e-03
   36600  5.490000000000e+02  1.716350229723e-03
   36650  5.497500000000e+02  1.726296407037e-03
   36700  5.505000000000e+02  1.736293332119e-03
   36750  5.512500000000e+02  1.746335684594e-03
   36800  5.520000000000e+02  1.756419066826e-03
   36850  5.527500000000e+02  1.766539407105e-03
   36900  5.535000000000e+02  1.776693664216e-03
   36950  5.542500000000e+02  1.786878664932e-03
   37000  5.550000000000e+02  1.797091963075e-03
   37050  5.557500000000e+02  1.807330060715e-03
   37100  5.565000000000e+02  1.817588417591e-03
   37150  5.572500000000e+02  1.827863378560e-03
   37200  5.580000000000e+02  1.838152957644e-03
   37250  5.587500000000e+02  1.848457236815e-03
   37300  5.595000000000e+02  1.858775987010e-03
   37350  5.602500000000e+02  1.869108849667e-03
   37400  5.610000000000e+02  1.879455862600e-03
   37450  5.617500000000e+02  1.889817176391e-03
   37500  5.625000000000e+02  1.900192904315e-03
   37550  5.632500000000e+02  1.910587206571e-03
   37600  5.640000000000e+02  1.921003693464e-03
   37650  5.647500000000e+02  1.931446198858e-03
   37700  5.655000000000e+02  1.941916243945e-03
   37750  5.662500000000e+02  1.952416421972e-03
   37800  5.670000000000e+02  1.962949497125e-03
   37850  5.677500000000e+02  1.973517578979e-03
   37900  5.685000000000e+02  1.984124131052e-03
   37950  5.692500000000e+02  1.994773328648e-03
   38000  5.700000000000e+02  2.005470056737e-03
   38050  5.707500000000e+02  2.016218369850e-03
   38100  5.715000000000e+02  2.027022277931e-03
   38150  5.722500000000e+02  2.037883437369e-03
   38200  5.730000000000e+02  2.048803769694e-03
   38250  5.737500000000e+02  2.059785946551e-03
   38300  5.745000000000e+02  2.070833108517e-03
   38350  5.752500000000e+02  2.081946401848e-03
   38400  5.760000000000e+02  2.093126280326e-03
   38450  5.767500000000e+02  2.104372888760e-03
   38500  5.775000000000e+02  2.115684248881e-03
   38550  5.782500000000e+02  2.127058130784e-03
   38600  5.790000000000e+02  2.138494217323e-03
   38650  5.797500000000e+02  2.149989766209e-03
   38700  5.805000000000e+02  2.161542064880e-03
   38750  5.812500000000e+02  2.173148657938e-03
   38800  5.820000000000e+02  2.184806570674e-03
   38850  5.827500000000e+02  2.196513540446e-03
   38900  5.835000000000e+02  2.208266359036e-03
   38950  5.842500000000e+02  2.220062369737e-03
   39000  5.850000000000e+02  2.231899846053e-03
   39050  5.857500000000e+02  2.243777055966e-03
   39100  5.865000000000e+02  2.255691022595e-03
   39150  5.872500000000e+02  2.267640987353e-03
   39200  5.880000000000e+02  2.279626073974e-03
   39250  5.887500000000e+02  2.291645909966e-03
   39300  5.895000000000e+02  2.303701013968e-03
   39350  5.902500000000e+02  2.315792233988e-03
   39400  5.910000000000e+02  2.327918505615e-03
   39450  5.917500000000e+02  2.340078849115e-03
   39500  5.925000000000e+02  2.352273439360e-03
   39550  5.932500000000e+02  2.364503260987e-03
   39600  5.940000000000e+02  2.376769524453e-03
   39650  5.947500000000e+02  2.389074678288e-03
   39700  5.955000000000e+02  2.401419960556e-03
   39750  5.962500000000e+02  2.413807078002e-03
   39800  5.970000000000e+02  2.426237422665e-03
   39850  5.977500000000e+02  2.438713393006e-03
   39900  5.985000000000e+02  2.451239018180e-03
   39950  5.992500000000e+02  2.463818341095e-03
   40000  6.000000000000e+02  2.476454427484e-03
   40050  6.007500000000e+02  2.489150090267e-03
   40100  6.015000000000e+02  2.501908678135e-03
   40150  6.022500000000e+02  2.514733008547e-03
   40200  6.030000000000e+02  2.527626258300e-03
   40250  6.037500000000e+02  2.540591244736e-03
   40300  6.045000000000e+02  2.553631083173e-03
   40350  6.052500000000e+02  2.566748357610e-03
   40400  6.060000000000e+02  2.579943896132e-03
   40450  6.067500000000e+02  2.593218239679e-03
   40500  6.075000000000e+02  2.606571634170e-03
   40550  6.082500000000e+02  2.620004633774e-03
   40600  6.090000000000e+02  2.633516736819e-03
   40650  6.097500000000e+02  2.647106366370e-03
   40700  6.105000000000e+02  2.660772209537e-03
   40750  6.112500000000e+02  2.674513617288e-03
   40800  6.120000000000e+02  2.688328916405e-03
   40850  6.127500000000e+02  2.702215412569e-03
   40900  6.135000000000e+02  2.716170939448e-03
   40950  6.142500000000e+02  2.730191655656e-03
   41000  6.150000000000e+02  2.744274472135e-03
   41050  6.157500000000e+02  2.758416380951e-03
   41100  6.165000000000e+02  2.772615215782e-03
   41150  6.172500000000e+02  2.786865875613e-03
   41200  6.180000000000e+02  2.801164583305e-03
   41250  6.187500000000e+02  2.815509052302e-03
   41300  6.195000000000e+02  2.829896191880e-03
   41350  6.202500000000e+02  2.844323443409e-03
   41400  6.210000000000e+02  2.858788128389e-03
   41450  6.217500000000e+02  2.873288907309e-03
   41500  6.225000000000e+02  2.887825190933e-03
   41550  6.232500000000e+02  2.902396158028e-03
   41600  6.240000000000e+02  2.917001900528e-03
   41650  6.247500000000e+02  2.931641910821e-03
   41700  6.255000000000e+02  2.946314581346e-03
   41750  6.262500000000e+02  2.961020344028e-03
   41800  6.270000000000e+02  2.975758977633e-03
   41850  6.277500000000e+02  2.990530173200e-03
   41900  6.285000000000e+02  3.005333676340e-03
   41950  6.292500000000e+02  3.020169544631e-03
   42000  6.300000000000e+02  3.035037766195e-03
   42050  6.307500000000e+02  3.049937969860e-03
   42100  6.315000000000e+02  3.064870370808e-03
   42150  6.322500000000e+02  3.079836408634e-03
   42200  6.330000000000e+02  3.094836507379e-03
   42250  6.337500000000e+02  3.109871017351e-03
   42300  6.345000000000e+02  3.124940123301e-03
   42350  6.352500000000e+02  3.140045253906e-03
   42400  6.360000000000e+02  3.155188117557e-03
   42450  6.367500000000e+02  3.170370938475e-03
   42500  6.375000000000e+02  3.185598499249e-03
   42550  6.382500000000e+02  3.200874924584e-03
   42600  6.390000000000e+02  3.216205219553e-03
   42650  6.397500000000e+02  3.231594533666e-03
   42700  6.405000000000e+02  3.247048565537e-03
   42750  6.412500000000e+02  3.262573319310e-03
   42800  6.420000000000e+02  3.278174784910e-03
   42850  6.427500000000e+02  3.293858456162e-03
   42900  6.435000000000e+02  3.309629831795e-03
   42950  6.442500000000e+02  3.325493907574e-03
   43000  6.450000000000e+02  3.341453323053e-03
   43050  6.457500000000e+02  3.357510051188e-03
   43100  6.465000000000e+02  3.373666679361e-03
   43150  6.472500000000e+02  3.389924660211e-03
   43200  6.480000000000e+02  3.406284713155e-03
   43250  6.487500000000e+02  3.422747087018e-03
   43300  6.495000000000e+02  3.439311915925e-03
   43350  6.502500000000e+02  3.455979070445e-03
   43400  6.510000000000e+02  3.472746491497e-03
   43450  6.517500000000e+02  3.489612026834e-03
   43500  6.525000000000e+02  3.506573252497e-03
   43550  6.532500000000e+02  3.523627487729e-03
   43600  6.540000000000e+02  3.540771832811e-03
   43650  6.547500000000e+02  3.558002564844e-03
   43700  6.555000000000e+02  3.575316189098e-03
   43750  6.562500000000e+02  3.592709487355e-03
   43800  6.570000000000e+02  3.610180806488e-03
   43850  6.577500000000e+02  3.627726874333e-03
   43900  6.585000000000e+02  3.645345638681e-03
   43950  6.592500000000e+02  3.663033686130e-03
   44000  6.600000000000e+02  3.680787210947e-03
   44050  6.607500000000e+02  3.698602019486e-03
   44100  6.615000000000e+02  3.716475419646e-03
   44150  6.622500000000e+02  3.734404020950e-03
   44200  6.630000000000e+02  3.752384704386e-03
   44250  6.637500000000e+02  3.770414221666e-03
   44300  6.645000000000e+02  3.788489520996e-03
   44350  6.652500000000e+02  3.806607690217e-03
   44400  6.660000000000e+02  3.824765917314e-03
   44450  6.667500000000e+02  3.842962632117e-03
   44500  6.675000000000e+02  3.861195428281e-03
   44550  6.682500000000e+02  3.879462730716e-03
   44600  6.690000000000e+02  3.897763634585e-03
   44650  6.697500000000e+02  3.916096013880e-03
   44700  6.705000000000e+02  3.934457852259e-03
   44750  6.712500000000e+02  3.952848661130e-03
   44800  6.720000000000e+02  3.971268313024e-03
   44850  6.727500000000e+02  3.989715983487e-03
   44900  6.735000000000e+02  4.008191308622e-03
   44950  6.742500000000e+02  4.026696065595e-03
   45000  6.750000000000e+02  4.045231123537e-03
   45050  6.757500000000e+02  4.063799253311e-03
   45100  6.765000000000e+02  4.082404005156e-03
   45150  6.772500000000e+02  4.101049880563e-03
   45200  6.780000000000e+02  4.119739293173e-03
   45250  6.787500000000e+02  4.138474611053e-03
   45300  6.795000000000e+02  4.157258032830e-03
   45350  6.802500000000e+02  4.176092104003e-03
   45400  6.810000000000e+02  4.194979404725e-03
   45450  6.817500000000e+02  4.213921951356e-03
   45500  6.825000000000e+02  4.232924174653e-03
   45550  6.832500000000e+02  4.251990780041e-03
   45600  6.840000000000e+02  4.271125955186e-03
   45650  6.847500000000e+02  4.290331731630e-03
   45700  6.855000000000e+02  4.309610929563e-03
   45750  6.862500000000e+02  4.328968683340e-03
   45800  6.870000000000e+02  4.348412507688e-03
   45850  6.877500000000e+02  4.367947519939e-03
   45900  6.885000000000e+02  4.387579379633e-03
   45950  6.892500000000e+02  4.407313088184e-03
   46000  6.900000000000e+02  4.427152840544e-03
   46050  6.907500000000e+02  4.447103616250e-03
   46100  6.915000000000e+02  4.467170002555e-03
   46150  6.922500000000e+02  4.487356551223e-03
   46200  6.930000000000e+02  4.507667776777e-03
   46250  6.937500000000e+02  4.528107787731e-03
   46300  6.945000000000e+02  4.548681164694e-03
   46350  6.952500000000e+02  4.569390150008e-03
   46400  6.960000000000e+02  4.590235556487e-03
   46450  6.967500000000e+02  4.611216855822e-03
   46500  6.975000000000e+02  4.632335747148e-03
   46550  6.982500000000e+02  4.653591959051e-03
   46600  6.990000000000e+02  4.674982389103e-03
   46650  6.997500000000e+02  4.696503746317e-03
