################################################################################
# HEADER
# nspin         1
#%
# nik       217
#  st         1      26
# ust         1      26
# Iter             t            #  iter t Nex(t)  
################################################################################
       0  0.000000000000e+00  2.922662112326e-14
      50  7.500000000000e-01  1.096940081824e-08
     100  1.500000000000e+00  2.205832996816e-08
     150  2.250000000000e+00  3.453408099069e-08
     200  3.000000000000e+00  5.317307292391e-08
     250  3.750000000000e+00  8.921600045536e-08
     300  4.500000000000e+00  1.627383835814e-07
     350  5.250000000000e+00  3.051989451858e-07
     400  6.000000000000e+00  5.607107147823e-07
     450  6.750000000000e+00  9.873601695756e-07
     500  7.500000000000e+00  1.661419504376e-06
     550  8.250000000000e+00  2.679226281395e-06
     600  9.000000000000e+00  4.160366416268e-06
     650  9.750000000000e+00  6.250717114867e-06
     700  1.050000000000e+01  9.125311686821e-06
     750  1.125000000000e+01  1.298598543668e-05
     800  1.200000000000e+01  1.806728468508e-05
     850  1.275000000000e+01  2.463126159126e-05
     900  1.350000000000e+01  3.295850051373e-05
     950  1.425000000000e+01  4.335047337489e-05
    1000  1.500000000000e+01  5.612080937362e-05
    1050  1.575000000000e+01  7.159497587771e-05
    1100  1.650000000000e+01  9.010613303391e-05
    1150  1.725000000000e+01  1.119895913726e-04
    1200  1.800000000000e+01  1.375813951418e-04
    1250  1.875000000000e+01  1.672130240449e-04
    1300  1.950000000000e+01  2.011791248286e-04
    1350  2.025000000000e+01  2.397581784192e-04
    1400  2.100000000000e+01  2.831898512808e-04
    1450  2.175000000000e+01  3.316664800855e-04
    1500  2.250000000000e+01  3.853058596123e-04
    1550  2.325000000000e+01  4.441702179370e-04
    1600  2.400000000000e+01  5.082261278530e-04
    1650  2.475000000000e+01  5.773611965153e-04
    1700  2.550000000000e+01  6.513480851905e-04
    1750  2.625000000000e+01  7.298649104902e-04
    1800  2.700000000000e+01  8.124718231436e-04
    1850  2.775000000000e+01  8.986221849039e-04
    1900  2.850000000000e+01  9.876671643770e-04
    1950  2.925000000000e+01  1.078859533507e-03
    2000  3.000000000000e+01  1.171322607304e-03
    2050  3.075000000000e+01  1.264102718687e-03
    2100  3.150000000000e+01  1.356141348453e-03
    2150  3.225000000000e+01  1.446305092233e-03
    2200  3.300000000000e+01  1.533359325735e-03
    2250  3.375000000000e+01  1.616061804110e-03
    2300  3.450000000000e+01  1.693068159922e-03
    2350  3.525000000000e+01  1.763086459240e-03
    2400  3.600000000000e+01  1.824775912884e-03
    2450  3.675000000000e+01  1.876845755920e-03
    2500  3.750000000000e+01  1.918067940576e-03
    2550  3.825000000000e+01  1.947310400146e-03
    2600  3.900000000000e+01  1.963515480867e-03
    2650  3.975000000000e+01  1.965832172499e-03
    2700  4.050000000000e+01  1.953509149333e-03
    2750  4.125000000000e+01  1.926062110771e-03
    2800  4.200000000000e+01  1.883212291468e-03
    2850  4.275000000000e+01  1.824954386701e-03
    2900  4.350000000000e+01  1.751602732708e-03
    2950  4.425000000000e+01  1.663795532203e-03
    3000  4.500000000000e+01  1.562530431257e-03
    3050  4.575000000000e+01  1.449214054808e-03
    3100  4.650000000000e+01  1.325611264278e-03
    3150  4.725000000000e+01  1.193958949412e-03
    3200  4.800000000000e+01  1.056889563610e-03
    3250  4.875000000000e+01  9.175033818512e-04
    3300  4.950000000000e+01  7.793402293929e-04
    3350  5.025000000000e+01  6.463706436609e-04
    3400  5.100000000000e+01  5.230028771832e-04
    3450  5.175000000000e+01  4.140669340234e-04
    3500  5.250000000000e+01  3.247823652221e-04
    3550  5.325000000000e+01  2.607167974914e-04
    3600  5.400000000000e+01  2.277599956032e-04
    3650  5.475000000000e+01  2.320760027058e-04
    3700  5.550000000000e+01  2.800558156079e-04
    3750  5.625000000000e+01  3.782523401581e-04
    3800  5.700000000000e+01  5.333254453379e-04
    3850  5.775000000000e+01  7.519513806456e-04
    3900  5.850000000000e+01  1.040783354882e-03
    3950  5.925000000000e+01  1.406354831357e-03
    4000  6.000000000000e+01  1.854934507400e-03
    4050  6.075000000000e+01  2.392568406933e-03
    4100  6.150000000000e+01  3.024857619574e-03
    4150  6.225000000000e+01  3.756971597832e-03
    4200  6.300000000000e+01  4.593444237509e-03
    4250  6.375000000000e+01  5.538161896405e-03
    4300  6.450000000000e+01  6.594205695060e-03
    4350  6.525000000000e+01  7.763843389671e-03
    4400  6.600000000000e+01  9.048436765614e-03
    4450  6.675000000000e+01  1.044817307680e-02
    4500  6.750000000000e+01  1.196227526295e-02
    4550  6.825000000000e+01  1.358879666214e-02
    4600  6.900000000000e+01  1.532453603222e-02
    4650  6.975000000000e+01  1.716505886189e-02
    4700  7.050000000000e+01  1.910457337361e-02
    4750  7.125000000000e+01  2.113605593180e-02
    4800  7.200000000000e+01  2.325110288968e-02
    4850  7.275000000000e+01  2.543999301378e-02
    4900  7.350000000000e+01  2.769172660150e-02
    4950  7.425000000000e+01  2.999401855432e-02
    5000  7.500000000000e+01  3.233335624085e-02
    5050  7.575000000000e+01  3.469523550613e-02
    5100  7.650000000000e+01  3.706397028383e-02
    5150  7.725000000000e+01  3.942290683430e-02
    5200  7.800000000000e+01  4.175475421125e-02
    5250  7.875000000000e+01  4.404153734897e-02
    5300  7.950000000000e+01  4.626454325465e-02
    5350  8.025000000000e+01  4.840485204648e-02
    5400  8.100000000000e+01  5.044333808837e-02
    5450  8.175000000000e+01  5.236093093693e-02
    5500  8.250000000000e+01  5.413866229991e-02
    5550  8.325000000000e+01  5.575807662799e-02
    5600  8.400000000000e+01  5.720131456373e-02
    5650  8.475000000000e+01  5.845148210134e-02
    5700  8.550000000000e+01  5.949258462167e-02
    5750  8.625000000000e+01  6.030990533735e-02
    5800  8.700000000000e+01  6.089040151228e-02
    5850  8.775000000000e+01  6.122245526424e-02
    5900  8.850000000000e+01  6.129669036217e-02
    5950  8.925000000000e+01  6.110560334448e-02
    6000  9.000000000000e+01  6.064408960023e-02
    6050  9.075000000000e+01  5.990946819382e-02
    6100  9.150000000000e+01  5.890172993770e-02
    6150  9.225000000000e+01  5.762354211480e-02
    6200  9.300000000000e+01  5.608065366711e-02
    6250  9.375000000000e+01  5.428158283064e-02
    6300  9.450000000000e+01  5.223817606519e-02
    6350  9.525000000000e+01  4.996503547518e-02
    6400  9.600000000000e+01  4.748024101163e-02
    6450  9.675000000000e+01  4.480471295327e-02
    6500  9.750000000000e+01  4.196266157676e-02
    6550  9.825000000000e+01  3.898121990908e-02
    6600  9.900000000000e+01  3.589028942416e-02
    6650  9.975000000000e+01  3.272260779877e-02
    6700  1.005000000000e+02  2.951340977401e-02
    6750  1.012500000000e+02  2.630025307354e-02
    6800  1.020000000000e+02  2.312282576552e-02
    6850  1.027500000000e+02  2.002268467552e-02
    6900  1.035000000000e+02  1.704282765238e-02
    6950  1.042500000000e+02  1.422740326779e-02
    7000  1.050000000000e+02  1.162131279862e-02
    7050  1.057500000000e+02  9.269886117997e-03
    7100  1.065000000000e+02  7.218399919034e-03
    7150  1.072500000000e+02  5.511565265237e-03
    7200  1.080000000000e+02  4.193223590705e-03
    7250  1.087500000000e+02  3.305764148314e-03
    7300  1.095000000000e+02  2.889659276392e-03
    7350  1.102500000000e+02  2.982977773281e-03
    7400  1.110000000000e+02  3.620921002687e-03
    7450  1.117500000000e+02  4.835289674913e-03
    7500  1.125000000000e+02  6.654076123348e-03
    7550  1.132500000000e+02  9.100947653141e-03
    7600  1.140000000000e+02  1.219487475973e-02
    7650  1.147500000000e+02  1.594981150686e-02
    7700  1.155000000000e+02  2.037422371399e-02
    7750  1.162500000000e+02  2.547092744315e-02
    7800  1.170000000000e+02  3.123663028901e-02
    7850  1.177500000000e+02  3.766204023056e-02
    7900  1.185000000000e+02  4.473160039583e-02
    7950  1.192500000000e+02  5.242337969821e-02
    8000  1.200000000000e+02  6.070912827285e-02
    8050  1.207500000000e+02  6.955437621167e-02
    8100  1.215000000000e+02  7.891859121617e-02
    8150  1.222500000000e+02  8.875510123796e-02
    8200  1.230000000000e+02  9.901172185728e-02
    8250  1.237500000000e+02  1.096311087815e-01
    8300  1.245000000000e+02  1.205508128404e-01
    8350  1.252500000000e+02  1.317040591414e-01
    8400  1.260000000000e+02  1.430202452346e-01
    8450  1.267500000000e+02  1.544253605630e-01
    8500  1.275000000000e+02  1.658428017205e-01
    8550  1.282500000000e+02  1.771936698926e-01
    8600  1.290000000000e+02  1.883974756783e-01
    8650  1.297500000000e+02  1.993735389816e-01
    8700  1.305000000000e+02  2.100403426760e-01
    8750  1.312500000000e+02  2.203173860620e-01
    8800  1.320000000000e+02  2.301253025018e-01
    8850  1.327500000000e+02  2.393864708696e-01
    8900  1.335000000000e+02  2.480261078305e-01
    8950  1.342500000000e+02  2.559729268705e-01
    9000  1.350000000000e+02  2.631591032793e-01
    9050  1.357500000000e+02  2.695215027899e-01
    9100  1.365000000000e+02  2.750020333917e-01
    9150  1.372500000000e+02  2.795478375784e-01
    9200  1.380000000000e+02  2.831126597722e-01
    9250  1.387500000000e+02  2.856564510912e-01
    9300  1.395000000000e+02  2.871464535162e-01
    9350  1.402500000000e+02  2.875576539290e-01
    9400  1.410000000000e+02  2.868719347849e-01
    9450  1.417500000000e+02  2.850804280020e-01
    9500  1.425000000000e+02  2.821823061058e-01
    9550  1.432500000000e+02  2.781854455718e-01
    9600  1.440000000000e+02  2.731064325804e-01
    9650  1.447500000000e+02  2.669716730716e-01
    9700  1.455000000000e+02  2.598162582813e-01
    9750  1.462500000000e+02  2.516844487780e-01
    9800  1.470000000000e+02  2.426300527987e-01
    9850  1.477500000000e+02  2.327155526285e-01
    9900  1.485000000000e+02  2.220131589299e-01
    9950  1.492500000000e+02  2.106028115484e-01
   10000  1.500000000000e+02  1.985736738485e-01
   10050  1.507500000000e+02  1.860225976848e-01
   10100  1.515000000000e+02  1.730539962608e-01
   10150  1.522500000000e+02  1.597792711328e-01
   10200  1.530000000000e+02  1.463161747501e-01
   10250  1.537500000000e+02  1.327880303305e-01
   10300  1.545000000000e+02  1.193229870398e-01
   10350  1.552500000000e+02  1.060530770461e-01
   10400  1.560000000000e+02  9.311315222047e-02
   10450  1.567500000000e+02  8.063982880973e-02
   10500  1.575000000000e+02  6.877020907273e-02
   10550  1.582500000000e+02  5.764082458561e-02
   10600  1.590000000000e+02  4.738605810156e-02
   10650  1.597500000000e+02  3.813719285588e-02
   10700  1.605000000000e+02  3.002042086040e-02
   10750  1.612500000000e+02  2.315589745857e-02
   10800  1.620000000000e+02  1.765602025874e-02
   10850  1.627500000000e+02  1.362403731047e-02
   10900  1.635000000000e+02  1.115268142346e-02
   10950  1.642500000000e+02  1.032283870338e-02
   11000  1.650000000000e+02  1.120229531917e-02
   11050  1.657500000000e+02  1.384467389080e-02
   11100  1.665000000000e+02  1.828845379618e-02
   11150  1.672500000000e+02  2.455614412585e-02
   11200  1.680000000000e+02  3.265371097022e-02
   11250  1.687500000000e+02  4.257021312334e-02
   11300  1.695000000000e+02  5.427759543973e-02
   11350  1.702500000000e+02  6.773083275774e-02
   11400  1.710000000000e+02  8.286808704542e-02
   11450  1.717500000000e+02  9.961137025006e-02
   11500  1.725000000000e+02  1.178672010484e-01
   11550  1.732500000000e+02  1.375275797737e-01
   11600  1.740000000000e+02  1.584705955701e-01
   11650  1.747500000000e+02  1.805621517338e-01
   11700  1.755000000000e+02  2.036573586372e-01
   11750  1.762500000000e+02  2.276008567468e-01
   11800  1.770000000000e+02  2.522299443741e-01
   11850  1.777500000000e+02  2.773743081056e-01
   11900  1.785000000000e+02  3.028586593081e-01
   11950  1.792500000000e+02  3.285034911268e-01
   12000  1.800000000000e+02  3.541265954495e-01
   12050  1.807500000000e+02  3.795447821213e-01
   12100  1.815000000000e+02  4.045744344114e-01
   12150  1.822500000000e+02  4.290337116185e-01
   12200  1.830000000000e+02  4.527432312154e-01
   12250  1.837500000000e+02  4.755271057136e-01
   12300  1.845000000000e+02  4.972149145384e-01
   12350  1.852500000000e+02  5.176425941710e-01
   12400  1.860000000000e+02  5.366534954210e-01
   12450  1.867500000000e+02  5.540989468890e-01
   12500  1.875000000000e+02  5.698411868288e-01
   12550  1.882500000000e+02  5.837522264810e-01
   12600  1.890000000000e+02  5.957163594972e-01
   12650  1.897500000000e+02  6.056309903587e-01
   12700  1.905000000000e+02  6.134077829843e-01
   12750  1.912500000000e+02  6.189720919525e-01
   12800  1.920000000000e+02  6.222662918199e-01
   12850  1.927500000000e+02  6.232479308209e-01
   12900  1.935000000000e+02  6.218918787434e-01
   12950  1.942500000000e+02  6.181903302066e-01
   13000  1.950000000000e+02  6.121521371718e-01
   13050  1.957500000000e+02  6.038051267198e-01
   13100  1.965000000000e+02  5.931940274755e-01
   13150  1.972500000000e+02  5.803811516553e-01
   13200  1.980000000000e+02  5.654472718265e-01
   13250  1.987500000000e+02  5.484900820175e-01
   13300  1.995000000000e+02  5.296244826875e-01
   13350  2.002500000000e+02  5.089823641412e-01
   13400  2.010000000000e+02  4.867114626231e-01
   13450  2.017500000000e+02  4.629758364489e-01
   13500  2.025000000000e+02  4.379548742278e-01
   13550  2.032500000000e+02  4.118414884611e-01
   13600  2.040000000000e+02  3.848426928862e-01
   13650  2.047500000000e+02  3.571776988579e-01
   13700  2.055000000000e+02  3.290767240686e-01
   13750  2.062500000000e+02  3.007804995733e-01
   13800  2.070000000000e+02  2.725373053477e-01
   13850  2.077500000000e+02  2.446026117938e-01
   13900  2.085000000000e+02  2.172361725554e-01
   13950  2.092500000000e+02  1.906998677969e-01
   14000  2.100000000000e+02  1.652562670112e-01
   14050  2.107500000000e+02  1.411645328521e-01
   14100  2.115000000000e+02  1.186791341878e-01
   14150  2.122500000000e+02  9.804602784318e-02
   14200  2.130000000000e+02  7.949965371443e-02
   14250  2.137500000000e+02  6.326026446779e-02
   14300  2.145000000000e+02  4.953020540098e-02
   14350  2.152500000000e+02  3.849135165017e-02
   14400  2.160000000000e+02  3.030181578018e-02
   14450  2.167500000000e+02  2.509351761817e-02
   14500  2.175000000000e+02  2.296976944216e-02
   14550  2.182500000000e+02  2.400328696477e-02
   14600  2.190000000000e+02  2.823496223228e-02
   14650  2.197500000000e+02  3.567263208106e-02
   14700  2.205000000000e+02  4.629103322281e-02
   14750  2.212500000000e+02  6.003212462348e-02
   14800  2.220000000000e+02  7.680571271614e-02
   14850  2.227500000000e+02  9.649098695787e-02
   14900  2.235000000000e+02  1.189384800250e-01
   14950  2.242500000000e+02  1.439723379672e-01
   15000  2.250000000000e+02  1.713927942416e-01
   15050  2.257500000000e+02  2.009792541238e-01
   15100  2.265000000000e+02  2.324929951122e-01
   15150  2.272500000000e+02  2.656811892649e-01
   15200  2.280000000000e+02  3.002784197885e-01
   15250  2.287500000000e+02  3.360105773985e-01
   15300  2.295000000000e+02  3.725974085393e-01
   15350  2.302500000000e+02  4.097544262097e-01
   15400  2.310000000000e+02  4.471957481743e-01
   15450  2.317500000000e+02  4.846354885703e-01
   15500  2.325000000000e+02  5.217889808934e-01
   15550  2.332500000000e+02  5.583759973401e-01
   15600  2.340000000000e+02  5.941205181814e-01
   15650  2.347500000000e+02  6.287537859261e-01
   15700  2.355000000000e+02  6.620146215619e-01
   15750  2.362500000000e+02  6.936522788204e-01
   15800  2.370000000000e+02  7.234278994184e-01
   15850  2.377500000000e+02  7.511165818905e-01
   15900  2.385000000000e+02  7.765081181855e-01
   15950  2.392500000000e+02  7.994104605790e-01
   16000  2.400000000000e+02  8.196500479438e-01
   16050  2.407500000000e+02  8.370726089318e-01
   16100  2.415000000000e+02  8.515461740093e-01
   16150  2.422500000000e+02  8.629596492569e-01
   16200  2.430000000000e+02  8.712257468346e-01
   16250  2.437500000000e+02  8.762800903938e-01
   16300  2.445000000000e+02  8.780805123323e-01
   16350  2.452500000000e+02  8.766095123488e-01
   16400  2.460000000000e+02  8.718718152670e-01
   16450  2.467500000000e+02  8.638947259312e-01
   16500  2.475000000000e+02  8.527289990745e-01
   16550  2.482500000000e+02  8.384468887760e-01
   16600  2.490000000000e+02  8.211427125049e-01
   16650  2.497500000000e+02  8.009310735410e-01
   16700  2.505000000000e+02  7.779486384542e-01
   16750  2.512500000000e+02  7.523517951224e-01
   16800  2.520000000000e+02  7.243164581059e-01
   16850  2.527500000000e+02  6.940386828555e-01
   16900  2.535000000000e+02  6.617334732034e-01
   16950  2.542500000000e+02  6.276342390935e-01
   17000  2.550000000000e+02  5.919932679853e-01
   17050  2.557500000000e+02  5.550798207439e-01
   17100  2.565000000000e+02  5.171807442106e-01
   17150  2.572500000000e+02  4.785984762376e-01
   17200  2.580000000000e+02  4.396501265816e-01
   17250  2.587500000000e+02  4.006658871221e-01
   17300  2.595000000000e+02  3.619867676167e-01
   17350  2.602500000000e+02  3.239621272396e-01
   17400  2.610000000000e+02  2.869469759232e-01
   17450  2.617500000000e+02  2.512988910896e-01
   17500  2.625000000000e+02  2.173741472478e-01
   17550  2.632500000000e+02  1.855234763590e-01
   17600  2.640000000000e+02  1.560886888518e-01
   17650  2.647500000000e+02  1.293978717546e-01
   17700  2.655000000000e+02  1.057604179880e-01
   17750  2.662500000000e+02  8.546287260935e-02
   17800  2.670000000000e+02  6.876414281884e-02
   17850  2.677500000000e+02  5.589126913021e-02
   17900  2.685000000000e+02  4.703563948882e-02
   17950  2.692500000000e+02  4.234965254608e-02
   18000  2.700000000000e+02  4.194436891246e-02
   18050  2.707500000000e+02  4.588800847101e-02
   18100  2.715000000000e+02  5.420510862938e-02
   18150  2.722500000000e+02  6.687683584487e-02
   18200  2.730000000000e+02  8.384172885117e-02
   18250  2.737500000000e+02  1.049972059255e-01
   18300  2.745000000000e+02  1.302018944367e-01
   18350  2.752500000000e+02  1.592777132238e-01
   18400  2.760000000000e+02  1.920130172315e-01
   18450  2.767500000000e+02  2.281656157702e-01
   18500  2.775000000000e+02  2.674656636182e-01
   18550  2.782500000000e+02  3.096191477996e-01
   18600  2.790000000000e+02  3.543113453904e-01
   18650  2.797500000000e+02  4.012095268546e-01
   18700  2.805000000000e+02  4.499660106258e-01
   18750  2.812500000000e+02  5.002212023638e-01
   18800  2.820000000000e+02  5.516056198884e-01
   18850  2.827500000000e+02  6.037428743536e-01
   18900  2.835000000000e+02  6.562519087403e-01
   18950  2.842500000000e+02  7.087482433969e-01
   19000  2.850000000000e+02  7.608485541495e-01
   19050  2.857500000000e+02  8.121716163775e-01
   19100  2.865000000000e+02  8.623443522341e-01
   19150  2.872500000000e+02  9.110055077267e-01
   19200  2.880000000000e+02  9.578125840151e-01
   19250  2.887500000000e+02  1.002445090469e+00
   19300  2.895000000000e+02  1.044610477988e+00
   19350  2.902500000000e+02  1.084045037272e+00
   19400  2.910000000000e+02  1.120515855651e+00
   19450  2.917500000000e+02  1.153817600691e+00
   19500  2.925000000000e+02  1.183772003013e+00
   19550  2.932500000000e+02  1.210222650460e+00
   19600  2.940000000000e+02  1.233035125337e+00
   19650  2.947500000000e+02  1.252093197671e+00
   19700  2.955000000000e+02  1.267301029542e+00
   19750  2.962500000000e+02  1.278581511907e+00
   19800  2.970000000000e+02  1.285878156271e+00
   19850  2.977500000000e+02  1.289156739828e+00
   19900  2.985000000000e+02  1.288404081522e+00
   19950  2.992500000000e+02  1.283629133503e+00
   20000  3.000000000000e+02  1.274866095079e+00
   20050  3.007500000000e+02  1.262171969946e+00
   20100  3.015000000000e+02  1.245628919706e+00
   20150  3.022500000000e+02  1.225342115551e+00
   20200  3.030000000000e+02  1.201440802924e+00
   20250  3.037500000000e+02  1.174072637246e+00
   20300  3.045000000000e+02  1.143405181794e+00
   20350  3.052500000000e+02  1.109621878256e+00
   20400  3.060000000000e+02  1.072923418556e+00
   20450  3.067500000000e+02  1.033525078322e+00
   20500  3.075000000000e+02  9.916595073788e-01
   20550  3.082500000000e+02  9.475767563677e-01
   20600  3.090000000000e+02  9.015465350700e-01
   20650  3.097500000000e+02  8.538561595187e-01
   20700  3.105000000000e+02  8.048105534188e-01
   20750  3.112500000000e+02  7.547300191080e-01
   20800  3.120000000000e+02  7.039475976622e-01
   20850  3.127500000000e+02  6.528061463133e-01
   20900  3.135000000000e+02  6.016578084447e-01
   20950  3.142500000000e+02  5.508606967597e-01
   21000  3.150000000000e+02  5.007781411113e-01
   21050  3.157500000000e+02  4.517754989873e-01
   21100  3.165000000000e+02  4.042173462813e-01
   21150  3.172500000000e+02  3.584644819161e-01
   21200  3.180000000000e+02  3.148704006812e-01
   21250  3.187500000000e+02  2.737776656586e-01
   21300  3.195000000000e+02  2.355133355976e-01
   21350  3.202500000000e+02  2.003852418191e-01
   21400  3.210000000000e+02  1.686768013559e-01
   21450  3.217500000000e+02  1.406423433488e-01
   21500  3.225000000000e+02  1.165025482291e-01
   21550  3.232500000000e+02  9.644032022536e-02
   21600  3.240000000000e+02  8.059746347466e-02
   21650  3.247500000000e+02  6.907179290790e-02
   21700  3.255000000000e+02  6.191598854377e-02
   21750  3.262500000000e+02  5.913704547710e-02
   21800  3.270000000000e+02  6.069650178788e-02
   21850  3.277500000000e+02  6.651141335131e-02
   21900  3.285000000000e+02  7.645599803390e-02
   21950  3.292500000000e+02  9.036366887833e-02
   22000  3.300000000000e+02  1.080300427144e-01
   22050  3.307500000000e+02  1.292162300716e-01
   22100  3.315000000000e+02  1.536529516519e-01
   22150  3.322500000000e+02  1.810462731476e-01
   22200  3.330000000000e+02  2.110837046129e-01
   22250  3.337500000000e+02  2.434401700155e-01
   22300  3.345000000000e+02  2.777835591746e-01
   22350  3.352500000000e+02  3.137783963077e-01
   22400  3.360000000000e+02  3.510876911291e-01
   22450  3.367500000000e+02  3.893734104204e-01
   22500  3.375000000000e+02  4.282969545206e-01
   22550  3.382500000000e+02  4.675180648803e-01
   22600  3.390000000000e+02  5.066968166705e-01
   22650  3.397500000000e+02  5.454949646146e-01
   22700  3.405000000000e+02  5.835810308494e-01
   22750  3.412500000000e+02  6.206359149303e-01
   22800  3.420000000000e+02  6.563616186806e-01
   22850  3.427500000000e+02  6.904880947967e-01
   22900  3.435000000000e+02  7.227800517322e-01
   22950  3.442500000000e+02  7.530350372278e-01
   23000  3.450000000000e+02  7.810827730908e-01
   23050  3.457500000000e+02  8.067787047234e-01
   23100  3.465000000000e+02  8.300011249014e-01
   23150  3.472500000000e+02  8.506485421089e-01
   23200  3.480000000000e+02  8.686387018739e-01
   23250  3.487500000000e+02  8.839059413590e-01
   23300  3.495000000000e+02  8.963977791318e-01
   23350  3.502500000000e+02  9.060726528534e-01
   23400  3.510000000000e+02  9.129002459298e-01
   23450  3.517500000000e+02  9.168626076573e-01
   23500  3.525000000000e+02  9.179581857789e-01
   23550  3.532500000000e+02  9.162028488526e-01
   23600  3.540000000000e+02  9.116320586515e-01
   23650  3.547500000000e+02  9.043003201285e-01
   23700  3.555000000000e+02  8.942815874347e-01
   23750  3.562500000000e+02  8.816647868492e-01
   23800  3.570000000000e+02  8.665480933412e-01
   23850  3.577500000000e+02  8.490340640544e-01
   23900  3.585000000000e+02  8.292261290834e-01
   23950  3.592500000000e+02  8.072300841826e-01
   24000  3.600000000000e+02  7.831586474486e-01
   24050  3.607500000000e+02  7.571369904933e-01
   24100  3.615000000000e+02  7.293082091954e-01
   24150  3.622500000000e+02  6.998339210995e-01
   24200  3.630000000000e+02  6.688934822856e-01
   24250  3.637500000000e+02  6.366833195204e-01
   24300  3.645000000000e+02  6.034147665100e-01
   24350  3.652500000000e+02  5.693120456718e-01
   24400  3.660000000000e+02  5.346096503315e-01
   24450  3.667500000000e+02  4.995512903139e-01
   24500  3.675000000000e+02  4.643857286434e-01
   24550  3.682500000000e+02  4.293642115834e-01
   24600  3.690000000000e+02  3.947370457312e-01
   24650  3.697500000000e+02  3.607501085001e-01
   24700  3.705000000000e+02  3.276424383771e-01
   24750  3.712500000000e+02  2.956440610965e-01
   24800  3.720000000000e+02  2.649759074592e-01
   24850  3.727500000000e+02  2.358496366820e-01
   24900  3.735000000000e+02  2.084688281814e-01
   24950  3.742500000000e+02  1.830270112783e-01
   25000  3.750000000000e+02  1.597035364556e-01
   25050  3.757500000000e+02  1.386595988646e-01
   25100  3.765000000000e+02  1.200322462229e-01
   25150  3.772500000000e+02  1.039298698459e-01
   25200  3.780000000000e+02  9.042947573539e-02
   25250  3.787500000000e+02  7.957577610984e-02
   25300  3.795000000000e+02  7.138197863382e-02
   25350  3.802500000000e+02  6.583166704485e-02
   25400  3.810000000000e+02  6.288127918864e-02
   25450  3.817500000000e+02  6.246295259227e-02
   25500  3.825000000000e+02  6.448757738064e-02
   25550  3.832500000000e+02  6.884794483512e-02
   25600  3.840000000000e+02  7.542221088629e-02
   25650  3.847500000000e+02  8.407697987442e-02
   25700  3.855000000000e+02  9.467000434959e-02
   25750  3.862500000000e+02  1.070525220831e-01
   25800  3.870000000000e+02  1.210701253041e-01
   25850  3.877500000000e+02  1.365638578645e-01
   25900  3.885000000000e+02  1.533698733317e-01
   25950  3.892500000000e+02  1.713205366752e-01
   26000  3.900000000000e+02  1.902445704742e-01
   26050  3.907500000000e+02  2.099682380906e-01
   26100  3.915000000000e+02  2.303166093278e-01
   26150  3.922500000000e+02  2.511148369470e-01
   26200  3.930000000000e+02  2.721893710477e-01
   26250  3.937500000000e+02  2.933686232304e-01
   26300  3.945000000000e+02  3.144835664522e-01
   26350  3.952500000000e+02  3.353659246001e-01
   26400  3.960000000000e+02  3.558501811735e-01
   26450  3.967500000000e+02  3.757734606786e-01
   26500  3.975000000000e+02  3.949803811374e-01
   26550  3.982500000000e+02  4.133260699918e-01
   26600  3.990000000000e+02  4.306798182425e-01
   26650  3.997500000000e+02  4.469262715014e-01
   26700  4.005000000000e+02  4.619661106132e-01
   26750  4.012500000000e+02  4.757149644254e-01
   26800  4.020000000000e+02  4.881020650211e-01
   26850  4.027500000000e+02  4.990697696297e-01
   26900  4.035000000000e+02  5.085717848597e-01
   26950  4.042500000000e+02  5.165713504779e-01
   27000  4.050000000000e+02  5.230392668655e-01
   27050  4.057500000000e+02  5.279527392722e-01
   27100  4.065000000000e+02  5.312964034634e-01
   27150  4.072500000000e+02  5.330642226997e-01
   27200  4.080000000000e+02  5.332612214719e-01
   27250  4.087500000000e+02  5.319036724833e-01
   27300  4.095000000000e+02  5.290198724247e-01
   27350  4.102500000000e+02  5.246477530980e-01
   27400  4.110000000000e+02  5.188346770416e-01
   27450  4.117500000000e+02  5.116364944932e-01
   27500  4.125000000000e+02  5.031179729911e-01
   27550  4.132500000000e+02  4.933524979181e-01
   27600  4.140000000000e+02  4.824229100136e-01
   27650  4.147500000000e+02  4.704186746079e-01
   27700  4.155000000000e+02  4.574380442621e-01
   27750  4.162500000000e+02  4.435839770846e-01
   27800  4.170000000000e+02  4.289640647004e-01
   27850  4.177500000000e+02  4.136867705543e-01
   27900  4.185000000000e+02  3.978596451890e-01
   27950  4.192500000000e+02  3.815864291641e-01
   28000  4.200000000000e+02  3.649669211448e-01
   28050  4.207500000000e+02  3.480967245103e-01
   28100  4.215000000000e+02  3.310682409995e-01
   28150  4.222500000000e+02  3.139712845144e-01
   28200  4.230000000000e+02  2.968945137358e-01
   28250  4.237500000000e+02  2.799230899393e-01
   28300  4.245000000000e+02  2.631394985625e-01
   28350  4.252500000000e+02  2.466229092989e-01
   28400  4.260000000000e+02  2.304490098956e-01
   28450  4.267500000000e+02  2.146900826229e-01
   28500  4.275000000000e+02  1.994147348132e-01
   28550  4.282500000000e+02  1.846883791878e-01
   28600  4.290000000000e+02  1.705729200564e-01
   28650  4.297500000000e+02  1.571261327140e-01
   28700  4.305000000000e+02  1.444031372718e-01
   28750  4.312500000000e+02  1.324547540901e-01
   28800  4.320000000000e+02  1.213270205615e-01
   28850  4.327500000000e+02  1.110595303191e-01
   28900  4.335000000000e+02  1.016848561809e-01
   28950  4.342500000000e+02  9.322804676370e-02
   29000  4.350000000000e+02  8.570723069301e-02
   29050  4.357500000000e+02  7.913400522804e-02
   29100  4.365000000000e+02  7.351449433840e-02
   29150  4.372500000000e+02  6.885003070195e-02
   29200  4.380000000000e+02  6.513741791497e-02
   29250  4.387500000000e+02  6.236913608829e-02
   29300  4.395000000000e+02  6.053309492103e-02
   29350  4.402500000000e+02  5.961250270935e-02
   29400  4.410000000000e+02  5.958593344118e-02
   29450  4.417500000000e+02  6.042771780367e-02
   29500  4.425000000000e+02  6.210862937404e-02
   29550  4.432500000000e+02  6.459663505433e-02
   29600  4.440000000000e+02  6.785769707575e-02
   29650  4.447500000000e+02  7.185610445354e-02
   29700  4.455000000000e+02  7.655494625820e-02
   29750  4.462500000000e+02  8.191560098349e-02
   29800  4.470000000000e+02  8.789782754787e-02
   29850  4.477500000000e+02  9.445952109900e-02
   29900  4.485000000000e+02  1.015575469483e-01
   29950  4.492500000000e+02  1.091480482270e-01
   30000  4.500000000000e+02  1.171875429388e-01
   30050  4.507500000000e+02  1.256322951316e-01
   30100  4.515000000000e+02  1.344388682503e-01
   30150  4.522500000000e+02  1.435638987854e-01
   30200  4.530000000000e+02  1.529636184760e-01
   30250  4.537500000000e+02  1.625940597348e-01
   30300  4.545000000000e+02  1.724111784301e-01
   30350  4.552500000000e+02  1.823720955981e-01
   30400  4.560000000000e+02  1.924374811588e-01
   30450  4.567500000000e+02  2.025727981427e-01
   30500  4.575000000000e+02  2.127482695352e-01
   30550  4.582500000000e+02  2.229386110420e-01
   30600  4.590000000000e+02  2.331212122197e-01
   30650  4.597500000000e+02  2.432740259763e-01
   30700  4.605000000000e+02  2.533735519191e-01
   30750  4.612500000000e+02  2.633951228330e-01
   30800  4.620000000000e+02  2.733127737883e-01
   30850  4.627500000000e+02  2.831004214097e-01
   30900  4.635000000000e+02  2.927339407880e-01
   30950  4.642500000000e+02  3.021919699889e-01
   31000  4.650000000000e+02  3.114564729549e-01
   31050  4.657500000000e+02  3.205103015178e-01
   31100  4.665000000000e+02  3.293367097739e-01
   31150  4.672500000000e+02  3.379207732698e-01
   31200  4.680000000000e+02  3.462494984688e-01
   31250  4.687500000000e+02  3.543123412008e-01
   31300  4.695000000000e+02  3.621001695435e-01
   31350  4.702500000000e+02  3.696031221319e-01
   31400  4.710000000000e+02  3.768096470785e-01
   31450  4.717500000000e+02  3.837071352239e-01
   31500  4.725000000000e+02  3.902816232512e-01
   31550  4.732500000000e+02  3.965201731737e-01
   31600  4.740000000000e+02  4.024102003878e-01
   31650  4.747500000000e+02  4.079427309423e-01
   31700  4.755000000000e+02  4.131134434887e-01
   31750  4.762500000000e+02  4.179226893640e-01
   31800  4.770000000000e+02  4.223764351923e-01
   31850  4.777500000000e+02  4.264832999122e-01
   31900  4.785000000000e+02  4.302542480893e-01
   31950  4.792500000000e+02  4.337009514400e-01
   32000  4.800000000000e+02  4.368346658651e-01
   32050  4.807500000000e+02  4.396631259252e-01
   32100  4.815000000000e+02  4.421878167391e-01
   32150  4.822500000000e+02  4.444048549141e-01
   32200  4.830000000000e+02  4.463071947298e-01
   32250  4.837500000000e+02  4.478885111704e-01
   32300  4.845000000000e+02  4.491458007732e-01
   32350  4.852500000000e+02  4.500811535105e-01
   32400  4.860000000000e+02  4.507022706302e-01
   32450  4.867500000000e+02  4.510207861926e-01
   32500  4.875000000000e+02  4.510483373514e-01
   32550  4.882500000000e+02  4.507920457838e-01
   32600  4.890000000000e+02  4.502517940937e-01
   32650  4.897500000000e+02  4.494205499003e-01
   32700  4.905000000000e+02  4.482857217299e-01
   32750  4.912500000000e+02  4.468329780081e-01
   32800  4.920000000000e+02  4.450490322266e-01
   32850  4.927500000000e+02  4.429218113781e-01
   32900  4.935000000000e+02  4.404414345428e-01
   32950  4.942500000000e+02  4.375976785905e-01
   33000  4.950000000000e+02  4.343797658761e-01
   33050  4.957500000000e+02  4.307734899571e-01
   33100  4.965000000000e+02  4.267646066006e-01
   33150  4.972500000000e+02  4.223404917390e-01
   33200  4.980000000000e+02  4.174923896813e-01
   33250  4.987500000000e+02  4.122153721017e-01
   33300  4.995000000000e+02  4.065069175032e-01
   33350  5.002500000000e+02  4.003665530453e-01
   33400  5.010000000000e+02  3.938045655645e-01
   33450  5.017500000000e+02  3.868409654845e-01
   33500  5.025000000000e+02  3.794922808140e-01
   33550  5.032500000000e+02  3.717726938131e-01
   33600  5.040000000000e+02  3.636949538356e-01
   33650  5.047500000000e+02  3.552707584757e-01
   33700  5.055000000000e+02  3.465101456631e-01
   33750  5.062500000000e+02  3.374215714540e-01
   33800  5.070000000000e+02  3.280141486733e-01
   33850  5.077500000000e+02  3.183003293216e-01
   33900  5.085000000000e+02  3.082970895561e-01
   33950  5.092500000000e+02  2.980264801634e-01
   34000  5.100000000000e+02  2.875147347979e-01
   34050  5.107500000000e+02  2.767922761265e-01
   34100  5.115000000000e+02  2.658952146826e-01
   34150  5.122500000000e+02  2.548659750121e-01
   34200  5.130000000000e+02  2.437524716703e-01
   34250  5.137500000000e+02  2.326055178087e-01
   34300  5.145000000000e+02  2.214763829264e-01
   34350  5.152500000000e+02  2.104155413208e-01
   34400  5.160000000000e+02  1.994720754092e-01
   34450  5.167500000000e+02  1.886940937688e-01
   34500  5.175000000000e+02  1.781289363173e-01
   34550  5.182500000000e+02  1.678225829160e-01
   34600  5.190000000000e+02  1.578193074914e-01
   34650  5.197500000000e+02  1.481608731521e-01
   34700  5.205000000000e+02  1.388852587294e-01
   34750  5.212500000000e+02  1.300252552926e-01
   34800  5.220000000000e+02  1.216084766856e-01
   34850  5.227500000000e+02  1.136581540995e-01
   34900  5.235000000000e+02  1.061938190261e-01
   34950  5.242500000000e+02  9.923177441379e-02
   35000  5.250000000000e+02  9.278575553880e-02
   35050  5.257500000000e+02  8.686723114512e-02
   35100  5.265000000000e+02  8.148531013291e-02
   35150  5.272500000000e+02  7.664630483650e-02
   35200  5.280000000000e+02  7.235340813688e-02
   35250  5.287500000000e+02  6.860687551778e-02
   35300  5.295000000000e+02  6.540440297108e-02
   35350  5.302500000000e+02  6.274150596892e-02
   35400  5.310000000000e+02  6.061175799151e-02
   35450  5.317500000000e+02  5.900686607637e-02
   35500  5.325000000000e+02  5.791679372887e-02
   35550  5.332500000000e+02  5.732997659675e-02
   35600  5.340000000000e+02  5.723372097760e-02
   35650  5.347500000000e+02  5.761462650252e-02
   35700  5.355000000000e+02  5.845884022717e-02
   35750  5.362500000000e+02  5.975212622341e-02
   35800  5.370000000000e+02  6.147986750959e-02
   35850  5.377500000000e+02  6.362700525151e-02
   35900  5.385000000000e+02  6.617795785385e-02
   35950  5.392500000000e+02  6.911654818440e-02
   36000  5.400000000000e+02  7.242591991443e-02
   36050  5.407500000000e+02  7.608846007000e-02
   36100  5.415000000000e+02  8.008569219365e-02
   36150  5.422500000000e+02  8.439816907798e-02
   36200  5.430000000000e+02  8.900535143683e-02
   36250  5.437500000000e+02  9.388573726743e-02
   36300  5.445000000000e+02  9.901736270212e-02
   36350  5.452500000000e+02  1.043784559669e-01
   36400  5.460000000000e+02  1.099479464182e-01
   36450  5.467500000000e+02  1.157056419721e-01
   36500  5.475000000000e+02  1.216321432227e-01
   36550  5.482500000000e+02  1.277083654755e-01
   36600  5.490000000000e+02  1.339150663112e-01
   36650  5.497500000000e+02  1.402328936139e-01
   36700  5.505000000000e+02  1.466425968013e-01
   36750  5.512500000000e+02  1.531254372620e-01
   36800  5.520000000000e+02  1.596637076428e-01
   36850  5.527500000000e+02  1.662407743768e-01
   36900  5.535000000000e+02  1.728407849974e-01
   36950  5.542500000000e+02  1.794482818869e-01
   37000  5.550000000000e+02  1.860481115508e-01
   37050  5.557500000000e+02  1.926256418281e-01
   37100  5.565000000000e+02  1.991673791826e-01
   37150  5.572500000000e+02  2.056616633354e-01
   37200  5.580000000000e+02  2.120990914178e-01
   37250  5.587500000000e+02  2.184719888297e-01
   37300  5.595000000000e+02  2.247738646307e-01
   37350  5.602500000000e+02  2.309987939313e-01
   37400  5.610000000000e+02  2.371406943323e-01
   37450  5.617500000000e+02  2.431927912095e-01
   37500  5.625000000000e+02  2.491472067500e-01
   37550  5.632500000000e+02  2.549948566931e-01
   37600  5.640000000000e+02  2.607258513761e-01
   37650  5.647500000000e+02  2.663294214945e-01
   37700  5.655000000000e+02  2.717933297288e-01
   37750  5.662500000000e+02  2.771024256372e-01
   37800  5.670000000000e+02  2.822377846456e-01
   37850  5.677500000000e+02  2.871770069997e-01
   37900  5.685000000000e+02  2.918955762976e-01
   37950  5.692500000000e+02  2.963685717713e-01
   38000  5.700000000000e+02  3.005718575389e-01
   38050  5.707500000000e+02  3.044819695801e-01
   38100  5.715000000000e+02  3.080758190316e-01
   38150  5.722500000000e+02  3.113300979522e-01
   38200  5.730000000000e+02  3.142210216588e-01
   38250  5.737500000000e+02  3.167245495942e-01
   38300  5.745000000000e+02  3.188166697467e-01
   38350  5.752500000000e+02  3.204737182448e-01
   38400  5.760000000000e+02  3.216729324271e-01
   38450  5.767500000000e+02  3.223930294685e-01
   38500  5.775000000000e+02  3.226154554929e-01
   38550  5.782500000000e+02  3.223249407399e-01
   38600  5.790000000000e+02  3.215091823862e-01
   38650  5.797500000000e+02  3.201574432367e-01
   38700  5.805000000000e+02  3.182592725030e-01
   38750  5.812500000000e+02  3.158046581938e-01
   38800  5.820000000000e+02  3.127856803208e-01
   38850  5.827500000000e+02  3.091985619582e-01
   38900  5.835000000000e+02  3.050452204162e-01
   38950  5.842500000000e+02  3.003334811493e-01
   39000  5.850000000000e+02  2.950766192737e-01
   39050  5.857500000000e+02  2.892932936768e-01
   39100  5.865000000000e+02  2.830080445696e-01
   39150  5.872500000000e+02  2.762522726117e-01
   39200  5.880000000000e+02  2.690648419197e-01
   39250  5.887500000000e+02  2.614917008092e-01
   39300  5.895000000000e+02  2.535846239137e-01
   39350  5.902500000000e+02  2.453989047021e-01
   39400  5.910000000000e+02  2.369910648391e-01
   39450  5.917500000000e+02  2.284169998263e-01
   39500  5.925000000000e+02  2.197301173066e-01
   39550  5.932500000000e+02  2.109798365537e-01
   39600  5.940000000000e+02  2.022106513707e-01
   39650  5.947500000000e+02  1.934624462069e-01
   39700  5.955000000000e+02  1.847717557017e-01
   39750  5.962500000000e+02  1.761726825346e-01
   39800  5.970000000000e+02  1.676973544171e-01
   39850  5.977500000000e+02  1.593764973416e-01
   39900  5.985000000000e+02  1.512405116565e-01
   39950  5.992500000000e+02  1.433202556012e-01
   40000  6.000000000000e+02  1.356471327336e-01
