################################################################################
# HEADER
# nspin         1
#%
# nik       186
#  st         1      26
# ust         1      26
# Iter             t            #  iter t Nex(t)  
################################################################################
       0  0.000000000000e+00 -1.321859288694e-14
      50  2.500000000000e+00  3.697667304292e-09
     100  5.000000000000e+00  2.051938070152e-07
     150  7.500000000000e+00  1.816307426392e-06
     200  1.000000000000e+01  8.160598489598e-06
     250  1.250000000000e+01  2.595502636758e-05
     300  1.500000000000e+01  6.600689170296e-05
     350  1.750000000000e+01  1.422464771016e-04
     400  2.000000000000e+01  2.699728329201e-04
     450  2.250000000000e+01  4.627740128304e-04
     500  2.500000000000e+01  7.272406901732e-04
     550  2.750000000000e+01  1.057554752706e-03
     600  3.000000000000e+01  1.432616100931e-03
     650  3.250000000000e+01  1.815150322278e-03
     700  3.500000000000e+01  2.153009463187e-03
     750  3.750000000000e+01  2.385803055258e-03
     800  4.000000000000e+01  2.456500142120e-03
     850  4.250000000000e+01  2.324718935351e-03
     900  4.500000000000e+01  1.980786228993e-03
     950  4.750000000000e+01  1.464136731420e-03
    1000  5.000000000000e+01  8.764345221051e-04
    1050  5.250000000000e+01  3.882482863621e-04
    1100  5.500000000000e+01  2.356750241484e-04
    1150  5.750000000000e+01  7.057277760805e-04
    1200  6.000000000000e+01  2.110402529746e-03
    1250  6.250000000000e+01  4.748955375122e-03
    1300  6.500000000000e+01  8.861716817786e-03
    1350  6.750000000000e+01  1.458090340468e-02
    1400  7.000000000000e+01  2.188631626506e-02
    1450  7.250000000000e+01  3.056982490798e-02
    1500  7.500000000000e+01  4.021895995331e-02
    1550  7.750000000000e+01  5.022324318126e-02
    1600  8.000000000000e+01  5.981137988873e-02
    1650  8.250000000000e+01  6.811366313466e-02
    1700  8.500000000000e+01  7.424712964879e-02
    1750  8.750000000000e+01  7.741872914418e-02
    1800  9.000000000000e+01  7.704542657335e-02
    1850  9.250000000000e+01  7.284867390338e-02
    1900  9.500000000000e+01  6.495047590643e-02
    1950  9.750000000000e+01  5.393384846719e-02
    2000  1.000000000000e+02  4.086428354430e-02
    2050  1.025000000000e+02  2.725783128985e-02
    2100  1.050000000000e+02  1.499083250144e-02
    2150  1.075000000000e+02  6.151458611727e-03
    2200  1.100000000000e+02  2.839472430763e-03
    2250  1.125000000000e+02  6.923461834546e-03
    2300  1.150000000000e+02  1.978530881940e-02
    2350  1.175000000000e+02  4.208905869300e-02
    2400  1.200000000000e+02  7.360864086757e-02
    2450  1.225000000000e+02  1.131470287434e-01
    2500  1.250000000000e+02  1.585698174793e-01
    2550  1.275000000000e+02  2.069546227719e-01
    2600  1.300000000000e+02  2.548284145312e-01
    2650  1.325000000000e+02  2.984638958880e-01
    2700  1.350000000000e+02  3.342092596683e-01
    2750  1.375000000000e+02  3.588178093550e-01
    2800  1.400000000000e+02  3.697477448105e-01
    2850  1.425000000000e+02  3.654475179818e-01
    2900  1.450000000000e+02  3.455610504114e-01
    2950  1.475000000000e+02  3.110928029227e-01
    3000  1.500000000000e+02  2.644831609003e-01
    3050  1.525000000000e+02  2.095846469009e-01
    3100  1.550000000000e+02  1.514992462121e-01
    3150  1.575000000000e+02  9.625131214167e-02
    3200  1.600000000000e+02  5.029264419202e-02
    3250  1.625000000000e+02  1.982978944829e-02
    3300  1.650000000000e+02  1.004655203614e-02
    3350  1.675000000000e+02  2.435083667889e-02
    3400  1.700000000000e+02  6.380317648506e-02
    3450  1.725000000000e+02  1.268750000963e-01
    3500  1.750000000000e+02  2.095805677034e-01
    3550  1.775000000000e+02  3.059147455211e-01
    3600  1.800000000000e+02  4.084675623244e-01
    3650  1.825000000000e+02  5.090918823602e-01
    3700  1.850000000000e+02  5.995846004872e-01
    3750  1.875000000000e+02  6.723883753457e-01
    3800  1.900000000000e+02  7.212323787849e-01
    3850  1.925000000000e+02  7.416354219933e-01
    3900  1.950000000000e+02  7.312575970178e-01
    3950  1.975000000000e+02  6.901086044898e-01
    4000  2.000000000000e+02  6.207134216626e-01
    4050  2.025000000000e+02  5.282057724719e-01
    4100  2.050000000000e+02  4.202294194611e-01
    4150  2.075000000000e+02  3.066095010137e-01
    4200  2.100000000000e+02  1.987360775620e-01
    4250  2.125000000000e+02  1.086002723556e-01
    4300  2.150000000000e+02  4.743095651001e-02
    4350  2.175000000000e+02  2.402979834107e-02
    4400  2.200000000000e+02  4.322415415229e-02
    4450  2.225000000000e+02  1.050034683127e-01
    4500  2.250000000000e+02  2.046261533313e-01
    4550  2.275000000000e+02  3.335447081384e-01
    4600  2.300000000000e+02  4.806951109976e-01
    4650  2.325000000000e+02  6.336645417918e-01
    4700  2.350000000000e+02  7.796345303299e-01
    4750  2.375000000000e+02  9.064256964059e-01
    4800  2.400000000000e+02  1.003745762109e+00
    4850  2.425000000000e+02  1.064180629217e+00
    4900  2.450000000000e+02  1.083449383478e+00
    4950  2.475000000000e+02  1.060063479516e+00
    5000  2.500000000000e+02  9.949701737838e-01
    5050  2.525000000000e+02  8.917341668059e-01
    5100  2.550000000000e+02  7.571079838741e-01
    5150  2.575000000000e+02  6.014743794442e-01
    5200  2.600000000000e+02  4.386837422446e-01
    5250  2.625000000000e+02  2.850538442357e-01
    5300  2.650000000000e+02  1.577467304964e-01
    5350  2.675000000000e+02  7.268914491404e-02
    5400  2.700000000000e+02  4.210640487138e-02
    5450  2.725000000000e+02  7.238546062810e-02
    5500  2.750000000000e+02  1.632424485184e-01
    5550  2.775000000000e+02  3.082130065199e-01
    5600  2.800000000000e+02  4.958165728267e-01
    5650  2.825000000000e+02  7.109771991624e-01
    5700  2.850000000000e+02  9.367101928229e-01
    5750  2.875000000000e+02  1.156462658797e+00
    5800  2.900000000000e+02  1.356996089593e+00
    5850  2.925000000000e+02  1.528847573417e+00
    5900  2.950000000000e+02  1.663456183839e+00
    5950  2.975000000000e+02  1.752223257703e+00
    6000  3.000000000000e+02  1.788312267987e+00
    6050  3.025000000000e+02  1.768395140368e+00
    6100  3.050000000000e+02  1.693772527512e+00
    6150  3.075000000000e+02  1.570548985831e+00
    6200  3.100000000000e+02  1.408234717647e+00
    6250  3.125000000000e+02  1.216951286093e+00
    6300  3.150000000000e+02  1.007068177169e+00
    6350  3.175000000000e+02  7.914140890477e-01
    6400  3.200000000000e+02  5.844397790682e-01
    6450  3.225000000000e+02  3.993191411593e-01
    6500  3.250000000000e+02  2.473456637324e-01
    6550  3.275000000000e+02  1.369971389675e-01
    6600  3.300000000000e+02  7.186681960550e-02
    6650  3.325000000000e+02  5.068976447657e-02
    6700  3.350000000000e+02  6.865335488170e-02
    6750  3.375000000000e+02  1.179799014474e-01
    6800  3.400000000000e+02  1.884452750836e-01
    6850  3.425000000000e+02  2.683856318108e-01
    6900  3.450000000000e+02  3.463699660520e-01
    6950  3.475000000000e+02  4.129939544582e-01
    7000  3.500000000000e+02  4.615377849471e-01
    7050  3.525000000000e+02  4.878200124383e-01
    7100  3.550000000000e+02  4.906083975859e-01
    7150  3.575000000000e+02  4.714248750795e-01
    7200  3.600000000000e+02  4.332373304494e-01
    7250  3.625000000000e+02  3.797210718315e-01
    7300  3.650000000000e+02  3.156200483742e-01
    7350  3.675000000000e+02  2.470257321683e-01
    7400  3.700000000000e+02  1.803666799234e-01
    7450  3.725000000000e+02  1.218107634445e-01
    7500  3.750000000000e+02  7.731986682088e-02
    7550  3.775000000000e+02  5.177936245597e-02
    7600  3.800000000000e+02  4.789270447502e-02
    7650  3.825000000000e+02  6.600141105675e-02
    7700  3.850000000000e+02  1.041140398488e-01
    7750  3.875000000000e+02  1.579046749123e-01
    7800  3.900000000000e+02  2.214255498359e-01
    7850  3.925000000000e+02  2.881718576605e-01
    7900  3.950000000000e+02  3.516828870502e-01
    7950  3.975000000000e+02  4.064305975528e-01
    8000  4.000000000000e+02  4.487257014734e-01
    8050  4.025000000000e+02  4.765414443144e-01
    8100  4.050000000000e+02  4.892064892498e-01
    8150  4.075000000000e+02  4.871611179329e-01
    8200  4.100000000000e+02  4.713594650252e-01
    8250  4.125000000000e+02  4.431796119735e-01
    8300  4.150000000000e+02  4.049928711453e-01
    8350  4.175000000000e+02  3.596112599371e-01
    8400  4.200000000000e+02  3.093308869523e-01
    8450  4.225000000000e+02  2.565334376769e-01
    8500  4.250000000000e+02  2.042990249903e-01
    8550  4.275000000000e+02  1.561890019553e-01
    8600  4.300000000000e+02  1.154282988821e-01
    8650  4.325000000000e+02  8.400621549914e-02
    8700  4.350000000000e+02  6.253156307819e-02
    8750  4.375000000000e+02  5.058798871319e-02
    8800  4.400000000000e+02  4.692900386557e-02
    8850  4.425000000000e+02  4.965242381561e-02
    8900  4.450000000000e+02  5.685245650943e-02
    8950  4.475000000000e+02  6.716843747236e-02
    9000  4.500000000000e+02  7.955497152085e-02
    9050  4.525000000000e+02  9.295665650858e-02
    9100  4.550000000000e+02  1.066105478008e-01
    9150  4.575000000000e+02  1.202082314480e-01
    9200  4.600000000000e+02  1.336864912160e-01
    9250  4.625000000000e+02  1.468477387670e-01
    9300  4.650000000000e+02  1.593446066347e-01
    9350  4.675000000000e+02  1.705931961144e-01
    9400  4.700000000000e+02  1.795636297429e-01
    9450  4.725000000000e+02  1.853079057412e-01
    9500  4.750000000000e+02  1.875727171737e-01
    9550  4.775000000000e+02  1.867145976263e-01
    9600  4.800000000000e+02  1.829592746372e-01
    9650  4.825000000000e+02  1.762445490077e-01
    9700  4.850000000000e+02  1.668261510920e-01
    9750  4.875000000000e+02  1.554927117896e-01
    9800  4.900000000000e+02  1.431148337080e-01
    9850  4.925000000000e+02  1.302072208785e-01
    9900  4.950000000000e+02  1.171607495926e-01
    9950  4.975000000000e+02  1.044600624935e-01
   10000  5.000000000000e+02  9.247850409192e-02
   10050  5.025000000000e+02  8.141875709699e-02
   10100  5.050000000000e+02  7.148762925703e-02
   10150  5.075000000000e+02  6.298009664427e-02
   10200  5.100000000000e+02  5.615407315575e-02
   10250  5.125000000000e+02  5.103185448737e-02
   10300  5.150000000000e+02  4.757364151843e-02
   10350  5.175000000000e+02  4.592696884333e-02
   10400  5.200000000000e+02  4.640875017725e-02
   10450  5.225000000000e+02  4.941183244847e-02
   10500  5.250000000000e+02  5.537372517771e-02
   10550  5.275000000000e+02  6.462763621999e-02
   10600  5.300000000000e+02  7.712036021576e-02
   10650  5.325000000000e+02  9.230365914423e-02
   10700  5.350000000000e+02  1.093575647368e-01
   10750  5.375000000000e+02  1.275016923788e-01
   10800  5.400000000000e+02  1.461148914855e-01
   10850  5.425000000000e+02  1.647738752605e-01
   10900  5.450000000000e+02  1.831992374588e-01
   10950  5.475000000000e+02  2.013395989591e-01
   11000  5.500000000000e+02  2.194720908753e-01
   11050  5.525000000000e+02  2.376962297389e-01
   11100  5.550000000000e+02  2.556839468560e-01
   11150  5.575000000000e+02  2.727249499946e-01
   11200  5.600000000000e+02  2.879269627275e-01
   11250  5.625000000000e+02  3.004650632908e-01
   11300  5.650000000000e+02  3.092817925604e-01
   11350  5.675000000000e+02  3.135243111891e-01
   11400  5.700000000000e+02  3.130786045267e-01
   11450  5.725000000000e+02  3.083363393722e-01
   11500  5.750000000000e+02  2.997385595106e-01
   11550  5.775000000000e+02  2.876715113011e-01
   11600  5.800000000000e+02  2.726178257397e-01
   11650  5.825000000000e+02  2.552582727169e-01
   11700  5.850000000000e+02  2.363403617430e-01
   11750  5.875000000000e+02  2.164120913309e-01
   11800  5.900000000000e+02  1.958158007178e-01
   11850  5.925000000000e+02  1.749321143367e-01
   11900  5.950000000000e+02  1.542941113136e-01
   11950  5.975000000000e+02  1.346100569226e-01
   12000  6.000000000000e+02  1.163921816549e-01
   12050  6.025000000000e+02  9.988087915304e-02
   12100  6.050000000000e+02  8.529689815310e-02
   12150  6.075000000000e+02  7.287141856060e-02
   12200  6.100000000000e+02  6.267333769249e-02
   12250  6.125000000000e+02  5.471398057047e-02
   12300  6.150000000000e+02  4.911562405892e-02
   12350  6.175000000000e+02  4.601601858896e-02
   12400  6.200000000000e+02  4.549667178160e-02
   12450  6.225000000000e+02  4.768996826448e-02
   12500  6.250000000000e+02  5.275815728023e-02
   12550  6.275000000000e+02  6.067122264070e-02
   12600  6.300000000000e+02  7.111402515767e-02
   12650  6.325000000000e+02  8.352788666365e-02
   12700  6.350000000000e+02  9.700703310576e-02
   12750  6.375000000000e+02  1.104327443713e-01
   12800  6.400000000000e+02  1.229019121821e-01
   12850  6.425000000000e+02  1.339073591818e-01
   12900  6.450000000000e+02  1.433228373385e-01
   12950  6.475000000000e+02  1.511133028482e-01
   13000  6.500000000000e+02  1.571022285052e-01
   13050  6.525000000000e+02  1.612091077270e-01
   13100  6.550000000000e+02  1.635021027187e-01
   13150  6.575000000000e+02  1.639653353416e-01
   13200  6.600000000000e+02  1.622793061575e-01
   13250  6.625000000000e+02  1.582157244000e-01
   13300  6.650000000000e+02  1.520398779016e-01
   13350  6.675000000000e+02  1.442943295250e-01
   13400  6.700000000000e+02  1.353628444725e-01
   13450  6.725000000000e+02  1.254568618258e-01
   13500  6.750000000000e+02  1.148033340590e-01
   13550  6.775000000000e+02  1.038129582266e-01
   13600  6.800000000000e+02  9.278072960692e-02
   13650  6.825000000000e+02  8.172544191397e-02
   13700  6.850000000000e+02  7.084449681161e-02
   13750  6.875000000000e+02  6.070139064265e-02
   13800  6.900000000000e+02  5.216346922982e-02
   13850  6.925000000000e+02  4.623173119656e-02
   13900  6.950000000000e+02  4.378397438345e-02
   13950  6.975000000000e+02  4.541957294533e-02
   14000  7.000000000000e+02  5.134681351400e-02
