# coord. kx ky kz (red. coord.), bands:    34 [H]
     0.00000000    0.00000000    0.00000000    0.00000000    -4.58345496    -4.58243236    -2.89975603    -2.89947488    -2.89944422    -2.89936686    -2.89927344    -2.89924858    -0.82655802    -0.79121890    -0.79032071    -0.78594674    -0.78543336    -0.77908916    -0.76875798    -0.76602628    -0.75473336    -0.75307780    -0.67915163    -0.58192427    -0.32449241    -0.16718939    -0.16431491    -0.13876709    -0.13758712    -0.13549674    -0.01480789     0.14080642     0.25155944     0.41916684     0.41917785     0.45672027     0.46355492     0.46359613
     0.01177837    0.03571429   -0.00000000    0.00000000    -4.58346301    -4.58244480    -2.89976167    -2.89947281    -2.89944562    -2.89936915    -2.89927518    -2.89925071    -0.82668807    -0.79183110    -0.79001998    -0.78587194    -0.78514177    -0.77879122    -0.76886794    -0.76604848    -0.75491465    -0.75307931    -0.67825775    -0.58157469    -0.32390658    -0.16904452    -0.16505370    -0.14100153    -0.13826015    -0.13596205    -0.01199441     0.14271187     0.25155265     0.41328436     0.41963174     0.45736059     0.45987160     0.46423845
     0.02355674    0.07142857   -0.00000000    0.00000000    -4.58348395    -4.58248163    -2.89977879    -2.89947335    -2.89944374    -2.89937552    -2.89928052    -2.89925722    -0.82712842    -0.79327245    -0.78958181    -0.78544101    -0.78435285    -0.77791661    -0.76918142    -0.76608373    -0.75547289    -0.75304708    -0.67562886    -0.58055977    -0.32212762    -0.17457724    -0.16719985    -0.14813558    -0.13937290    -0.13706247    -0.00422285     0.14823500     0.25152577     0.39852432     0.42098344     0.44838952     0.46023116     0.46595330
     0.03533511    0.10714286   -0.00000000    0.00000000    -4.58351647    -4.58254125    -2.89980355    -2.89948750    -2.89943121    -2.89938494    -2.89928932    -2.89926780    -0.82787980    -0.79557790    -0.78899143    -0.78465477    -0.78304285    -0.77650915    -0.76965451    -0.76605113    -0.75639352    -0.75295530    -0.67140413    -0.57894850    -0.31919321    -0.18355044    -0.17048111    -0.15855381    -0.14104899    -0.13871590     0.00709314     0.15681215     0.25146920     0.37948157     0.42316830     0.43342027     0.46250058     0.46805254
     0.04711348    0.14285714   -0.00000000    0.00000000    -4.58355855    -4.58262111    -2.89983210    -2.89951057    -2.89942014    -2.89939199    -2.89930134    -2.89928181    -0.82893097    -0.79858744    -0.78827715    -0.78364094    -0.78127376    -0.77464678    -0.77020837    -0.76582357    -0.75759696    -0.75281509    -0.66577206    -0.57684980    -0.31516951    -0.19534736    -0.17471692    -0.17071873    -0.14336784    -0.14091879     0.02066295     0.16762899     0.25135954     0.35913826     0.41668949     0.42605668     0.46275676     0.46954254
     0.05889185    0.17857143   -0.00000000    0.00000000    -4.58360752    -4.58271782    -2.89986150    -2.89953901    -2.89942824    -2.89938316    -2.89931622    -2.89929830    -0.83024957    -0.80205611    -0.78750784    -0.78262156    -0.77916928    -0.77247478    -0.77068312    -0.76524695    -0.75896775    -0.75264644    -0.65893581    -0.57440718    -0.31015855    -0.20917101    -0.18367029    -0.17968119    -0.14635076    -0.14359801     0.03559261     0.17972006     0.25114346     0.33909060     0.39994192     0.42942377     0.45709407     0.46952775
     0.07067022    0.21428571   -0.00000000    0.00000000    -4.58366022    -4.58282724    -2.89988965    -2.89957078    -2.89944739    -2.89936827    -2.89933327    -2.89931598    -0.83177845    -0.80574440    -0.78679159    -0.78180627    -0.77696247    -0.77121304    -0.76978725    -0.76419462    -0.76036435    -0.75246318    -0.65109609    -0.57179570    -0.30431338    -0.22414367    -0.19683778    -0.18511479    -0.15000481    -0.14663477     0.05130374     0.19202704     0.25070146     0.32019092     0.38437279     0.43291266     0.44484242     0.46781364
     0.08244858    0.25000000   -0.00000000    0.00000000    -4.58371323    -4.58294472    -2.89991511    -2.89960411    -2.89947026    -2.89936019    -2.89934663    -2.89933350    -0.83343867    -0.80944288    -0.78626607    -0.78131293    -0.77508161    -0.77082405    -0.76735415    -0.76275779    -0.76149423    -0.75227032    -0.64245223    -0.56922249    -0.29787568    -0.23939016    -0.20980191    -0.19074547    -0.15431891    -0.14987819     0.06740586     0.20345140     0.24977140     0.30294484     0.37086637     0.43064529     0.43596944     0.46515059
     0.09422695    0.28571429   -0.00000000    0.00000000    -4.58376307    -4.58306518    -2.89993699    -2.89963727    -2.89949489    -2.89937638    -2.89935024    -2.89933878    -0.83513733    -0.81297518    -0.78605032    -0.78113915    -0.77391893    -0.76970237    -0.76497510    -0.76276918    -0.76036052    -0.75206446    -0.63321519    -0.56692849    -0.29130244    -0.25398522    -0.22212997    -0.19630170    -0.15924854    -0.15315935     0.08360578     0.21298748     0.24781808     0.28777869     0.36003052     0.41807636     0.43779967     0.46288811
     0.10600532    0.32142857   -0.00000000    0.00000000    -4.58380649    -4.58318332    -2.89995484    -2.89966862    -2.89951984    -2.89939619    -2.89936500    -2.89932984    -0.83677701    -0.81619535    -0.78617339    -0.78120190    -0.77316339    -0.76860651    -0.76332027    -0.76233266    -0.75815635    -0.75183558    -0.62362708    -0.56518582    -0.28593801    -0.26634934    -0.23325786    -0.20152264    -0.16469281    -0.15630473     0.09964950     0.21998246     0.24393472     0.27528256     0.35200090     0.40890179     0.43771905     0.46220981
     0.11778369    0.35714286   -0.00000000    0.00000000    -4.58384083    -4.58329368    -2.89996860    -2.89969662    -2.89954360    -2.89941466    -2.89937774    -2.89932287    -0.83826424    -0.81898455    -0.78655044    -0.78139753    -0.77245296    -0.76838749    -0.76226003    -0.76057013    -0.75595036    -0.75157271    -0.61398495    -0.56427941    -0.28709816    -0.27137019    -0.24228242    -0.20616700    -0.17046076    -0.15914694     0.11527438     0.22435737     0.23723640     0.26613184     0.34627659     0.40387672     0.43599538     0.46315580
     0.12956206    0.39285714   -0.00000000    0.00000000    -4.58386445    -4.58339062    -2.89997856    -2.89971995    -2.89956451    -2.89943035    -2.89938804    -2.89931791    -0.83951608    -0.82124827    -0.78703543    -0.78163617    -0.77175289    -0.76875478    -0.76084936    -0.75906001    -0.75399369    -0.75127863    -0.60467434    -0.56445473    -0.29483823    -0.27008477    -0.24756924    -0.21002142    -0.17621722    -0.16153403     0.13013663     0.22620869     0.22838039     0.26023234     0.34208354     0.40267868     0.43365367     0.46484906
     0.14134043    0.42857143   -0.00000000    0.00000000    -4.58387726    -4.58346812    -2.89998524    -2.89973747    -2.89958088    -2.89944226    -2.89939565    -2.89931467    -0.84046460    -0.82291443    -0.78748673    -0.78185085    -0.77113528    -0.76923012    -0.75957690    -0.75799821    -0.75245475    -0.75099460    -0.59624235    -0.56579326    -0.30191427    -0.27066383    -0.24793327    -0.21290867    -0.18140186    -0.16333775     0.14362461     0.21760690     0.22761395     0.25669608     0.33900218     0.40387884     0.43154588     0.46649047
     0.15311880    0.46428571   -0.00000000    0.00000000    -4.58388128    -4.58351960    -2.89998925    -2.89974835    -2.89959123    -2.89944966    -2.89940036    -2.89931286    -0.84105964    -0.82393222    -0.78779905    -0.78199672    -0.77066795    -0.76962503    -0.75872338    -0.75739140    -0.75143618    -0.75081537    -0.58964050    -0.56788926    -0.30645971    -0.27250101    -0.24601384    -0.21469513    -0.18516692    -0.16446081     0.15429149     0.20872478     0.22772552     0.25481017     0.33705090     0.40559625     0.43013911     0.46762127
     0.16489717    0.50000000   -0.00000000    0.00000000    -4.58388006    -4.58353872    -2.89999104    -2.89975205    -2.89959455    -2.89945213    -2.89940208    -2.89931228    -0.84127050    -0.82427145    -0.78791001    -0.78204816    -0.77045321    -0.76981978    -0.75842569    -0.75718612    -0.75102969    -0.75080541    -0.58684820    -0.56913719    -0.30799454    -0.27326149    -0.24513461    -0.21529768    -0.18654813    -0.16484246     0.15878498     0.20479263     0.22770804     0.25421687     0.33637579     0.40635206     0.42964940     0.46802012
     0.17943973    0.51666667    0.03333333    0.00000000    -4.58387850    -4.58352952    -2.89998918    -2.89975199    -2.89959303    -2.89946053    -2.89939052    -2.89931039    -0.84089359    -0.82391115    -0.78766873    -0.78217714    -0.77043446    -0.76967462    -0.75867840    -0.75739817    -0.75176486    -0.75089789    -0.58900463    -0.56785822    -0.30626849    -0.27220383    -0.24610891    -0.21575729    -0.18555036    -0.16532736     0.15591308     0.20937769     0.22787141     0.25478857     0.33701606     0.40567985     0.42664878     0.46597019
     0.19398230    0.53333333    0.06666667    0.00000000    -4.58387377    -4.58349801    -2.89998231    -2.89975532    -2.89958744    -2.89947561    -2.89936751    -2.89930509    -0.83982860    -0.82292872    -0.78708141    -0.78239334    -0.77044097    -0.76921208    -0.75947752    -0.75800299    -0.75343735    -0.75146617    -0.59397395    -0.56542900    -0.30130687    -0.26983715    -0.24768129    -0.21725484    -0.18278183    -0.16690096     0.14936814     0.22072029     0.22826213     0.25654177     0.33899677     0.40221037     0.41890554     0.46285963
     0.20852486    0.55000000    0.10000000    0.00000000    -4.58386487    -4.58344960    -2.89996952    -2.89976453    -2.89957593    -2.89948656    -2.89934513    -2.89929801    -0.83823114    -0.82147073    -0.78640605    -0.78243428    -0.77053669    -0.76848821    -0.76080453    -0.75914398    -0.75559409    -0.75225676    -0.59988592    -0.56341590    -0.29365490    -0.26810253    -0.24786686    -0.21933920    -0.17893109    -0.16917781     0.14159286     0.22818035     0.23580155     0.25942198     0.34236130     0.39361107     0.40890767     0.46451856
     0.22306742    0.56666667    0.13333333    0.00000000    -4.58385161    -4.58339141    -2.89995124    -2.89977825    -2.89955953    -2.89949061    -2.89932773    -2.89929135    -0.83636099    -0.81976105    -0.78610283    -0.78178733    -0.77075103    -0.76777058    -0.76232013    -0.76140059    -0.75725862    -0.75304998    -0.60578776    -0.56231134    -0.28489155    -0.26761050    -0.24657462    -0.22036404    -0.17490527    -0.17142320     0.13350668     0.22805046     0.25080349     0.26352285     0.34644442     0.38204324     0.39900941     0.47295898
     0.23760999    0.58333333    0.16666667    0.00000000    -4.58383523    -4.58333085    -2.89993159    -2.89978976    -2.89954189    -2.89948727    -2.89931721    -2.89928764    -0.83456440    -0.81805540    -0.78618140    -0.78035501    -0.77104407    -0.76782945    -0.76468690    -0.76293055    -0.75826380    -0.75371589    -0.61115389    -0.56208118    -0.27981356    -0.26350885    -0.24709717    -0.21835189    -0.17329301    -0.17072308     0.12542168     0.22735973     0.26000498     0.27090510     0.34782897     0.37654883     0.39089580     0.48605634
     0.25215255    0.60000000    0.20000000    0.00000000    -4.58381806    -4.58327494    -2.89992002    -2.89978783    -2.89952695    -2.89947712    -2.89931416    -2.89928893    -0.83320192    -0.81657600    -0.78615309    -0.77864067    -0.77132413    -0.76981028    -0.76650950    -0.76297861    -0.75905795    -0.75413077    -0.61563173    -0.56247460    -0.28034160    -0.25457105    -0.24973747    -0.21438153    -0.17244556    -0.16793442     0.11765937     0.22620011     0.26135378     0.27780066     0.34659092     0.38155013     0.38807374     0.49737114
     0.26669511    0.61666667    0.23333333    0.00000000    -4.58380289    -4.58322993    -2.89992281    -2.89976677    -2.89951767    -2.89946162    -2.89931859    -2.89929548    -0.83249847    -0.81547712    -0.78571078    -0.77747802    -0.77262125    -0.77085355    -0.76731510    -0.76281822    -0.75979693    -0.75418957    -0.61894385    -0.56316813    -0.28208888    -0.25614429    -0.24300250    -0.21094928    -0.16905644    -0.16605813     0.11079944     0.22467364     0.25785756     0.27849839     0.34913270     0.38406417     0.40041681     0.48948839
     0.28123768    0.63333333    0.26666667    0.00000000    -4.58379230    -4.58320091    -2.89993352    -2.89973660    -2.89951530    -2.89944347    -2.89932966    -2.89930516    -0.83240680    -0.81486390    -0.78485105    -0.77807640    -0.77349766    -0.77008849    -0.76763355    -0.76290820    -0.76052448    -0.75394355    -0.62085211    -0.56384553    -0.28340986    -0.26089715    -0.23628312    -0.20825254    -0.16530057    -0.16427958     0.10573142     0.22298258     0.25130036     0.27649800     0.35144878     0.39183233     0.41736226     0.47638336
     0.29578024    0.65000000    0.30000000    0.00000000    -4.58378814    -4.58319147    -2.89994396    -2.89971250    -2.89951872    -2.89942749    -2.89934412    -2.89931374    -0.83264746    -0.81478860    -0.78383810    -0.77948766    -0.77355770    -0.76878267    -0.76749743    -0.76312683    -0.76124936    -0.75363019    -0.62116426    -0.56424706    -0.28392955    -0.26499626    -0.23385160    -0.20600272    -0.16544769    -0.16057337     0.10352598     0.22168402     0.24523921     0.27422901     0.35117437     0.40244876     0.43183493     0.46583659
     0.31032280    0.66666667    0.33333333    0.00000000    -4.58379118    -4.58320337    -2.89994978    -2.89970806    -2.89952418    -2.89942375    -2.89935289    -2.89931623    -0.83289706    -0.81522423    -0.78327318    -0.78027220    -0.77333952    -0.76776200    -0.76704782    -0.76309510    -0.76192405    -0.75349370    -0.61976995    -0.56420362    -0.28369565    -0.26776372    -0.23473556    -0.20566694    -0.16643699    -0.15966380     0.10511725     0.22179818     0.24204333     0.27196602     0.34988177     0.40678220     0.43725552     0.46231607
     0.32486537    0.63333333    0.31666667    0.00000000    -4.58380353    -4.58324253    -2.89994959    -2.89972635    -2.89953026    -2.89943752    -2.89934902    -2.89931037    -0.83308702    -0.81620357    -0.78393135    -0.77959595    -0.77307052    -0.76819639    -0.76661846    -0.76311318    -0.76061293    -0.75358457    -0.61667919    -0.56370665    -0.28304678    -0.26862739    -0.23804293    -0.20846493    -0.16810023    -0.16200253     0.11087773     0.22377254     0.24258754     0.26968859     0.34854297     0.40052750     0.43044169     0.46545225
     0.33940793    0.60000000    0.30000000    0.00000000    -4.58382081    -4.58330063    -2.89994164    -2.89976483    -2.89953984    -2.89946593    -2.89933560    -2.89929770    -0.83304157    -0.81749836    -0.78530405    -0.77789261    -0.77248719    -0.76895186    -0.76611893    -0.76328134    -0.75921019    -0.75392605    -0.61205160    -0.56279181    -0.28226651    -0.26760474    -0.24238044    -0.21441391    -0.17056650    -0.16752337     0.12053615     0.22630633     0.24754226     0.26737161     0.34755760     0.38915658     0.41346042     0.47175793
     0.35395049    0.56666667    0.28333333    0.00000000    -4.58383993    -4.58337330    -2.89992620    -2.89981278    -2.89955642    -2.89949849    -2.89932092    -2.89928290    -0.83288957    -0.81903069    -0.78677137    -0.77576723    -0.77186695    -0.76945348    -0.76558424    -0.76355426    -0.75809456    -0.75436124    -0.60618222    -0.56168735    -0.28117209    -0.26632743    -0.24656722    -0.22217825    -0.17500791    -0.17390455     0.13319033     0.22812528     0.25552764     0.26497166     0.34745931     0.37782960     0.39364523     0.47693716
     0.36849306    0.53333333    0.26666667    0.00000000    -4.58385715    -4.58345439    -2.89990451    -2.89986095    -2.89958019    -2.89952938    -2.89930814    -2.89927043    -0.83283758    -0.82069033    -0.78802610    -0.77451023    -0.77114961    -0.76872294    -0.76504624    -0.76385712    -0.75739377    -0.75470421    -0.59947123    -0.56076389    -0.27941690    -0.26900150    -0.24699228    -0.23045470    -0.18243385    -0.17838061     0.14765445     0.22929705     0.26152939     0.26259287     0.34947034     0.36893472     0.37688320     0.47928379
     0.38303562    0.50000000    0.25000000    0.00000000    -4.58386889    -4.58353610    -2.89990494    -2.89987635    -2.89960888    -2.89955474    -2.89929853    -2.89926282    -0.83307801    -0.82230019    -0.78891634    -0.77493729    -0.77037463    -0.76672328    -0.76463075    -0.76344587    -0.75714379    -0.75483659    -0.59240654    -0.56049735    -0.27816477    -0.27515854    -0.24271081    -0.23847120    -0.18827401    -0.18365755     0.16269309     0.23004381     0.25938953     0.26112209     0.35230047     0.35988131     0.37348261     0.47609687
     0.39757818    0.46666667    0.23333333    0.00000000    -4.58387339    -4.58360835    -2.89993602    -2.89984947    -2.89963780    -2.89957174    -2.89929309    -2.89926031    -0.83369406    -0.82363848    -0.78940251    -0.77600230    -0.76977668    -0.76662825    -0.76314997    -0.76151639    -0.75722568    -0.75473570    -0.58559881    -0.56135310    -0.28576015    -0.27274953    -0.24667099    -0.23578483    -0.19193510    -0.18887001     0.17699660     0.23040775     0.25127976     0.25801018     0.34589711     0.35983030     0.38493179     0.46279648
     0.41212075    0.43333333    0.21666667    0.00000000    -4.58387376    -4.58365688    -2.89995425    -2.89982788    -2.89965844    -2.89957849    -2.89929303    -2.89926131    -0.83459929    -0.82450945    -0.78950591    -0.77717888    -0.76950454    -0.76718783    -0.76201081    -0.75967305    -0.75660291    -0.75443230    -0.58001824    -0.56342015    -0.29269555    -0.26975765    -0.25173195    -0.23017986    -0.19543621    -0.19062513     0.18846137     0.23044555     0.23877719     0.25638122     0.34020763     0.36269456     0.40303211     0.44477039
     0.42666331    0.40000000    0.20000000    0.00000000    -4.58387870    -4.58366367    -2.89995875    -2.89982061    -2.89965951    -2.89957407    -2.89929871    -2.89926404    -0.83556658    -0.82478696    -0.78925708    -0.77830535    -0.76967852    -0.76754263    -0.76104407    -0.76026381    -0.75448591    -0.75391405    -0.57805573    -0.56516719    -0.29651576    -0.26953715    -0.25093502    -0.22841948    -0.19645816    -0.18885192     0.19133885     0.22977820     0.23120069     0.25589993     0.33819021     0.36710826     0.41616509     0.43214582
     0.44120587    0.36666667    0.18333333    0.00000000    -4.58388870    -4.58362177    -2.89995237    -2.89982503    -2.89963898    -2.89955857    -2.89930828    -2.89926839    -0.83633760    -0.82439052    -0.78867271    -0.77932323    -0.77019407    -0.76770519    -0.76175363    -0.76028120    -0.75362994    -0.75254588    -0.58258276    -0.56419278    -0.29651541    -0.27068887    -0.24551543    -0.23152628    -0.19232189    -0.18512918     0.18000575     0.22931526     0.23494561     0.25663788     0.33939373     0.37322182     0.40318618     0.44524616
     0.45574844    0.33333333    0.16666667    0.00000000    -4.58389167    -4.58354043    -2.89994287    -2.89982343    -2.89960644    -2.89953313    -2.89931873    -2.89927525    -0.83671490    -0.82325717    -0.78776587    -0.78022834    -0.77088990    -0.76793836    -0.76326015    -0.76007293    -0.75322120    -0.75191212    -0.59143437    -0.56263210    -0.29275326    -0.27036970    -0.24327285    -0.23159089    -0.18520188    -0.18007613     0.16128969     0.22923019     0.24377841     0.25847112     0.34278545     0.38052718     0.38906412     0.46047989
     0.47029100    0.30000000    0.15000000    0.00000000    -4.58387876    -4.58342980    -2.89993840    -2.89980072    -2.89956995    -2.89949974    -2.89932732    -2.89928528    -0.83659215    -0.82134681    -0.78657559    -0.78106871    -0.77164841    -0.76880200    -0.76414242    -0.76049062    -0.75297071    -0.75248985    -0.60240866    -0.56218219    -0.28637949    -0.26873301    -0.24644967    -0.22318235    -0.17725209    -0.17414555     0.14031386     0.22854129     0.25237497     0.26207964     0.34632848     0.37933560     0.39195211     0.47243545
     0.48483356    0.26666667    0.13333333    0.00000000    -4.58384763    -4.58329766    -2.89993637    -2.89975791    -2.89953356    -2.89946111    -2.89933215    -2.89929871    -0.83595014    -0.81866093    -0.78520827    -0.78192904    -0.77240181    -0.77051013    -0.76402048    -0.76160850    -0.75428224    -0.75276470    -0.61440863    -0.56310037    -0.28256474    -0.26507917    -0.24400504    -0.21288428    -0.16944990    -0.16773753     0.11865669     0.22613954     0.25517592     0.27120049     0.34872944     0.38231996     0.40291931     0.48038636
     0.49937613    0.23333333    0.11666667    0.00000000    -4.58380003    -4.58315154    -2.89992960    -2.89970391    -2.89949933    -2.89942048    -2.89933246    -2.89931507    -0.83484396    -0.81525823    -0.78399764    -0.78275532    -0.77370648    -0.77187661    -0.76399040    -0.76272998    -0.75686313    -0.75268549    -0.62665697    -0.56517559    -0.28721038    -0.25415599    -0.23463447    -0.20237465    -0.16225489    -0.16121169     0.09694390     0.22014215     0.25393943     0.28465967     0.35379190     0.39346694     0.41477038     0.48467540
     0.51391869    0.20000000    0.10000000    0.00000000    -4.58374019    -4.58299959    -2.89991439    -2.89964611    -2.89946830    -2.89938224    -2.89933621    -2.89932470    -0.83338879    -0.81126522    -0.78444072    -0.78237213    -0.77597638    -0.77202198    -0.76626426    -0.76192343    -0.75970730    -0.75265302    -0.63854350    -0.56804010    -0.29513593    -0.23912239    -0.22123754    -0.19229442    -0.15591100    -0.15489199     0.07553317     0.20936300     0.25236999     0.30102557     0.36430460     0.40852875     0.42588259     0.48668125
     0.52846125    0.16666667    0.08333333    0.00000000    -4.58367380    -4.58285060    -2.89989031    -2.89959002    -2.89944105    -2.89936960    -2.89933421    -2.89931659    -0.83174394    -0.80688408    -0.78571271    -0.78192718    -0.77835045    -0.77162560    -0.76914677    -0.76285219    -0.76012469    -0.75266808    -0.64958593    -0.57129615    -0.30323463    -0.22261179    -0.20569546    -0.18302319    -0.15049718    -0.14911700     0.05471712     0.19496572     0.25160913     0.32026332     0.37961492     0.42287537     0.43558745     0.48665211
     0.54300382    0.13333333    0.06666667    0.00000000    -4.58360728    -4.58271344    -2.89985903    -2.89953988    -2.89941892    -2.89939057    -2.89930620    -2.89930483    -0.83009317    -0.80239889    -0.78704216    -0.78237150    -0.78051873    -0.77217555    -0.77091830    -0.76469269    -0.75868494    -0.75273095    -0.65938918    -0.57456972    -0.31050321    -0.20609559    -0.18957721    -0.17453035    -0.14603995    -0.14416645     0.03484708     0.17924771     0.25141834     0.34219593     0.39795824     0.42913334     0.44708381     0.48205428
     0.55754638    0.10000000    0.05000000    0.00000000    -4.58354704    -4.58259657    -2.89982393    -2.89949887    -2.89942297    -2.89939370    -2.89929317    -2.89928098    -0.82861979    -0.79817668    -0.78825989    -0.78354465    -0.78239868    -0.77493106    -0.77015024    -0.76565519    -0.75719515    -0.75283273    -0.66759655    -0.57752681    -0.31647931    -0.19092836    -0.17591789    -0.16521293    -0.14255627    -0.14023971     0.01649393     0.16430256     0.25144496     0.36609944     0.41559439     0.43117653     0.45612408     0.47484123
     0.57208894    0.06666667    0.03333333    0.00000000    -4.58349882    -4.58250732    -2.89979016    -2.89946946    -2.89944691    -2.89937992    -2.89928281    -2.89926287    -0.82747869    -0.79464990    -0.78924439    -0.78480064    -0.78396772    -0.77714939    -0.76943905    -0.76598143    -0.75591198    -0.75294993    -0.67385112    -0.57987914    -0.32089797    -0.17850035    -0.16856235    -0.15297632    -0.14004584    -0.13747103     0.00071864     0.15192553     0.25150834     0.39019359     0.42092846     0.44313173     0.45903657     0.46844059
     0.58663151    0.03333333    0.01666667    0.00000000    -4.58346716    -4.58245139    -2.89976486    -2.89946839    -2.89944947    -2.89937035    -2.89927584    -2.89925206    -0.82677442    -0.79224667    -0.78991645    -0.78567420    -0.78503574    -0.77858632    -0.76893925    -0.76603286    -0.75504159    -0.75304477    -0.67779807    -0.58139592    -0.32359858    -0.17019833    -0.16523577    -0.14257030    -0.13846678    -0.13590898    -0.01057514     0.14369667     0.25154875     0.41046143     0.41982569     0.45717019     0.45839056     0.46467707
     0.60117407    0.00000000    0.00000000    0.00000000    -4.58345496    -4.58243236    -2.89975603    -2.89947488    -2.89944422    -2.89936686    -2.89927344    -2.89924858    -0.82655802    -0.79121890    -0.79032071    -0.78594674    -0.78543336    -0.77908916    -0.76875798    -0.76602628    -0.75473336    -0.75307780    -0.67915163    -0.58192427    -0.32449241    -0.16718939    -0.16431491    -0.13876709    -0.13758712    -0.13549674    -0.01480789     0.14080642     0.25155944     0.41916684     0.41917785     0.45672027     0.46355492     0.46359613
     0.60749572    0.00000000    0.00000000    0.03571429    -4.58345183    -4.58243565    -2.89975454    -2.89947424    -2.89944360    -2.89936781    -2.89927407    -2.89924920    -0.82646144    -0.79123545    -0.79044545    -0.78596925    -0.78545807    -0.77913493    -0.76869146    -0.76596122    -0.75476106    -0.75309988    -0.67890321    -0.58237920    -0.32384144    -0.16709722    -0.16422321    -0.13930553    -0.13800177    -0.13558631    -0.01394986     0.14040562     0.25189328     0.41916805     0.41917910     0.45486995     0.46321462     0.46325563
     0.61381737    0.00000000    0.00000000    0.07142857    -4.58344247    -4.58244550    -2.89975009    -2.89947234    -2.89944175    -2.89937068    -2.89927595    -2.89925102    -0.82617246    -0.79131117    -0.79079091    -0.78604161    -0.78552262    -0.77927001    -0.76849415    -0.76576841    -0.75484436    -0.75316657    -0.67816130    -0.58372564    -0.32190847    -0.16682191    -0.16394936    -0.14158800    -0.13851130    -0.13585216    -0.01144598     0.13920867     0.25289448     0.41917701     0.41918819     0.44960370     0.46221298     0.46225338
     0.62013903    0.00000000    0.00000000    0.10714286    -4.58342699    -4.58246177    -2.89974278    -2.89946919    -2.89943870    -2.89937545    -2.89927905    -2.89925404    -0.82569341    -0.79168524    -0.79110901    -0.78617631    -0.78560173    -0.77948815    -0.76817263    -0.76545474    -0.75498388    -0.75327909    -0.67693567    -0.58591095    -0.31875092    -0.16636711    -0.16349705    -0.14553681    -0.13901170    -0.13629022    -0.00748215     0.13723145     0.25456231     0.41920918     0.41922059     0.44160897     0.46060479     0.46064422
     0.62646068    0.00000000    0.00000000    0.14285714    -4.58340557    -4.58248423    -2.89973274    -2.89946485    -2.89943448    -2.89938212    -2.89928335    -2.89925821    -0.82502818    -0.79253670    -0.79120405    -0.78638263    -0.78566853    -0.77978006    -0.76773708    -0.76503085    -0.75518050    -0.75343932    -0.67524161    -0.58885465    -0.31445706    -0.16573885    -0.16287244    -0.15077427    -0.13963984    -0.13689554    -0.00230408     0.13449915     0.25689615     0.41928863     0.41930036     0.43166764     0.45847273     0.45851090
     0.63278233    0.00000000    0.00000000    0.17857143    -4.58337846    -4.58251259    -2.89972016    -2.89945936    -2.89942915    -2.89939065    -2.89928878    -2.89926349    -0.82418217    -0.79367337    -0.79124336    -0.78665559    -0.78570861    -0.78013453    -0.76720050    -0.76451019    -0.75543526    -0.75364950    -0.67309870    -0.59245731    -0.30913700    -0.16494546    -0.16208507    -0.15703234    -0.14041690    -0.13766110     0.00383607     0.13104476     0.25989627     0.41944579     0.41945796     0.42046126     0.45591707     0.45595377
     0.63910398    0.00000000    0.00000000    0.21428571    -4.58334598    -4.58254646    -2.89970527    -2.89945279    -2.89942278    -2.89940102    -2.89929528    -2.89926981    -0.82316237    -0.79503357    -0.79125693    -0.78698132    -0.78571650    -0.78053945    -0.76657769    -0.76390796    -0.75574912    -0.75391200    -0.67052958    -0.59660971    -0.30291326    -0.16411278    -0.16399034    -0.16113360    -0.14134071    -0.13857779     0.01071125     0.12690736     0.26356423     0.40851894     0.41971489     0.41972761     0.45304551     0.45308058
     0.64542563    0.00000000    0.00000000    0.25000000    -4.58330850    -4.58258540    -2.89968836    -2.89944524    -2.89941546    -2.89941318    -2.89930277    -2.89927708    -0.82197729    -0.79658287    -0.79124321    -0.78734558    -0.78568800    -0.78098248    -0.76588441    -0.76324017    -0.75612274    -0.75422893    -0.66755877    -0.60120075    -0.29591246    -0.17179717    -0.16290701    -0.16005398    -0.14240230    -0.13963452     0.01813050     0.12213064     0.26790304     0.39623326     0.42013132     0.42014471     0.44996466     0.44999800
     0.65174729    0.00000000    0.00000000    0.28571429    -4.58326648    -4.58262889    -2.89966971    -2.89943679    -2.89942709    -2.89940724    -2.89931115    -2.89928523    -0.82063699    -0.79828896    -0.79119677    -0.78773579    -0.78561849    -0.78145141    -0.76513659    -0.76252290    -0.75655629    -0.75460189    -0.66421183    -0.60612341    -0.28825909    -0.17998558    -0.16168934    -0.15884500    -0.14358919    -0.14081833     0.02593757     0.11676171     0.27291692     0.38389189     0.42072927     0.42074345     0.44677418     0.44680575
     0.65806894    0.00000000    0.00000000    0.32142857    -4.58322042    -4.58267635    -2.89964966    -2.89944263    -2.89942755    -2.89939828    -2.89932032    -2.89929414    -0.81915309    -0.80011980    -0.79111240    -0.78814065    -0.78550365    -0.78193440    -0.76434988    -0.76177175    -0.75704924    -0.75503170    -0.66051501    -0.61127852    -0.28007130    -0.18856089    -0.16036046    -0.15752703    -0.14488595    -0.14211437     0.03400481     0.11085021     0.27861054     0.37170586     0.42153974     0.42155484     0.44356328     0.44359305
     0.66439059    0.00000000    0.00000000    0.35714286    -4.58317086    -4.58272715    -2.89962854    -2.89945970    -2.89941764    -2.89938867    -2.89933015    -2.89930370    -0.81753874    -0.80204401    -0.79098614    -0.78854966    -0.78534023    -0.78242012    -0.76353916    -0.76100153    -0.75760013    -0.75551818    -0.65649510    -0.61657669    -0.27145856    -0.19743689    -0.15893857    -0.15612095    -0.14627356    -0.14350593     0.04222639     0.10444763     0.28498809     0.35983073     0.42258896     0.42260509     0.44040901     0.44043701
     0.67071224    0.00000000    0.00000000    0.39285714    -4.58311840    -4.58278065    -2.89960669    -2.89947817    -2.89940719    -2.89937855    -2.89934053    -2.89931380    -0.81580871    -0.80403144    -0.79081568    -0.78895301    -0.78512645    -0.78289792    -0.76271836    -0.76022596    -0.75820645    -0.75605997    -0.65217982    -0.62193895    -0.26252061    -0.20654175    -0.15744395    -0.15465473    -0.14772542    -0.14497401     0.05051233     0.09760699     0.29205204     0.34838156     0.42389719     0.42391448     0.43737598     0.43740224
     0.67703389    0.00000000    0.00000000    0.42857143    -4.58306370    -4.58283614    -2.89958445    -2.89949787    -2.89939634    -2.89936813    -2.89935123    -2.89932431    -0.81397934    -0.80605352    -0.79060048    -0.78934157    -0.78486223    -0.78335797    -0.76190025    -0.75945816    -0.75886393    -0.75665440    -0.64759838    -0.62729638    -0.25334752    -0.21581211    -0.15590031    -0.15318692    -0.14918404    -0.14649602     0.05878393     0.09038257     0.29980174     0.33744331     0.42547785     0.42549640     0.43451659     0.43454116
     0.68335555    0.00000000    0.00000000    0.46428571    -4.58300741    -4.58289291    -2.89956216    -2.89951859    -2.89938522    -2.89936323    -2.89935643    -2.89933509    -0.81206861    -0.80808342    -0.79034178    -0.78970712    -0.78454918    -0.78379142    -0.76109639    -0.75957136    -0.75870560    -0.75729744    -0.64278224    -0.63258931    -0.24402026    -0.22518852    -0.15434071    -0.15208719    -0.15028051    -0.14803973     0.06697036     0.08282996     0.30823188     0.32707817     0.42733679     0.42735672     0.43187178     0.43189472
     0.68967720    0.00000000    0.00000000    0.50000000    -4.58295025    -4.58295024    -2.89954010    -2.89954010    -2.89937400    -2.89937400    -2.89934597    -2.89934597    -0.81009618    -0.81009618    -0.79004250    -0.79004250    -0.78419061    -0.78419061    -0.76031702    -0.76031702    -0.75798358    -0.75798358    -0.63776618    -0.63776618    -0.23461179    -0.23461178    -0.15284815    -0.15284815    -0.14952268    -0.14952267     0.07500624     0.07500624     0.31733073     0.31733073     0.42947110     0.42947110     0.42949381     0.42949381
     0.70145557    0.03571429   -0.00000000    0.50000000    -4.58296052    -4.58296052    -2.89954416    -2.89954416    -2.89937384    -2.89937384    -2.89934764    -2.89934764    -0.81040015    -0.81040015    -0.78979901    -0.78979901    -0.78390861    -0.78390861    -0.76051851    -0.76051851    -0.75801708    -0.75801708    -0.63712804    -0.63712804    -0.23474647    -0.23474646    -0.15415662    -0.15415662    -0.15018804    -0.15018804     0.07649762     0.07649762     0.31723072     0.31723072     0.42587791     0.42587791     0.42992273     0.42992273
     0.71323394    0.07142857   -0.00000000    0.50000000    -4.58298949    -4.58298949    -2.89955617    -2.89955617    -2.89937519    -2.89937519    -2.89935125    -2.89935125    -0.81133995    -0.81133995    -0.78901747    -0.78901747    -0.78311683    -0.78311683    -0.76109670    -0.76109670    -0.75809067    -0.75809067    -0.63525134    -0.63525133    -0.23520484    -0.23520484    -0.15810745    -0.15810745    -0.15190883    -0.15190883     0.08078991     0.08078991     0.31681287     0.31681287     0.41648396     0.41648396     0.43117128     0.43117129
     0.72501230    0.10714286   -0.00000000    0.50000000    -4.58303572    -4.58303572    -2.89957395    -2.89957395    -2.89938429    -2.89938429    -2.89935191    -2.89935191    -0.81282321    -0.81282321    -0.78781406    -0.78781406    -0.78188264    -0.78188264    -0.76196737    -0.76196737    -0.75815464    -0.75815464    -0.63222084    -0.63222084    -0.23624264    -0.23624264    -0.16414818    -0.16414818    -0.15445017    -0.15445016     0.08739442     0.08739442     0.31570409     0.31570409     0.40429095     0.40429095     0.43308706     0.43308706
     0.73679067    0.14285714   -0.00000000    0.50000000    -4.58309689    -4.58309689    -2.89959517    -2.89959517    -2.89940164    -2.89940164    -2.89935009    -2.89935009    -0.81473024    -0.81473023    -0.78636740    -0.78636740    -0.78031029    -0.78031029    -0.76295802    -0.76295802    -0.75816524    -0.75816524    -0.62816334    -0.62816333    -0.23831163    -0.23831162    -0.17119886    -0.17119886    -0.15771924    -0.15771924     0.09566385     0.09566385     0.31328032     0.31328032     0.39219423     0.39219423     0.43544886     0.43544886
     0.74856904    0.17857143   -0.00000000    0.50000000    -4.58316996    -4.58316996    -2.89961791    -2.89961791    -2.89942424    -2.89942424    -2.89934891    -2.89934891    -0.81693614    -0.81693614    -0.78491593    -0.78491593    -0.77853062    -0.77853062    -0.76382530    -0.76382530    -0.75807591    -0.75807591    -0.62323490    -0.62323489    -0.24201979    -0.24201979    -0.17801117    -0.17801117    -0.16157832    -0.16157832     0.10492871     0.10492871     0.30885285     0.30885285     0.38229590     0.38229590     0.43799815     0.43799815
     0.76034741    0.21428571   -0.00000000    0.50000000    -4.58325129    -4.58325129    -2.89964071    -2.89964071    -2.89945006    -2.89945006    -2.89934967    -2.89934967    -0.81931772    -0.81931772    -0.78375140    -0.78375140    -0.77668144    -0.77668144    -0.76429865    -0.76429865    -0.75782683    -0.75782683    -0.61761388    -0.61761388    -0.24789493    -0.24789493    -0.18348134    -0.18348134    -0.16584302    -0.16584302     0.11457888     0.11457888     0.30217740     0.30217740     0.37555084     0.37555084     0.44048270     0.44048270
     0.77212578    0.25000000   -0.00000000    0.50000000    -4.58333681    -4.58333681    -2.89966245    -2.89966245    -2.89947748    -2.89947748    -2.89935265    -2.89935265    -0.82175488    -0.82175488    -0.78314001    -0.78314001    -0.77488713    -0.77488713    -0.76418029    -0.76418029    -0.75734952    -0.75734952    -0.61150218    -0.61150218    -0.25597947    -0.25597947    -0.18705725    -0.18705725    -0.17030335    -0.17030335     0.12409537     0.12409537     0.29384155     0.29384155     0.37161982     0.37161982     0.44269846     0.44269846
     0.78390415    0.28571429   -0.00000000    0.50000000    -4.58342224    -4.58342224    -2.89968231    -2.89968230    -2.89950503    -2.89950503    -2.89935754    -2.89935754    -0.82413252    -0.82413252    -0.78316511    -0.78316510    -0.77326204    -0.77326204    -0.76347116    -0.76347116    -0.75659264    -0.75659264    -0.60513336    -0.60513336    -0.26567704    -0.26567704    -0.18887117    -0.18887117    -0.17473881    -0.17473881     0.13305393     0.13305393     0.28492540     0.28492540     0.36941397     0.36941397     0.44451795     0.44451795
     0.79568252    0.32142857   -0.00000000    0.50000000    -4.58350328    -4.58350328    -2.89969969    -2.89969969    -2.89953125    -2.89953125    -2.89936374    -2.89936374    -0.82634354    -0.82634354    -0.78367789    -0.78367789    -0.77191507    -0.77191507    -0.76236212    -0.76236212    -0.75556703    -0.75556703    -0.59878386    -0.59878385    -0.27603843    -0.27603843    -0.18942846    -0.18942846    -0.17892935    -0.17892935     0.14111679     0.14111679     0.27641526     0.27641526     0.36787148     0.36787148     0.44589727     0.44589727
     0.80746089    0.35714286   -0.00000000    0.50000000    -4.58357586    -4.58357586    -2.89971421    -2.89971421    -2.89955482    -2.89955482    -2.89937046    -2.89937046    -0.82829220    -0.82829220    -0.78443162    -0.78443162    -0.77091022    -0.77091022    -0.76109682    -0.76109682    -0.75437627    -0.75437627    -0.59278093    -0.59278092    -0.28608804    -0.28608804    -0.18926406    -0.18926406    -0.18266128    -0.18266128     0.14802111     0.14802111     0.26897779     0.26897779     0.36635535     0.36635535     0.44686266     0.44686266
     0.81923926    0.39285714   -0.00000000    0.50000000    -4.58363633    -4.58363633    -2.89972566    -2.89972566    -2.89957453    -2.89957453    -2.89937685    -2.89937685    -0.82989702    -0.82989702    -0.78520899    -0.78520899    -0.77023473    -0.77023473    -0.75988720    -0.75988720    -0.75319290    -0.75319290    -0.58749913    -0.58749913    -0.29495437    -0.29495437    -0.18883352    -0.18883352    -0.18570826    -0.18570826     0.15356865     0.15356865     0.26299782     0.26299782     0.36471003     0.36471003     0.44748436     0.44748437
     0.83101763    0.42857143   -0.00000000    0.50000000    -4.58368164    -4.58368164    -2.89973394    -2.89973394    -2.89958937    -2.89958937    -2.89938209    -2.89938209    -0.83109293    -0.83109293    -0.78585740    -0.78585740    -0.76982460    -0.76982460    -0.75890016    -0.75890016    -0.75219958    -0.75219958    -0.58333570    -0.58333570    -0.30189444    -0.30189443    -0.18885608    -0.18885608    -0.18748822    -0.18748822     0.15761831     0.15761831     0.25866748     0.25866748     0.36313757     0.36313757     0.44784809     0.44784809
     0.84279600    0.46428571   -0.00000000    0.50000000    -4.58370948    -4.58370948    -2.89973902    -2.89973902    -2.89959861    -2.89959861    -2.89938551    -2.89938551    -0.83183269    -0.83183269    -0.78628070    -0.78628070    -0.76961044    -0.76961044    -0.75825607    -0.75825607    -0.75154332    -0.75154332    -0.58065875    -0.58065875    -0.30631640    -0.30631639    -0.18989476    -0.18989476    -0.18751274    -0.18751274     0.16007995     0.16007995     0.25606074     0.25606074     0.36199039     0.36199039     0.44803115     0.44803115
     0.85457437    0.50000000   -0.00000000    0.50000000    -4.58371846    -4.58371846    -2.89974091    -2.89974091    -2.89960176    -2.89960176    -2.89938667    -2.89938667    -0.83208770    -0.83208770    -0.78642635    -0.78642635    -0.76954504    -0.76954504    -0.75802700    -0.75802700    -0.75131570    -0.75131570    -0.57973501    -0.57973501    -0.30782809    -0.30782808    -0.19034583    -0.19034583    -0.18742147    -0.18742147     0.16090615     0.16090615     0.25519241     0.25519241     0.36156968     0.36156968     0.44808602     0.44808602
     0.86911693    0.51666667    0.03333333    0.50000000    -4.58371306    -4.58371306    -2.89973976    -2.89973976    -2.89960214    -2.89960214    -2.89938321    -2.89938321    -0.83173626    -0.83173625    -0.78614454    -0.78614454    -0.76974760    -0.76974760    -0.75808894    -0.75808894    -0.75184350    -0.75184350    -0.58028427    -0.58028427    -0.30624639    -0.30624639    -0.19227009    -0.19227009    -0.18617411    -0.18617411     0.16137551     0.16137551     0.25604421     0.25604421     0.35969873     0.35969873     0.44928255     0.44928255
     0.88365949    0.53333333    0.06666667    0.50000000    -4.58369489    -4.58369488    -2.89973588    -2.89973588    -2.89960483    -2.89960483    -2.89937325    -2.89937325    -0.83075565    -0.83075565    -0.78533598    -0.78533598    -0.77027208    -0.77027208    -0.75846826    -0.75846826    -0.75316743    -0.75316743    -0.58185848    -0.58185847    -0.30168558    -0.30168558    -0.19583773    -0.19583773    -0.18451547    -0.18451547     0.16245665     0.16245665     0.25869425     0.25869425     0.35477222     0.35477222     0.45185774     0.45185774
     0.89820206    0.55000000    0.10000000    0.50000000    -4.58366614    -4.58366614    -2.89972784    -2.89972784    -2.89961002    -2.89961002    -2.89935931    -2.89935931    -0.82928622    -0.82928622    -0.78409645    -0.78409645    -0.77100374    -0.77100374    -0.75971215    -0.75971215    -0.75451954    -0.75451954    -0.58423114    -0.58423114    -0.29491438    -0.29491438    -0.19941508    -0.19941507    -0.18350166    -0.18350166     0.16331226     0.16331226     0.26325255     0.26325255     0.34836309     0.34836309     0.45368044     0.45368044
     0.91274462    0.56666667    0.13333333    0.50000000    -4.58363031    -4.58363030    -2.89971484    -2.89971484    -2.89961694    -2.89961694    -2.89934495    -2.89934495    -0.82755221    -0.82755221    -0.78259859    -0.78259859    -0.77181031    -0.77181031    -0.76205883    -0.76205883    -0.75526285    -0.75526285    -0.58708791    -0.58708791    -0.28718601    -0.28718601    -0.20211568    -0.20211568    -0.18307725    -0.18307725     0.16296379     0.16296379     0.26939471     0.26939471     0.34236081     0.34236081     0.45331455     0.45331455
     0.92728718    0.58333333    0.16666667    0.50000000    -4.58359171    -4.58359171    -2.89969832    -2.89969832    -2.89962302    -2.89962302    -2.89933376    -2.89933376    -0.82583660    -0.82583660    -0.78110874    -0.78110874    -0.77262682    -0.77262682    -0.76462436    -0.76462436    -0.75566527    -0.75566527    -0.59008139    -0.59008139    -0.28012806    -0.28012806    -0.20292923    -0.20292922    -0.18306615    -0.18306615     0.16077837     0.16077837     0.27571651     0.27571651     0.33901280     0.33901280     0.45099072     0.45099073
     0.94182975    0.60000000    0.20000000    0.50000000    -4.58355506    -4.58355506    -2.89968445    -2.89968445    -2.89962205    -2.89962205    -2.89932846    -2.89932846    -0.82442618    -0.82442618    -0.77997556    -0.77997556    -0.77354975    -0.77354975    -0.76624264    -0.76624264    -0.75606687    -0.75606687    -0.59286626    -0.59286625    -0.27529418    -0.27529418    -0.20111368    -0.20111368    -0.18325577    -0.18325577     0.15679314     0.15679314     0.27979325     0.27979325     0.34066847     0.34066847     0.44801078     0.44801078
     0.95637231    0.61666667    0.23333333    0.50000000    -4.58352489    -4.58352489    -2.89968135    -2.89968135    -2.89960737    -2.89960737    -2.89933023    -2.89933023    -0.82352488    -0.82352488    -0.77952472    -0.77952472    -0.77450231    -0.77450231    -0.76627797    -0.76627797    -0.75661617    -0.75661617    -0.59511729    -0.59511729    -0.27334134    -0.27334134    -0.19703254    -0.19703254    -0.18340969    -0.18340969     0.15174570     0.15174570     0.28031435     0.28031435     0.34765883     0.34765883     0.44574871     0.44574871
     0.97091487    0.63333333    0.26666667    0.50000000    -4.58350503    -4.58350502    -2.89968595    -2.89968595    -2.89958543    -2.89958543    -2.89933798    -2.89933798    -0.82317381    -0.82317381    -0.77981173    -0.77981173    -0.77495255    -0.77495255    -0.76513823    -0.76513823    -0.75736805    -0.75736805    -0.59654392    -0.59654392    -0.27374073    -0.27374073    -0.19243556    -0.19243556    -0.18325742    -0.18325742     0.14690277     0.14690277     0.27847729     0.27847729     0.35698970     0.35698970     0.44503775     0.44503775
     0.98545744    0.65000000    0.30000000    0.50000000    -4.58349821    -4.58349821    -2.89969194    -2.89969194    -2.89956821    -2.89956821    -2.89934762    -2.89934762    -0.82324909    -0.82324909    -0.78037398    -0.78037398    -0.77484882    -0.77484882    -0.76354909    -0.76354909    -0.75830510    -0.75830510    -0.59691305    -0.59691305    -0.27546741    -0.27546740    -0.18941783    -0.18941783    -0.18272045    -0.18272044     0.14375923     0.14375923     0.27601404     0.27601404     0.36461584     0.36461584     0.44563460     0.44563460
     1.00000000    0.66666667    0.33333333    0.50000000    -4.58350570    -4.58350570    -2.89969657    -2.89969657    -2.89956552    -2.89956552    -2.89935285    -2.89935285    -0.82355657    -0.82355657    -0.78070209    -0.78070209    -0.77452314    -0.77452314    -0.76220633    -0.76220633    -0.75918199    -0.75918199    -0.59608202    -0.59608202    -0.27766553    -0.27766553    -0.18875393    -0.18875393    -0.18264894    -0.18264894     0.14362026     0.14362026     0.27390641     0.27390641     0.36739085     0.36739085     0.44621314     0.44621314
