#iter energy            energy_diff  abs_dens     rel_dens     abs_ev       rel_ev      
    1   -4.47176193E+02  4.47176E+02  2.62895E+00  5.05568E-02  1.48877E+01  2.11088E-01
    2   -4.50904988E+02  3.72879E+00  1.80744E+00  3.47585E-02  2.43593E+00  3.33854E-02
    3   -4.50722175E+02  1.82813E-01  8.19457E-01  1.57588E-02  1.58000E-01  2.16077E-03
    4   -4.50771672E+02  4.94976E-02  2.47306E-01  4.75589E-03  1.46544E-01  2.00009E-03
    5   -4.50914873E+02  1.43201E-01  1.82750E-01  3.51443E-03  3.42263E-01  4.64963E-03
    6   -4.51153315E+02  2.38442E-01  9.36307E-02  1.80059E-03  1.16600E-01  1.58150E-03
    7   -4.51158796E+02  5.48128E-03  2.38914E-02  4.59449E-04  6.84852E-03  9.28812E-05
    8   -4.51156727E+02  2.06910E-03  2.45634E-03  4.72372E-05  4.34366E-03  5.89132E-05
    9   -4.51146822E+02  9.90449E-03  2.20991E-03  4.24983E-05  6.06112E-03  8.22138E-05
   10   -4.51145733E+02  1.08926E-03  2.78505E-04  5.35587E-06  9.78089E-04  1.32671E-05
   11   -4.51145625E+02  1.08158E-04  1.40657E-04  2.70495E-06  2.93442E-05  3.98034E-07
   12   -4.51145792E+02  1.67451E-04  2.44582E-05  4.70350E-07  9.08615E-05  1.23247E-06
   13   -4.51145958E+02  1.65673E-04  2.46923E-05  4.74853E-07  1.43505E-04  1.94654E-06
