# energy [H], band-resolved DOS
   -5.854207    0.000067
   -5.838933    0.000067
   -5.823659    0.000068
   -5.808384    0.000068
   -5.793110    0.000068
   -5.777836    0.000069
   -5.762561    0.000069
   -5.747287    0.000069
   -5.732013    0.000070
   -5.716738    0.000070
   -5.701464    0.000071
   -5.686190    0.000071
   -5.670915    0.000071
   -5.655641    0.000072
   -5.640367    0.000072
   -5.625092    0.000072
   -5.609818    0.000073
   -5.594544    0.000073
   -5.579269    0.000073
   -5.563995    0.000074
   -5.548721    0.000074
   -5.533446    0.000075
   -5.518172    0.000075
   -5.502898    0.000075
   -5.487623    0.000076
   -5.472349    0.000076
   -5.457075    0.000077
   -5.441800    0.000077
   -5.426526    0.000077
   -5.411252    0.000078
   -5.395977    0.000078
   -5.380703    0.000079
   -5.365429    0.000079
   -5.350154    0.000080
   -5.334880    0.000080
   -5.319606    0.000080
   -5.304331    0.000081
   -5.289057    0.000081
   -5.273783    0.000082
   -5.258508    0.000082
   -5.243234    0.000083
   -5.227960    0.000083
   -5.212685    0.000084
   -5.197411    0.000084
   -5.182137    0.000085
   -5.166862    0.000085
   -5.151588    0.000085
   -5.136314    0.000086
   -5.121039    0.000086
   -5.105765    0.000087
   -5.090491    0.000087
   -5.075216    0.000088
   -5.059942    0.000088
   -5.044668    0.000089
   -5.029393    0.000089
   -5.014119    0.000090
   -4.998844    0.000090
   -4.983570    0.000091
   -4.968296    0.000092
   -4.953021    0.000092
   -4.937747    0.000093
   -4.922473    0.000093
   -4.907198    0.000094
   -4.891924    0.000094
   -4.876650    0.000095
   -4.861375    0.000095
   -4.846101    0.000096
   -4.830827    0.000096
   -4.815552    0.000097
   -4.800278    0.000098
   -4.785004    0.000098
   -4.769729    0.000099
   -4.754455    0.000099
   -4.739181    0.000100
   -4.723906    0.000101
   -4.708632    0.000101
   -4.693358    0.000102
   -4.678083    0.000102
   -4.662809    0.000103
   -4.647535    0.000104
   -4.632260    0.000104
   -4.616986    0.000105
   -4.601712    0.000106
   -4.586437    0.000106
   -4.571163    0.000107
   -4.555889    0.000108
   -4.540614    0.000108
   -4.525340    0.000109
   -4.510066    0.000110
   -4.494791    0.000110
   -4.479517    0.000111
   -4.464243    0.000112
   -4.448968    0.000113
   -4.433694    0.000113
   -4.418420    0.000114
   -4.403145    0.000115
   -4.387871    0.000116
   -4.372597    0.000116
   -4.357322    0.000117
   -4.342048    0.000118
   -4.326774    0.000119
   -4.311499    0.000119
   -4.296225    0.000120
   -4.280951    0.000121
   -4.265676    0.000122
   -4.250402    0.000123
   -4.235128    0.000123
   -4.219853    0.000124
   -4.204579    0.000125
   -4.189305    0.000126
   -4.174030    0.000127
   -4.158756    0.000128
   -4.143482    0.000129
   -4.128207    0.000129
   -4.112933    0.000130
   -4.097659    0.000131
   -4.082384    0.000132
   -4.067110    0.000133
   -4.051836    0.000134
   -4.036561    0.000135
   -4.021287    0.000136
   -4.006013    0.000137
   -3.990738    0.000138
   -3.975464    0.000139
   -3.960190    0.000140
   -3.944915    0.000141
   -3.929641    0.000142
   -3.914367    0.000143
   -3.899092    0.000144
   -3.883818    0.000145
   -3.868544    0.000146
   -3.853269    0.000147
   -3.837995    0.000148
   -3.822721    0.000149
   -3.807446    0.000150
   -3.792172    0.000152
   -3.776898    0.000153
   -3.761623    0.000154
   -3.746349    0.000155
   -3.731075    0.000156
   -3.715800    0.000157
   -3.700526    0.000159
   -3.685252    0.000160
   -3.669977    0.000161
   -3.654703    0.000162
   -3.639428    0.000164
   -3.624154    0.000165
   -3.608880    0.000166
   -3.593605    0.000167
   -3.578331    0.000169
   -3.563057    0.000170
   -3.547782    0.000171
   -3.532508    0.000173
   -3.517234    0.000174
   -3.501959    0.000176
   -3.486685    0.000177
   -3.471411    0.000178
   -3.456136    0.000180
   -3.440862    0.000181
   -3.425588    0.000183
   -3.410313    0.000184
   -3.395039    0.000186
   -3.379765    0.000187
   -3.364490    0.000189
   -3.349216    0.000191
   -3.333942    0.000192
   -3.318667    0.000194
   -3.303393    0.000195
   -3.288119    0.000197
   -3.272844    0.000199
   -3.257570    0.000200
   -3.242296    0.000202
   -3.227021    0.000204
   -3.211747    0.000206
   -3.196473    0.000208
   -3.181198    0.000209
   -3.165924    0.000211
   -3.150650    0.000213
   -3.135375    0.000215
   -3.120101    0.000217
   -3.104827    0.000219
   -3.089552    0.000221
   -3.074278    0.000223
   -3.059004    0.000225
   -3.043729    0.000227
   -3.028455    0.000229
   -3.013181    0.000231
   -2.997906    0.000233
   -2.982632    0.000235
   -2.967358    0.000238
   -2.952083    0.000240
   -2.936809    0.000242
   -2.921535    0.000244
   -2.906260    0.000247
   -2.890986    0.000249
   -2.875712    0.000251
   -2.860437    0.000254
   -2.845163    0.000256
   -2.829889    0.000259
   -2.814614    0.000261
   -2.799340    0.000264
   -2.784066    0.000267
   -2.768791    0.000269
   -2.753517    0.000272
   -2.738243    0.000275
   -2.722968    0.000278
   -2.707694    0.000280
   -2.692420    0.000283
   -2.677145    0.000286
   -2.661871    0.000289
   -2.646597    0.000292
   -2.631322    0.000295
   -2.616048    0.000298
   -2.600774    0.000301
   -2.585499    0.000305
   -2.570225    0.000308
   -2.554951    0.000311
   -2.539676    0.000314
   -2.524402    0.000318
   -2.509128    0.000321
   -2.493853    0.000325
   -2.478579    0.000328
   -2.463305    0.000332
   -2.448030    0.000336
   -2.432756    0.000339
   -2.417482    0.000343
   -2.402207    0.000347
   -2.386933    0.000351
   -2.371659    0.000355
   -2.356384    0.000359
   -2.341110    0.000363
   -2.325836    0.000368
   -2.310561    0.000372
   -2.295287    0.000376
   -2.280012    0.000381
   -2.264738    0.000385
   -2.249464    0.000390
   -2.234189    0.000395
   -2.218915    0.000399
   -2.203641    0.000404
   -2.188366    0.000409
   -2.173092    0.000414
   -2.157818    0.000420
   -2.142543    0.000425
   -2.127269    0.000430
   -2.111995    0.000436
   -2.096720    0.000441
   -2.081446    0.000447
   -2.066172    0.000453
   -2.050897    0.000458
   -2.035623    0.000464
   -2.020349    0.000471
   -2.005074    0.000477
   -1.989800    0.000483
   -1.974526    0.000490
   -1.959251    0.000496
   -1.943977    0.000503
   -1.928703    0.000510
   -1.913428    0.000517
   -1.898154    0.000524
   -1.882880    0.000532
   -1.867605    0.000539
   -1.852331    0.000547
   -1.837057    0.000555
   -1.821782    0.000563
   -1.806508    0.000571
   -1.791234    0.000579
   -1.775959    0.000588
   -1.760685    0.000596
   -1.745411    0.000605
   -1.730136    0.000615
   -1.714862    0.000624
   -1.699588    0.000633
   -1.684313    0.000643
   -1.669039    0.000653
   -1.653765    0.000663
   -1.638490    0.000674
   -1.623216    0.000685
   -1.607942    0.000696
   -1.592667    0.000707
   -1.577393    0.000718
   -1.562119    0.000730
   -1.546844    0.000742
   -1.531570    0.000755
   -1.516296    0.000767
   -1.501021    0.000780
   -1.485747    0.000794
   -1.470473    0.000808
   -1.455198    0.000822
   -1.439924    0.000836
   -1.424650    0.000851
   -1.409375    0.000866
   -1.394101    0.000882
   -1.378827    0.000898
   -1.363552    0.000915
   -1.348278    0.000932
   -1.333004    0.000949
   -1.317729    0.000967
   -1.302455    0.000986
   -1.287181    0.001005
   -1.271906    0.001024
   -1.256632    0.001044
   -1.241358    0.001065
   -1.226083    0.001086
   -1.210809    0.001109
   -1.195535    0.001131
   -1.180260    0.001155
   -1.164986    0.001179
   -1.149712    0.001204
   -1.134437    0.001230
   -1.119163    0.001256
   -1.103889    0.001284
   -1.088614    0.001312
   -1.073340    0.001341
   -1.058066    0.001372
   -1.042791    0.001403
   -1.027517    0.001435
   -1.012243    0.001469
   -0.996968    0.001504
   -0.981694    0.001540
   -0.966420    0.001577
   -0.951145    0.001616
   -0.935871    0.001656
   -0.920596    0.001698
   -0.905322    0.001741
   -0.890048    0.001786
   -0.874773    0.001832
   -0.859499    0.001881
   -0.844225    0.001932
   -0.828950    0.001984
   -0.813676    0.002039
   -0.798402    0.002096
   -0.783127    0.002156
   -0.767853    0.002218
   -0.752579    0.002283
   -0.737304    0.002350
   -0.722030    0.002421
   -0.706756    0.002495
   -0.691481    0.002573
   -0.676207    0.002654
   -0.660933    0.002739
   -0.645658    0.002828
   -0.630384    0.002922
   -0.615110    0.003020
   -0.599835    0.003124
   -0.584561    0.003233
   -0.569287    0.003348
   -0.554012    0.003469
   -0.538738    0.003597
   -0.523464    0.003732
   -0.508189    0.003874
   -0.492915    0.004025
   -0.477641    0.004186
   -0.462366    0.004356
   -0.447092    0.004536
   -0.431818    0.004728
   -0.416543    0.004933
   -0.401269    0.005151
   -0.385995    0.005384
   -0.370720    0.005634
   -0.355446    0.005901
   -0.340172    0.006188
   -0.324897    0.006497
   -0.309623    0.006829
   -0.294349    0.007187
   -0.279074    0.007575
   -0.263800    0.007995
   -0.248526    0.008452
   -0.233251    0.008949
   -0.217977    0.009491
   -0.202703    0.010085
   -0.187428    0.010736
   -0.172154    0.011454
   -0.156880    0.012247
   -0.141605    0.013125
   -0.126331    0.014103
   -0.111057    0.015196
   -0.095782    0.016422
   -0.080508    0.017805
   -0.065234    0.019372
   -0.049959    0.021160
   -0.034685    0.023210
   -0.019411    0.025579
   -0.004136    0.028337
    0.011138    0.031574
    0.026412    0.035413
    0.041687    0.040012
    0.056961    0.045593
    0.072235    0.052462
    0.087510    0.061057
    0.102784    0.072026
    0.118058    0.086354
    0.133333    0.105614
    0.148607    0.132442
    0.163881    0.171556
    0.179156    0.232154
    0.194430    0.334334
    0.209704    0.529894
    0.224979    0.991667
    0.240253    2.630377
    0.255527   11.442959
    0.270802   11.715604
    0.286076    6.542717
    0.301350    4.313054
    0.316625    4.863359
    0.331899    2.750232
    0.347173    2.400042
    0.362448    2.384033
    0.377722    2.160499
    0.392996    2.381404
    0.408271    3.142952
    0.423545    3.305011
    0.438820    0.764195
    0.454094    0.339528
    0.469368    0.204417
    0.484643    0.141822
    0.499917    0.106473
    0.515191    0.083993
    0.530466    0.068539
    0.545740    0.057320
    0.561014    0.048842
    0.576289    0.042236
    0.591563    0.036963
    0.606837    0.032671
    0.622112    0.029121
    0.637386    0.026145
    0.652660    0.023620
    0.667935    0.021457
    0.683209    0.019588
    0.698483    0.017960
    0.713758    0.016532
    0.729032    0.015272
    0.744306    0.014154
    0.759581    0.013158
    0.774855    0.012265
    0.790129    0.011461
    0.805404    0.010735
    0.820678    0.010078
    0.835952    0.009479
    0.851227    0.008934
    0.866501    0.008434
    0.881775    0.007976
    0.897050    0.007555
    0.912324    0.007167
    0.927598    0.006808
    0.942873    0.006475
    0.958147    0.006167
    0.973421    0.005880
    0.988696    0.005613
    1.003970    0.005364
    1.019244    0.005132
    1.034519    0.004914
    1.049793    0.004710
    1.065067    0.004518
    1.080342    0.004338
    1.095616    0.004169
    1.110890    0.004009
    1.126165    0.003859
    1.141439    0.003716
    1.156713    0.003582
    1.171988    0.003455
    1.187262    0.003334
    1.202536    0.003220
    1.217811    0.003111
    1.233085    0.003008
    1.248359    0.002910
    1.263634    0.002817
    1.278908    0.002728
    1.294182    0.002643
    1.309457    0.002563
    1.324731    0.002485
    1.340005    0.002412
    1.355280    0.002341
    1.370554    0.002274
    1.385828    0.002209
    1.401103    0.002147
    1.416377    0.002088
    1.431651    0.002031
    1.446926    0.001977
    1.462200    0.001925
    1.477474    0.001874
    1.492749    0.001826
    1.508023    0.001779
    1.523297    0.001735
    1.538572    0.001692
    1.553846    0.001650
    1.569120    0.001610
    1.584395    0.001572
    1.599669    0.001534
    1.614943    0.001499
    1.630218    0.001464
    1.645492    0.001431
    1.660766    0.001398
    1.676041    0.001367
    1.691315    0.001337
    1.706589    0.001308
    1.721864    0.001279
    1.737138    0.001252
    1.752412    0.001226
    1.767687    0.001200
