# energy [H], band-resolved DOS
   -5.854207    0.000098
   -5.838933    0.000098
   -5.823659    0.000099
   -5.808384    0.000100
   -5.793110    0.000100
   -5.777836    0.000101
   -5.762561    0.000102
   -5.747287    0.000102
   -5.732013    0.000103
   -5.716738    0.000103
   -5.701464    0.000104
   -5.686190    0.000105
   -5.670915    0.000105
   -5.655641    0.000106
   -5.640367    0.000107
   -5.625092    0.000107
   -5.609818    0.000108
   -5.594544    0.000109
   -5.579269    0.000109
   -5.563995    0.000110
   -5.548721    0.000111
   -5.533446    0.000111
   -5.518172    0.000112
   -5.502898    0.000113
   -5.487623    0.000114
   -5.472349    0.000114
   -5.457075    0.000115
   -5.441800    0.000116
   -5.426526    0.000117
   -5.411252    0.000117
   -5.395977    0.000118
   -5.380703    0.000119
   -5.365429    0.000120
   -5.350154    0.000121
   -5.334880    0.000121
   -5.319606    0.000122
   -5.304331    0.000123
   -5.289057    0.000124
   -5.273783    0.000125
   -5.258508    0.000126
   -5.243234    0.000126
   -5.227960    0.000127
   -5.212685    0.000128
   -5.197411    0.000129
   -5.182137    0.000130
   -5.166862    0.000131
   -5.151588    0.000132
   -5.136314    0.000133
   -5.121039    0.000134
   -5.105765    0.000134
   -5.090491    0.000135
   -5.075216    0.000136
   -5.059942    0.000137
   -5.044668    0.000138
   -5.029393    0.000139
   -5.014119    0.000140
   -4.998844    0.000141
   -4.983570    0.000142
   -4.968296    0.000143
   -4.953021    0.000144
   -4.937747    0.000145
   -4.922473    0.000147
   -4.907198    0.000148
   -4.891924    0.000149
   -4.876650    0.000150
   -4.861375    0.000151
   -4.846101    0.000152
   -4.830827    0.000153
   -4.815552    0.000154
   -4.800278    0.000156
   -4.785004    0.000157
   -4.769729    0.000158
   -4.754455    0.000159
   -4.739181    0.000160
   -4.723906    0.000162
   -4.708632    0.000163
   -4.693358    0.000164
   -4.678083    0.000165
   -4.662809    0.000167
   -4.647535    0.000168
   -4.632260    0.000169
   -4.616986    0.000171
   -4.601712    0.000172
   -4.586437    0.000173
   -4.571163    0.000175
   -4.555889    0.000176
   -4.540614    0.000178
   -4.525340    0.000179
   -4.510066    0.000181
   -4.494791    0.000182
   -4.479517    0.000183
   -4.464243    0.000185
   -4.448968    0.000187
   -4.433694    0.000188
   -4.418420    0.000190
   -4.403145    0.000191
   -4.387871    0.000193
   -4.372597    0.000194
   -4.357322    0.000196
   -4.342048    0.000198
   -4.326774    0.000199
   -4.311499    0.000201
   -4.296225    0.000203
   -4.280951    0.000205
   -4.265676    0.000207
   -4.250402    0.000208
   -4.235128    0.000210
   -4.219853    0.000212
   -4.204579    0.000214
   -4.189305    0.000216
   -4.174030    0.000218
   -4.158756    0.000220
   -4.143482    0.000222
   -4.128207    0.000224
   -4.112933    0.000226
   -4.097659    0.000228
   -4.082384    0.000230
   -4.067110    0.000232
   -4.051836    0.000234
   -4.036561    0.000236
   -4.021287    0.000239
   -4.006013    0.000241
   -3.990738    0.000243
   -3.975464    0.000245
   -3.960190    0.000248
   -3.944915    0.000250
   -3.929641    0.000253
   -3.914367    0.000255
   -3.899092    0.000257
   -3.883818    0.000260
   -3.868544    0.000263
   -3.853269    0.000265
   -3.837995    0.000268
   -3.822721    0.000270
   -3.807446    0.000273
   -3.792172    0.000276
   -3.776898    0.000279
   -3.761623    0.000282
   -3.746349    0.000284
   -3.731075    0.000287
   -3.715800    0.000290
   -3.700526    0.000293
   -3.685252    0.000296
   -3.669977    0.000299
   -3.654703    0.000303
   -3.639428    0.000306
   -3.624154    0.000309
   -3.608880    0.000312
   -3.593605    0.000316
   -3.578331    0.000319
   -3.563057    0.000323
   -3.547782    0.000326
   -3.532508    0.000330
   -3.517234    0.000334
   -3.501959    0.000337
   -3.486685    0.000341
   -3.471411    0.000345
   -3.456136    0.000349
   -3.440862    0.000353
   -3.425588    0.000357
   -3.410313    0.000361
   -3.395039    0.000365
   -3.379765    0.000369
   -3.364490    0.000374
   -3.349216    0.000378
   -3.333942    0.000383
   -3.318667    0.000387
   -3.303393    0.000392
   -3.288119    0.000397
   -3.272844    0.000401
   -3.257570    0.000406
   -3.242296    0.000411
   -3.227021    0.000416
   -3.211747    0.000422
   -3.196473    0.000427
   -3.181198    0.000432
   -3.165924    0.000438
   -3.150650    0.000443
   -3.135375    0.000449
   -3.120101    0.000455
   -3.104827    0.000461
   -3.089552    0.000467
   -3.074278    0.000473
   -3.059004    0.000479
   -3.043729    0.000486
   -3.028455    0.000492
   -3.013181    0.000499
   -2.997906    0.000506
   -2.982632    0.000513
   -2.967358    0.000520
   -2.952083    0.000527
   -2.936809    0.000534
   -2.921535    0.000542
   -2.906260    0.000550
   -2.890986    0.000558
   -2.875712    0.000566
   -2.860437    0.000574
   -2.845163    0.000582
   -2.829889    0.000591
   -2.814614    0.000600
   -2.799340    0.000609
   -2.784066    0.000618
   -2.768791    0.000627
   -2.753517    0.000637
   -2.738243    0.000647
   -2.722968    0.000657
   -2.707694    0.000667
   -2.692420    0.000678
   -2.677145    0.000689
   -2.661871    0.000700
   -2.646597    0.000711
   -2.631322    0.000723
   -2.616048    0.000734
   -2.600774    0.000747
   -2.585499    0.000759
   -2.570225    0.000772
   -2.554951    0.000785
   -2.539676    0.000799
   -2.524402    0.000812
   -2.509128    0.000827
   -2.493853    0.000841
   -2.478579    0.000856
   -2.463305    0.000872
   -2.448030    0.000887
   -2.432756    0.000904
   -2.417482    0.000920
   -2.402207    0.000937
   -2.386933    0.000955
   -2.371659    0.000973
   -2.356384    0.000992
   -2.341110    0.001011
   -2.325836    0.001031
   -2.310561    0.001051
   -2.295287    0.001072
   -2.280012    0.001094
   -2.264738    0.001116
   -2.249464    0.001139
   -2.234189    0.001162
   -2.218915    0.001187
   -2.203641    0.001212
   -2.188366    0.001238
   -2.173092    0.001265
   -2.157818    0.001292
   -2.142543    0.001321
   -2.127269    0.001350
   -2.111995    0.001381
   -2.096720    0.001412
   -2.081446    0.001445
   -2.066172    0.001479
   -2.050897    0.001514
   -2.035623    0.001550
   -2.020349    0.001588
   -2.005074    0.001627
   -1.989800    0.001667
   -1.974526    0.001709
   -1.959251    0.001753
   -1.943977    0.001798
   -1.928703    0.001845
   -1.913428    0.001894
   -1.898154    0.001945
   -1.882880    0.001998
   -1.867605    0.002054
   -1.852331    0.002111
   -1.837057    0.002171
   -1.821782    0.002234
   -1.806508    0.002299
   -1.791234    0.002367
   -1.775959    0.002438
   -1.760685    0.002513
   -1.745411    0.002591
   -1.730136    0.002673
   -1.714862    0.002758
   -1.699588    0.002848
   -1.684313    0.002942
   -1.669039    0.003041
   -1.653765    0.003146
   -1.638490    0.003255
   -1.623216    0.003371
   -1.607942    0.003492
   -1.592667    0.003621
   -1.577393    0.003756
   -1.562119    0.003899
   -1.546844    0.004051
   -1.531570    0.004212
   -1.516296    0.004382
   -1.501021    0.004563
   -1.485747    0.004756
   -1.470473    0.004961
   -1.455198    0.005179
   -1.439924    0.005413
   -1.424650    0.005662
   -1.409375    0.005929
   -1.394101    0.006215
   -1.378827    0.006523
   -1.363552    0.006854
   -1.348278    0.007210
   -1.333004    0.007596
   -1.317729    0.008013
   -1.302455    0.008466
   -1.287181    0.008958
   -1.271906    0.009494
   -1.256632    0.010079
   -1.241358    0.010721
   -1.226083    0.011426
   -1.210809    0.012203
   -1.195535    0.013061
   -1.180260    0.014014
   -1.164986    0.015075
   -1.149712    0.016261
   -1.134437    0.017592
   -1.119163    0.019095
   -1.103889    0.020798
   -1.088614    0.022739
   -1.073340    0.024965
   -1.058066    0.027536
   -1.042791    0.030524
   -1.027517    0.034027
   -1.012243    0.038169
   -0.996968    0.043115
   -0.981694    0.049089
   -0.966420    0.056396
   -0.951145    0.065464
   -0.935871    0.076907
   -0.920596    0.091633
   -0.905322    0.111028
   -0.890048    0.137296
   -0.874773    0.174106
   -0.859499    0.227950
   -0.844225    0.311190
   -0.828950    0.449792
   -0.813676    0.706075
   -0.798402    1.261697
   -0.783127    2.838728
   -0.767853   10.378909
   -0.752579   36.721288
   -0.737304    7.599355
   -0.722030    2.363561
   -0.706756    1.112968
   -0.691481    0.642137
   -0.676207    0.416772
   -0.660933    0.291992
   -0.645658    0.215826
   -0.630384    0.165969
   -0.615110    0.131574
   -0.599835    0.106853
   -0.584561    0.088494
   -0.569287    0.074488
   -0.554012    0.063560
   -0.538738    0.054872
   -0.523464    0.047849
   -0.508189    0.042093
   -0.492915    0.037317
   -0.477641    0.033309
   -0.462366    0.029914
   -0.447092    0.027012
   -0.431818    0.024513
   -0.416543    0.022346
   -0.401269    0.020453
   -0.385995    0.018792
   -0.370720    0.017324
   -0.355446    0.016022
   -0.340172    0.014862
   -0.324897    0.013823
   -0.309623    0.012890
   -0.294349    0.012047
   -0.279074    0.011285
   -0.263800    0.010593
   -0.248526    0.009963
   -0.233251    0.009387
   -0.217977    0.008860
   -0.202703    0.008376
   -0.187428    0.007930
   -0.172154    0.007520
   -0.156880    0.007140
   -0.141605    0.006788
   -0.126331    0.006462
   -0.111057    0.006159
   -0.095782    0.005876
   -0.080508    0.005613
   -0.065234    0.005367
   -0.049959    0.005136
   -0.034685    0.004920
   -0.019411    0.004718
   -0.004136    0.004528
    0.011138    0.004349
    0.026412    0.004180
    0.041687    0.004021
    0.056961    0.003871
    0.072235    0.003730
    0.087510    0.003595
    0.102784    0.003468
    0.118058    0.003348
    0.133333    0.003234
    0.148607    0.003125
    0.163881    0.003022
    0.179156    0.002924
    0.194430    0.002831
    0.209704    0.002741
    0.224979    0.002657
    0.240253    0.002576
    0.255527    0.002498
    0.270802    0.002424
    0.286076    0.002354
    0.301350    0.002286
    0.316625    0.002221
    0.331899    0.002159
    0.347173    0.002100
    0.362448    0.002043
    0.377722    0.001988
    0.392996    0.001935
    0.408271    0.001885
    0.423545    0.001836
    0.438820    0.001790
    0.454094    0.001745
    0.469368    0.001701
    0.484643    0.001660
    0.499917    0.001619
    0.515191    0.001581
    0.530466    0.001543
    0.545740    0.001507
    0.561014    0.001472
    0.576289    0.001439
    0.591563    0.001406
    0.606837    0.001375
    0.622112    0.001345
    0.637386    0.001315
    0.652660    0.001287
    0.667935    0.001259
    0.683209    0.001233
    0.698483    0.001207
    0.713758    0.001182
    0.729032    0.001158
    0.744306    0.001134
    0.759581    0.001111
    0.774855    0.001089
    0.790129    0.001068
    0.805404    0.001047
    0.820678    0.001027
    0.835952    0.001007
    0.851227    0.000988
    0.866501    0.000970
    0.881775    0.000952
    0.897050    0.000934
    0.912324    0.000917
    0.927598    0.000900
    0.942873    0.000884
    0.958147    0.000869
    0.973421    0.000853
    0.988696    0.000838
    1.003970    0.000824
    1.019244    0.000810
    1.034519    0.000796
    1.049793    0.000783
    1.065067    0.000770
    1.080342    0.000757
    1.095616    0.000744
    1.110890    0.000732
    1.126165    0.000720
    1.141439    0.000709
    1.156713    0.000697
    1.171988    0.000686
    1.187262    0.000676
    1.202536    0.000665
    1.217811    0.000655
    1.233085    0.000645
    1.248359    0.000635
    1.263634    0.000626
    1.278908    0.000616
    1.294182    0.000607
    1.309457    0.000598
    1.324731    0.000589
    1.340005    0.000581
    1.355280    0.000572
    1.370554    0.000564
    1.385828    0.000556
    1.401103    0.000548
    1.416377    0.000541
    1.431651    0.000533
    1.446926    0.000526
    1.462200    0.000518
    1.477474    0.000511
    1.492749    0.000504
    1.508023    0.000498
    1.523297    0.000491
    1.538572    0.000484
    1.553846    0.000478
    1.569120    0.000472
    1.584395    0.000466
    1.599669    0.000460
    1.614943    0.000454
    1.630218    0.000448
    1.645492    0.000442
    1.660766    0.000437
    1.676041    0.000431
    1.691315    0.000426
    1.706589    0.000421
    1.721864    0.000415
    1.737138    0.000410
    1.752412    0.000405
    1.767687    0.000400
