# energy [H], band-resolved DOS
   -5.854207    0.000079
   -5.838933    0.000080
   -5.823659    0.000080
   -5.808384    0.000081
   -5.793110    0.000081
   -5.777836    0.000081
   -5.762561    0.000082
   -5.747287    0.000082
   -5.732013    0.000083
   -5.716738    0.000083
   -5.701464    0.000084
   -5.686190    0.000084
   -5.670915    0.000085
   -5.655641    0.000085
   -5.640367    0.000086
   -5.625092    0.000086
   -5.609818    0.000087
   -5.594544    0.000087
   -5.579269    0.000088
   -5.563995    0.000088
   -5.548721    0.000089
   -5.533446    0.000089
   -5.518172    0.000090
   -5.502898    0.000090
   -5.487623    0.000091
   -5.472349    0.000091
   -5.457075    0.000092
   -5.441800    0.000092
   -5.426526    0.000093
   -5.411252    0.000093
   -5.395977    0.000094
   -5.380703    0.000094
   -5.365429    0.000095
   -5.350154    0.000096
   -5.334880    0.000096
   -5.319606    0.000097
   -5.304331    0.000097
   -5.289057    0.000098
   -5.273783    0.000098
   -5.258508    0.000099
   -5.243234    0.000100
   -5.227960    0.000100
   -5.212685    0.000101
   -5.197411    0.000101
   -5.182137    0.000102
   -5.166862    0.000103
   -5.151588    0.000103
   -5.136314    0.000104
   -5.121039    0.000105
   -5.105765    0.000105
   -5.090491    0.000106
   -5.075216    0.000107
   -5.059942    0.000107
   -5.044668    0.000108
   -5.029393    0.000109
   -5.014119    0.000109
   -4.998844    0.000110
   -4.983570    0.000111
   -4.968296    0.000111
   -4.953021    0.000112
   -4.937747    0.000113
   -4.922473    0.000114
   -4.907198    0.000114
   -4.891924    0.000115
   -4.876650    0.000116
   -4.861375    0.000117
   -4.846101    0.000117
   -4.830827    0.000118
   -4.815552    0.000119
   -4.800278    0.000120
   -4.785004    0.000121
   -4.769729    0.000121
   -4.754455    0.000122
   -4.739181    0.000123
   -4.723906    0.000124
   -4.708632    0.000125
   -4.693358    0.000125
   -4.678083    0.000126
   -4.662809    0.000127
   -4.647535    0.000128
   -4.632260    0.000129
   -4.616986    0.000130
   -4.601712    0.000131
   -4.586437    0.000132
   -4.571163    0.000133
   -4.555889    0.000133
   -4.540614    0.000134
   -4.525340    0.000135
   -4.510066    0.000136
   -4.494791    0.000137
   -4.479517    0.000138
   -4.464243    0.000139
   -4.448968    0.000140
   -4.433694    0.000141
   -4.418420    0.000142
   -4.403145    0.000143
   -4.387871    0.000144
   -4.372597    0.000145
   -4.357322    0.000146
   -4.342048    0.000148
   -4.326774    0.000149
   -4.311499    0.000150
   -4.296225    0.000151
   -4.280951    0.000152
   -4.265676    0.000153
   -4.250402    0.000154
   -4.235128    0.000155
   -4.219853    0.000157
   -4.204579    0.000158
   -4.189305    0.000159
   -4.174030    0.000160
   -4.158756    0.000162
   -4.143482    0.000163
   -4.128207    0.000164
   -4.112933    0.000165
   -4.097659    0.000167
   -4.082384    0.000168
   -4.067110    0.000169
   -4.051836    0.000171
   -4.036561    0.000172
   -4.021287    0.000173
   -4.006013    0.000175
   -3.990738    0.000176
   -3.975464    0.000178
   -3.960190    0.000179
   -3.944915    0.000180
   -3.929641    0.000182
   -3.914367    0.000183
   -3.899092    0.000185
   -3.883818    0.000186
   -3.868544    0.000188
   -3.853269    0.000190
   -3.837995    0.000191
   -3.822721    0.000193
   -3.807446    0.000194
   -3.792172    0.000196
   -3.776898    0.000198
   -3.761623    0.000199
   -3.746349    0.000201
   -3.731075    0.000203
   -3.715800    0.000205
   -3.700526    0.000206
   -3.685252    0.000208
   -3.669977    0.000210
   -3.654703    0.000212
   -3.639428    0.000214
   -3.624154    0.000216
   -3.608880    0.000218
   -3.593605    0.000220
   -3.578331    0.000222
   -3.563057    0.000224
   -3.547782    0.000226
   -3.532508    0.000228
   -3.517234    0.000230
   -3.501959    0.000232
   -3.486685    0.000234
   -3.471411    0.000236
   -3.456136    0.000238
   -3.440862    0.000241
   -3.425588    0.000243
   -3.410313    0.000245
   -3.395039    0.000248
   -3.379765    0.000250
   -3.364490    0.000252
   -3.349216    0.000255
   -3.333942    0.000257
   -3.318667    0.000260
   -3.303393    0.000262
   -3.288119    0.000265
   -3.272844    0.000268
   -3.257570    0.000270
   -3.242296    0.000273
   -3.227021    0.000276
   -3.211747    0.000279
   -3.196473    0.000281
   -3.181198    0.000284
   -3.165924    0.000287
   -3.150650    0.000290
   -3.135375    0.000293
   -3.120101    0.000296
   -3.104827    0.000299
   -3.089552    0.000303
   -3.074278    0.000306
   -3.059004    0.000309
   -3.043729    0.000312
   -3.028455    0.000316
   -3.013181    0.000319
   -2.997906    0.000323
   -2.982632    0.000326
   -2.967358    0.000330
   -2.952083    0.000333
   -2.936809    0.000337
   -2.921535    0.000341
   -2.906260    0.000345
   -2.890986    0.000349
   -2.875712    0.000353
   -2.860437    0.000357
   -2.845163    0.000361
   -2.829889    0.000365
   -2.814614    0.000369
   -2.799340    0.000374
   -2.784066    0.000378
   -2.768791    0.000382
   -2.753517    0.000387
   -2.738243    0.000392
   -2.722968    0.000396
   -2.707694    0.000401
   -2.692420    0.000406
   -2.677145    0.000411
   -2.661871    0.000416
   -2.646597    0.000421
   -2.631322    0.000427
   -2.616048    0.000432
   -2.600774    0.000438
   -2.585499    0.000443
   -2.570225    0.000449
   -2.554951    0.000455
   -2.539676    0.000461
   -2.524402    0.000467
   -2.509128    0.000473
   -2.493853    0.000479
   -2.478579    0.000485
   -2.463305    0.000492
   -2.448030    0.000499
   -2.432756    0.000506
   -2.417482    0.000512
   -2.402207    0.000520
   -2.386933    0.000527
   -2.371659    0.000534
   -2.356384    0.000542
   -2.341110    0.000549
   -2.325836    0.000557
   -2.310561    0.000565
   -2.295287    0.000574
   -2.280012    0.000582
   -2.264738    0.000591
   -2.249464    0.000599
   -2.234189    0.000608
   -2.218915    0.000618
   -2.203641    0.000627
   -2.188366    0.000637
   -2.173092    0.000646
   -2.157818    0.000657
   -2.142543    0.000667
   -2.127269    0.000677
   -2.111995    0.000688
   -2.096720    0.000699
   -2.081446    0.000711
   -2.066172    0.000722
   -2.050897    0.000734
   -2.035623    0.000746
   -2.020349    0.000759
   -2.005074    0.000772
   -1.989800    0.000785
   -1.974526    0.000798
   -1.959251    0.000812
   -1.943977    0.000826
   -1.928703    0.000841
   -1.913428    0.000856
   -1.898154    0.000871
   -1.882880    0.000887
   -1.867605    0.000903
   -1.852331    0.000920
   -1.837057    0.000937
   -1.821782    0.000955
   -1.806508    0.000973
   -1.791234    0.000991
   -1.775959    0.001011
   -1.760685    0.001030
   -1.745411    0.001051
   -1.730136    0.001072
   -1.714862    0.001093
   -1.699588    0.001115
   -1.684313    0.001138
   -1.669039    0.001162
   -1.653765    0.001186
   -1.638490    0.001211
   -1.623216    0.001237
   -1.607942    0.001264
   -1.592667    0.001292
   -1.577393    0.001320
   -1.562119    0.001350
   -1.546844    0.001380
   -1.531570    0.001412
   -1.516296    0.001445
   -1.501021    0.001479
   -1.485747    0.001514
   -1.470473    0.001550
   -1.455198    0.001588
   -1.439924    0.001627
   -1.424650    0.001667
   -1.409375    0.001709
   -1.394101    0.001753
   -1.378827    0.001798
   -1.363552    0.001845
   -1.348278    0.001894
   -1.333004    0.001945
   -1.317729    0.001998
   -1.302455    0.002053
   -1.287181    0.002111
   -1.271906    0.002171
   -1.256632    0.002233
   -1.241358    0.002299
   -1.226083    0.002367
   -1.210809    0.002439
   -1.195535    0.002513
   -1.180260    0.002591
   -1.164986    0.002673
   -1.149712    0.002759
   -1.134437    0.002849
   -1.119163    0.002943
   -1.103889    0.003043
   -1.088614    0.003147
   -1.073340    0.003257
   -1.058066    0.003372
   -1.042791    0.003494
   -1.027517    0.003623
   -1.012243    0.003759
   -0.996968    0.003903
   -0.981694    0.004055
   -0.966420    0.004216
   -0.951145    0.004387
   -0.935871    0.004569
   -0.920596    0.004762
   -0.905322    0.004968
   -0.890048    0.005187
   -0.874773    0.005422
   -0.859499    0.005672
   -0.844225    0.005941
   -0.828950    0.006229
   -0.813676    0.006538
   -0.798402    0.006871
   -0.783127    0.007231
   -0.767853    0.007619
   -0.752579    0.008040
   -0.737304    0.008496
   -0.722030    0.008993
   -0.706756    0.009535
   -0.691481    0.010127
   -0.676207    0.010776
   -0.660933    0.011490
   -0.645658    0.012278
   -0.630384    0.013150
   -0.615110    0.014119
   -0.599835    0.015199
   -0.584561    0.016408
   -0.569287    0.017769
   -0.554012    0.019308
   -0.538738    0.021056
   -0.523464    0.023055
   -0.508189    0.025355
   -0.492915    0.028019
   -0.477641    0.031131
   -0.462366    0.034798
   -0.447092    0.039160
   -0.431818    0.044407
   -0.416543    0.050801
   -0.401269    0.058707
   -0.385995    0.068651
   -0.370720    0.081418
   -0.355446    0.098214
   -0.340172    0.120995
   -0.324897    0.153106
   -0.309623    0.200737
   -0.294349    0.276591
   -0.279074    0.411071
   -0.263800    0.697811
   -0.248526    1.602059
   -0.233251    5.171856
   -0.217977    9.114351
   -0.202703   10.510077
   -0.187428   10.976911
   -0.172154    6.572189
   -0.156880    9.009242
   -0.141605    5.935043
   -0.126331    1.738912
   -0.111057    0.723479
   -0.095782    0.417452
   -0.080508    0.278149
   -0.065234    0.200869
   -0.049959    0.152804
   -0.034685    0.120583
   -0.019411    0.097803
   -0.004136    0.081044
    0.011138    0.068324
    0.026412    0.058423
    0.041687    0.050557
    0.056961    0.044197
    0.072235    0.038978
    0.087510    0.034641
    0.102784    0.030995
    0.118058    0.027900
    0.133333    0.025250
    0.148607    0.022963
    0.163881    0.020974
    0.179156    0.019235
    0.194430    0.017704
    0.209704    0.016350
    0.224979    0.015146
    0.240253    0.014071
    0.255527    0.013107
    0.270802    0.012239
    0.286076    0.011455
    0.301350    0.010744
    0.316625    0.010097
    0.331899    0.009508
    0.347173    0.008968
    0.362448    0.008473
    0.377722    0.008019
    0.392996    0.007600
    0.408271    0.007213
    0.423545    0.006855
    0.438820    0.006523
    0.454094    0.006214
    0.469368    0.005927
    0.484643    0.005660
    0.499917    0.005410
    0.515191    0.005176
    0.530466    0.004957
    0.545740    0.004752
    0.561014    0.004560
    0.576289    0.004378
    0.591563    0.004208
    0.606837    0.004047
    0.622112    0.003895
    0.637386    0.003752
    0.652660    0.003616
    0.667935    0.003488
    0.683209    0.003366
    0.698483    0.003251
    0.713758    0.003142
    0.729032    0.003037
    0.744306    0.002938
    0.759581    0.002844
    0.774855    0.002754
    0.790129    0.002669
    0.805404    0.002587
    0.820678    0.002509
    0.835952    0.002435
    0.851227    0.002364
    0.866501    0.002296
    0.881775    0.002230
    0.897050    0.002168
    0.912324    0.002108
    0.927598    0.002050
    0.942873    0.001995
    0.958147    0.001942
    0.973421    0.001892
    0.988696    0.001843
    1.003970    0.001796
    1.019244    0.001750
    1.034519    0.001707
    1.049793    0.001665
    1.065067    0.001625
    1.080342    0.001586
    1.095616    0.001548
    1.110890    0.001512
    1.126165    0.001477
    1.141439    0.001443
    1.156713    0.001410
    1.171988    0.001379
    1.187262    0.001348
    1.202536    0.001319
    1.217811    0.001290
    1.233085    0.001263
    1.248359    0.001236
    1.263634    0.001210
    1.278908    0.001185
    1.294182    0.001161
    1.309457    0.001137
    1.324731    0.001114
    1.340005    0.001092
    1.355280    0.001070
    1.370554    0.001050
    1.385828    0.001029
    1.401103    0.001010
    1.416377    0.000990
    1.431651    0.000972
    1.446926    0.000954
    1.462200    0.000936
    1.477474    0.000919
    1.492749    0.000902
    1.508023    0.000886
    1.523297    0.000870
    1.538572    0.000855
    1.553846    0.000840
    1.569120    0.000826
    1.584395    0.000811
    1.599669    0.000798
    1.614943    0.000784
    1.630218    0.000771
    1.645492    0.000758
    1.660766    0.000746
    1.676041    0.000733
    1.691315    0.000722
    1.706589    0.000710
    1.721864    0.000699
    1.737138    0.000688
    1.752412    0.000677
    1.767687    0.000666
