# energy [H], band-resolved DOS
   -5.854207    0.001577
   -5.838933    0.001616
   -5.823659    0.001656
   -5.808384    0.001697
   -5.793110    0.001741
   -5.777836    0.001785
   -5.762561    0.001832
   -5.747287    0.001880
   -5.732013    0.001931
   -5.716738    0.001983
   -5.701464    0.002038
   -5.686190    0.002094
   -5.670915    0.002154
   -5.655641    0.002216
   -5.640367    0.002280
   -5.625092    0.002347
   -5.609818    0.002418
   -5.594544    0.002491
   -5.579269    0.002568
   -5.563995    0.002649
   -5.548721    0.002734
   -5.533446    0.002822
   -5.518172    0.002915
   -5.502898    0.003013
   -5.487623    0.003116
   -5.472349    0.003224
   -5.457075    0.003337
   -5.441800    0.003457
   -5.426526    0.003583
   -5.411252    0.003717
   -5.395977    0.003858
   -5.380703    0.004007
   -5.365429    0.004165
   -5.350154    0.004333
   -5.334880    0.004511
   -5.319606    0.004700
   -5.304331    0.004901
   -5.289057    0.005116
   -5.273783    0.005345
   -5.258508    0.005589
   -5.243234    0.005851
   -5.227960    0.006132
   -5.212685    0.006433
   -5.197411    0.006757
   -5.182137    0.007106
   -5.166862    0.007483
   -5.151588    0.007891
   -5.136314    0.008333
   -5.121039    0.008814
   -5.105765    0.009337
   -5.090491    0.009908
   -5.075216    0.010533
   -5.059942    0.011219
   -5.044668    0.011974
   -5.029393    0.012809
   -5.014119    0.013733
   -4.998844    0.014762
   -4.983570    0.015910
   -4.968296    0.017198
   -4.953021    0.018649
   -4.937747    0.020291
   -4.922473    0.022160
   -4.907198    0.024300
   -4.891924    0.026766
   -4.876650    0.029627
   -4.861375    0.032971
   -4.846101    0.036916
   -4.830827    0.041613
   -4.815552    0.047267
   -4.800278    0.054156
   -4.785004    0.062668
   -4.769729    0.073355
   -4.754455    0.087025
   -4.739181    0.104902
   -4.723906    0.128905
   -4.708632    0.162183
   -4.693358    0.210201
   -4.678083    0.283122
   -4.662809    0.401608
   -4.647535    0.613057
   -4.632260    1.046479
   -4.616986    2.158706
   -4.601712    6.487504
   -4.586437   35.274645
   -4.571163   11.675685
   -4.555889    3.065355
   -4.540614    1.333223
   -4.525340    0.736845
   -4.510066    0.465668
   -4.494791    0.320410
   -4.479517    0.233765
   -4.464243    0.178005
   -4.448968    0.140035
   -4.433694    0.113025
   -4.418420    0.093133
   -4.403145    0.078062
   -4.387871    0.066372
   -4.372597    0.057123
   -4.357322    0.049680
   -4.342048    0.043602
   -4.326774    0.038575
   -4.311499    0.034369
   -4.296225    0.030815
   -4.280951    0.027785
   -4.265676    0.025181
   -4.250402    0.022926
   -4.235128    0.020961
   -4.219853    0.019239
   -4.204579    0.017720
   -4.189305    0.016374
   -4.174030    0.015176
   -4.158756    0.014105
   -4.143482    0.013143
   -4.128207    0.012276
   -4.112933    0.011493
   -4.097659    0.010782
   -4.082384    0.010135
   -4.067110    0.009544
   -4.051836    0.009004
   -4.036561    0.008508
   -4.021287    0.008052
   -4.006013    0.007632
   -3.990738    0.007244
   -3.975464    0.006885
   -3.960190    0.006552
   -3.944915    0.006242
   -3.929641    0.005954
   -3.914367    0.005685
   -3.899092    0.005434
   -3.883818    0.005200
   -3.868544    0.004980
   -3.853269    0.004774
   -3.837995    0.004580
   -3.822721    0.004398
   -3.807446    0.004227
   -3.792172    0.004065
   -3.776898    0.003913
   -3.761623    0.003769
   -3.746349    0.003633
   -3.731075    0.003504
   -3.715800    0.003381
   -3.700526    0.003265
   -3.685252    0.003155
   -3.669977    0.003051
   -3.654703    0.002951
   -3.639428    0.002856
   -3.624154    0.002766
   -3.608880    0.002680
   -3.593605    0.002598
   -3.578331    0.002520
   -3.563057    0.002445
   -3.547782    0.002373
   -3.532508    0.002305
   -3.517234    0.002239
   -3.501959    0.002177
   -3.486685    0.002116
   -3.471411    0.002059
   -3.456136    0.002003
   -3.440862    0.001950
   -3.425588    0.001899
   -3.410313    0.001850
   -3.395039    0.001803
   -3.379765    0.001757
   -3.364490    0.001713
   -3.349216    0.001671
   -3.333942    0.001631
   -3.318667    0.001591
   -3.303393    0.001554
   -3.288119    0.001517
   -3.272844    0.001482
   -3.257570    0.001448
   -3.242296    0.001415
   -3.227021    0.001384
   -3.211747    0.001353
   -3.196473    0.001323
   -3.181198    0.001295
   -3.165924    0.001267
   -3.150650    0.001240
   -3.135375    0.001214
   -3.120101    0.001189
   -3.104827    0.001164
   -3.089552    0.001141
   -3.074278    0.001118
   -3.059004    0.001096
   -3.043729    0.001074
   -3.028455    0.001053
   -3.013181    0.001033
   -2.997906    0.001013
   -2.982632    0.000994
   -2.967358    0.000975
   -2.952083    0.000957
   -2.936809    0.000939
   -2.921535    0.000922
   -2.906260    0.000905
   -2.890986    0.000889
   -2.875712    0.000873
   -2.860437    0.000858
   -2.845163    0.000843
   -2.829889    0.000828
   -2.814614    0.000814
   -2.799340    0.000800
   -2.784066    0.000786
   -2.768791    0.000773
   -2.753517    0.000760
   -2.738243    0.000748
   -2.722968    0.000736
   -2.707694    0.000724
   -2.692420    0.000712
   -2.677145    0.000701
   -2.661871    0.000690
   -2.646597    0.000679
   -2.631322    0.000668
   -2.616048    0.000658
   -2.600774    0.000648
   -2.585499    0.000638
   -2.570225    0.000628
   -2.554951    0.000619
   -2.539676    0.000610
   -2.524402    0.000601
   -2.509128    0.000592
   -2.493853    0.000583
   -2.478579    0.000575
   -2.463305    0.000566
   -2.448030    0.000558
   -2.432756    0.000550
   -2.417482    0.000543
   -2.402207    0.000535
   -2.386933    0.000528
   -2.371659    0.000520
   -2.356384    0.000513
   -2.341110    0.000506
   -2.325836    0.000500
   -2.310561    0.000493
   -2.295287    0.000486
   -2.280012    0.000480
   -2.264738    0.000474
   -2.249464    0.000467
   -2.234189    0.000461
   -2.218915    0.000455
   -2.203641    0.000450
   -2.188366    0.000444
   -2.173092    0.000438
   -2.157818    0.000433
   -2.142543    0.000427
   -2.127269    0.000422
   -2.111995    0.000417
   -2.096720    0.000412
   -2.081446    0.000407
   -2.066172    0.000402
   -2.050897    0.000397
   -2.035623    0.000392
   -2.020349    0.000388
   -2.005074    0.000383
   -1.989800    0.000379
   -1.974526    0.000374
   -1.959251    0.000370
   -1.943977    0.000365
   -1.928703    0.000361
   -1.913428    0.000357
   -1.898154    0.000353
   -1.882880    0.000349
   -1.867605    0.000345
   -1.852331    0.000341
   -1.837057    0.000338
   -1.821782    0.000334
   -1.806508    0.000330
   -1.791234    0.000327
   -1.775959    0.000323
   -1.760685    0.000320
   -1.745411    0.000316
   -1.730136    0.000313
   -1.714862    0.000309
   -1.699588    0.000306
   -1.684313    0.000303
   -1.669039    0.000300
   -1.653765    0.000297
   -1.638490    0.000294
   -1.623216    0.000291
   -1.607942    0.000288
   -1.592667    0.000285
   -1.577393    0.000282
   -1.562119    0.000279
   -1.546844    0.000276
   -1.531570    0.000273
   -1.516296    0.000271
   -1.501021    0.000268
   -1.485747    0.000265
   -1.470473    0.000263
   -1.455198    0.000260
   -1.439924    0.000258
   -1.424650    0.000255
   -1.409375    0.000253
   -1.394101    0.000250
   -1.378827    0.000248
   -1.363552    0.000246
   -1.348278    0.000243
   -1.333004    0.000241
   -1.317729    0.000239
   -1.302455    0.000237
   -1.287181    0.000234
   -1.271906    0.000232
   -1.256632    0.000230
   -1.241358    0.000228
   -1.226083    0.000226
   -1.210809    0.000224
   -1.195535    0.000222
   -1.180260    0.000220
   -1.164986    0.000218
   -1.149712    0.000216
   -1.134437    0.000214
   -1.119163    0.000212
   -1.103889    0.000210
   -1.088614    0.000208
   -1.073340    0.000207
   -1.058066    0.000205
   -1.042791    0.000203
   -1.027517    0.000201
   -1.012243    0.000200
   -0.996968    0.000198
   -0.981694    0.000196
   -0.966420    0.000195
   -0.951145    0.000193
   -0.935871    0.000191
   -0.920596    0.000190
   -0.905322    0.000188
   -0.890048    0.000187
   -0.874773    0.000185
   -0.859499    0.000184
   -0.844225    0.000182
   -0.828950    0.000181
   -0.813676    0.000179
   -0.798402    0.000178
   -0.783127    0.000176
   -0.767853    0.000175
   -0.752579    0.000174
   -0.737304    0.000172
   -0.722030    0.000171
   -0.706756    0.000169
   -0.691481    0.000168
   -0.676207    0.000167
   -0.660933    0.000165
   -0.645658    0.000164
   -0.630384    0.000163
   -0.615110    0.000162
   -0.599835    0.000160
   -0.584561    0.000159
   -0.569287    0.000158
   -0.554012    0.000157
   -0.538738    0.000156
   -0.523464    0.000154
   -0.508189    0.000153
   -0.492915    0.000152
   -0.477641    0.000151
   -0.462366    0.000150
   -0.447092    0.000149
   -0.431818    0.000148
   -0.416543    0.000147
   -0.401269    0.000146
   -0.385995    0.000145
   -0.370720    0.000143
   -0.355446    0.000142
   -0.340172    0.000141
   -0.324897    0.000140
   -0.309623    0.000139
   -0.294349    0.000138
   -0.279074    0.000137
   -0.263800    0.000136
   -0.248526    0.000136
   -0.233251    0.000135
   -0.217977    0.000134
   -0.202703    0.000133
   -0.187428    0.000132
   -0.172154    0.000131
   -0.156880    0.000130
   -0.141605    0.000129
   -0.126331    0.000128
   -0.111057    0.000127
   -0.095782    0.000126
   -0.080508    0.000126
   -0.065234    0.000125
   -0.049959    0.000124
   -0.034685    0.000123
   -0.019411    0.000122
   -0.004136    0.000121
    0.011138    0.000121
    0.026412    0.000120
    0.041687    0.000119
    0.056961    0.000118
    0.072235    0.000117
    0.087510    0.000117
    0.102784    0.000116
    0.118058    0.000115
    0.133333    0.000114
    0.148607    0.000114
    0.163881    0.000113
    0.179156    0.000112
    0.194430    0.000112
    0.209704    0.000111
    0.224979    0.000110
    0.240253    0.000109
    0.255527    0.000109
    0.270802    0.000108
    0.286076    0.000107
    0.301350    0.000107
    0.316625    0.000106
    0.331899    0.000105
    0.347173    0.000105
    0.362448    0.000104
    0.377722    0.000103
    0.392996    0.000103
    0.408271    0.000102
    0.423545    0.000102
    0.438820    0.000101
    0.454094    0.000100
    0.469368    0.000100
    0.484643    0.000099
    0.499917    0.000099
    0.515191    0.000098
    0.530466    0.000097
    0.545740    0.000097
    0.561014    0.000096
    0.576289    0.000096
    0.591563    0.000095
    0.606837    0.000095
    0.622112    0.000094
    0.637386    0.000093
    0.652660    0.000093
    0.667935    0.000092
    0.683209    0.000092
    0.698483    0.000091
    0.713758    0.000091
    0.729032    0.000090
    0.744306    0.000090
    0.759581    0.000089
    0.774855    0.000089
    0.790129    0.000088
    0.805404    0.000088
    0.820678    0.000087
    0.835952    0.000087
    0.851227    0.000086
    0.866501    0.000086
    0.881775    0.000085
    0.897050    0.000085
    0.912324    0.000084
    0.927598    0.000084
    0.942873    0.000083
    0.958147    0.000083
    0.973421    0.000082
    0.988696    0.000082
    1.003970    0.000082
    1.019244    0.000081
    1.034519    0.000081
    1.049793    0.000080
    1.065067    0.000080
    1.080342    0.000079
    1.095616    0.000079
    1.110890    0.000079
    1.126165    0.000078
    1.141439    0.000078
    1.156713    0.000077
    1.171988    0.000077
    1.187262    0.000076
    1.202536    0.000076
    1.217811    0.000076
    1.233085    0.000075
    1.248359    0.000075
    1.263634    0.000074
    1.278908    0.000074
    1.294182    0.000074
    1.309457    0.000073
    1.324731    0.000073
    1.340005    0.000073
    1.355280    0.000072
    1.370554    0.000072
    1.385828    0.000071
    1.401103    0.000071
    1.416377    0.000071
    1.431651    0.000070
    1.446926    0.000070
    1.462200    0.000070
    1.477474    0.000069
    1.492749    0.000069
    1.508023    0.000069
    1.523297    0.000068
    1.538572    0.000068
    1.553846    0.000068
    1.569120    0.000067
    1.584395    0.000067
    1.599669    0.000067
    1.614943    0.000066
    1.630218    0.000066
    1.645492    0.000066
    1.660766    0.000065
    1.676041    0.000065
    1.691315    0.000065
    1.706589    0.000064
    1.721864    0.000064
    1.737138    0.000064
    1.752412    0.000063
    1.767687    0.000063
