# energy [H], band-resolved DOS
   -5.854207    0.000082
   -5.838933    0.000083
   -5.823659    0.000083
   -5.808384    0.000084
   -5.793110    0.000084
   -5.777836    0.000085
   -5.762561    0.000085
   -5.747287    0.000085
   -5.732013    0.000086
   -5.716738    0.000086
   -5.701464    0.000087
   -5.686190    0.000087
   -5.670915    0.000088
   -5.655641    0.000088
   -5.640367    0.000089
   -5.625092    0.000089
   -5.609818    0.000090
   -5.594544    0.000090
   -5.579269    0.000091
   -5.563995    0.000092
   -5.548721    0.000092
   -5.533446    0.000093
   -5.518172    0.000093
   -5.502898    0.000094
   -5.487623    0.000094
   -5.472349    0.000095
   -5.457075    0.000095
   -5.441800    0.000096
   -5.426526    0.000096
   -5.411252    0.000097
   -5.395977    0.000098
   -5.380703    0.000098
   -5.365429    0.000099
   -5.350154    0.000099
   -5.334880    0.000100
   -5.319606    0.000101
   -5.304331    0.000101
   -5.289057    0.000102
   -5.273783    0.000102
   -5.258508    0.000103
   -5.243234    0.000104
   -5.227960    0.000104
   -5.212685    0.000105
   -5.197411    0.000106
   -5.182137    0.000106
   -5.166862    0.000107
   -5.151588    0.000108
   -5.136314    0.000108
   -5.121039    0.000109
   -5.105765    0.000110
   -5.090491    0.000110
   -5.075216    0.000111
   -5.059942    0.000112
   -5.044668    0.000113
   -5.029393    0.000113
   -5.014119    0.000114
   -4.998844    0.000115
   -4.983570    0.000116
   -4.968296    0.000116
   -4.953021    0.000117
   -4.937747    0.000118
   -4.922473    0.000119
   -4.907198    0.000119
   -4.891924    0.000120
   -4.876650    0.000121
   -4.861375    0.000122
   -4.846101    0.000123
   -4.830827    0.000123
   -4.815552    0.000124
   -4.800278    0.000125
   -4.785004    0.000126
   -4.769729    0.000127
   -4.754455    0.000128
   -4.739181    0.000129
   -4.723906    0.000129
   -4.708632    0.000130
   -4.693358    0.000131
   -4.678083    0.000132
   -4.662809    0.000133
   -4.647535    0.000134
   -4.632260    0.000135
   -4.616986    0.000136
   -4.601712    0.000137
   -4.586437    0.000138
   -4.571163    0.000139
   -4.555889    0.000140
   -4.540614    0.000141
   -4.525340    0.000142
   -4.510066    0.000143
   -4.494791    0.000144
   -4.479517    0.000145
   -4.464243    0.000146
   -4.448968    0.000147
   -4.433694    0.000148
   -4.418420    0.000149
   -4.403145    0.000150
   -4.387871    0.000152
   -4.372597    0.000153
   -4.357322    0.000154
   -4.342048    0.000155
   -4.326774    0.000156
   -4.311499    0.000157
   -4.296225    0.000159
   -4.280951    0.000160
   -4.265676    0.000161
   -4.250402    0.000162
   -4.235128    0.000164
   -4.219853    0.000165
   -4.204579    0.000166
   -4.189305    0.000167
   -4.174030    0.000169
   -4.158756    0.000170
   -4.143482    0.000171
   -4.128207    0.000173
   -4.112933    0.000174
   -4.097659    0.000176
   -4.082384    0.000177
   -4.067110    0.000178
   -4.051836    0.000180
   -4.036561    0.000181
   -4.021287    0.000183
   -4.006013    0.000184
   -3.990738    0.000186
   -3.975464    0.000187
   -3.960190    0.000189
   -3.944915    0.000191
   -3.929641    0.000192
   -3.914367    0.000194
   -3.899092    0.000195
   -3.883818    0.000197
   -3.868544    0.000199
   -3.853269    0.000200
   -3.837995    0.000202
   -3.822721    0.000204
   -3.807446    0.000206
   -3.792172    0.000208
   -3.776898    0.000209
   -3.761623    0.000211
   -3.746349    0.000213
   -3.731075    0.000215
   -3.715800    0.000217
   -3.700526    0.000219
   -3.685252    0.000221
   -3.669977    0.000223
   -3.654703    0.000225
   -3.639428    0.000227
   -3.624154    0.000229
   -3.608880    0.000231
   -3.593605    0.000233
   -3.578331    0.000235
   -3.563057    0.000238
   -3.547782    0.000240
   -3.532508    0.000242
   -3.517234    0.000244
   -3.501959    0.000247
   -3.486685    0.000249
   -3.471411    0.000251
   -3.456136    0.000254
   -3.440862    0.000256
   -3.425588    0.000259
   -3.410313    0.000261
   -3.395039    0.000264
   -3.379765    0.000267
   -3.364490    0.000269
   -3.349216    0.000272
   -3.333942    0.000275
   -3.318667    0.000277
   -3.303393    0.000280
   -3.288119    0.000283
   -3.272844    0.000286
   -3.257570    0.000289
   -3.242296    0.000292
   -3.227021    0.000295
   -3.211747    0.000298
   -3.196473    0.000301
   -3.181198    0.000304
   -3.165924    0.000308
   -3.150650    0.000311
   -3.135375    0.000314
   -3.120101    0.000318
   -3.104827    0.000321
   -3.089552    0.000325
   -3.074278    0.000328
   -3.059004    0.000332
   -3.043729    0.000336
   -3.028455    0.000339
   -3.013181    0.000343
   -2.997906    0.000347
   -2.982632    0.000351
   -2.967358    0.000355
   -2.952083    0.000359
   -2.936809    0.000363
   -2.921535    0.000368
   -2.906260    0.000372
   -2.890986    0.000376
   -2.875712    0.000381
   -2.860437    0.000385
   -2.845163    0.000390
   -2.829889    0.000395
   -2.814614    0.000399
   -2.799340    0.000404
   -2.784066    0.000409
   -2.768791    0.000414
   -2.753517    0.000419
   -2.738243    0.000425
   -2.722968    0.000430
   -2.707694    0.000435
   -2.692420    0.000441
   -2.677145    0.000447
   -2.661871    0.000452
   -2.646597    0.000458
   -2.631322    0.000464
   -2.616048    0.000470
   -2.600774    0.000477
   -2.585499    0.000483
   -2.570225    0.000489
   -2.554951    0.000496
   -2.539676    0.000503
   -2.524402    0.000510
   -2.509128    0.000517
   -2.493853    0.000524
   -2.478579    0.000531
   -2.463305    0.000539
   -2.448030    0.000546
   -2.432756    0.000554
   -2.417482    0.000562
   -2.402207    0.000570
   -2.386933    0.000579
   -2.371659    0.000587
   -2.356384    0.000596
   -2.341110    0.000605
   -2.325836    0.000614
   -2.310561    0.000623
   -2.295287    0.000633
   -2.280012    0.000643
   -2.264738    0.000653
   -2.249464    0.000663
   -2.234189    0.000673
   -2.218915    0.000684
   -2.203641    0.000695
   -2.188366    0.000706
   -2.173092    0.000718
   -2.157818    0.000729
   -2.142543    0.000742
   -2.127269    0.000754
   -2.111995    0.000767
   -2.096720    0.000780
   -2.081446    0.000793
   -2.066172    0.000807
   -2.050897    0.000821
   -2.035623    0.000835
   -2.020349    0.000850
   -2.005074    0.000865
   -1.989800    0.000881
   -1.974526    0.000897
   -1.959251    0.000913
   -1.943977    0.000930
   -1.928703    0.000948
   -1.913428    0.000966
   -1.898154    0.000984
   -1.882880    0.001003
   -1.867605    0.001022
   -1.852331    0.001043
   -1.837057    0.001063
   -1.821782    0.001085
   -1.806508    0.001107
   -1.791234    0.001129
   -1.775959    0.001152
   -1.760685    0.001177
   -1.745411    0.001201
   -1.730136    0.001227
   -1.714862    0.001253
   -1.699588    0.001281
   -1.684313    0.001309
   -1.669039    0.001338
   -1.653765    0.001368
   -1.638490    0.001399
   -1.623216    0.001432
   -1.607942    0.001465
   -1.592667    0.001500
   -1.577393    0.001535
   -1.562119    0.001573
   -1.546844    0.001611
   -1.531570    0.001651
   -1.516296    0.001692
   -1.501021    0.001735
   -1.485747    0.001780
   -1.470473    0.001826
   -1.455198    0.001874
   -1.439924    0.001925
   -1.424650    0.001977
   -1.409375    0.002031
   -1.394101    0.002088
   -1.378827    0.002147
   -1.363552    0.002208
   -1.348278    0.002273
   -1.333004    0.002340
   -1.317729    0.002410
   -1.302455    0.002483
   -1.287181    0.002560
   -1.271906    0.002640
   -1.256632    0.002724
   -1.241358    0.002812
   -1.226083    0.002905
   -1.210809    0.003002
   -1.195535    0.003104
   -1.180260    0.003212
   -1.164986    0.003325
   -1.149712    0.003444
   -1.134437    0.003570
   -1.119163    0.003703
   -1.103889    0.003843
   -1.088614    0.003992
   -1.073340    0.004149
   -1.058066    0.004316
   -1.042791    0.004493
   -1.027517    0.004682
   -1.012243    0.004882
   -0.996968    0.005096
   -0.981694    0.005324
   -0.966420    0.005567
   -0.951145    0.005828
   -0.935871    0.006107
   -0.920596    0.006407
   -0.905322    0.006730
   -0.890048    0.007078
   -0.874773    0.007454
   -0.859499    0.007860
   -0.844225    0.008300
   -0.828950    0.008779
   -0.813676    0.009300
   -0.798402    0.009870
   -0.783127    0.010493
   -0.767853    0.011177
   -0.752579    0.011931
   -0.737304    0.012764
   -0.722030    0.013687
   -0.706756    0.014715
   -0.691481    0.015863
   -0.676207    0.017152
   -0.660933    0.018605
   -0.645658    0.020251
   -0.630384    0.022126
   -0.615110    0.024276
   -0.599835    0.026757
   -0.584561    0.029641
   -0.569287    0.033020
   -0.554012    0.037016
   -0.538738    0.041788
   -0.523464    0.047556
   -0.508189    0.054618
   -0.492915    0.063396
   -0.477641    0.074504
   -0.462366    0.088858
   -0.447092    0.107881
   -0.431818    0.133890
   -0.416543    0.170880
   -0.401269    0.226278
   -0.385995    0.315369
   -0.370720    0.474578
   -0.355446    0.813484
   -0.340172    1.835358
   -0.324897    6.919947
   -0.309623   10.780330
   -0.294349   13.632005
   -0.279074   13.455209
   -0.263800    5.363086
   -0.248526    3.877183
   -0.233251    3.460444
   -0.217977    0.990401
   -0.202703    0.488578
   -0.187428    0.308921
   -0.172154    0.217930
   -0.156880    0.163654
   -0.141605    0.128079
   -0.126331    0.103274
   -0.111057    0.085192
   -0.095782    0.071561
   -0.080508    0.061007
   -0.065234    0.052657
   -0.049959    0.045930
   -0.034685    0.040426
   -0.019411    0.035864
   -0.004136    0.032039
    0.011138    0.028798
    0.026412    0.026029
    0.041687    0.023642
    0.056961    0.021571
    0.072235    0.019762
    0.087510    0.018172
    0.102784    0.016767
    0.118058    0.015520
    0.133333    0.014407
    0.148607    0.013411
    0.163881    0.012514
    0.179156    0.011705
    0.194430    0.010971
    0.209704    0.010305
    0.224979    0.009698
    0.240253    0.009143
    0.255527    0.008635
    0.270802    0.008167
    0.286076    0.007737
    0.301350    0.007340
    0.316625    0.006973
    0.331899    0.006633
    0.347173    0.006317
    0.362448    0.006023
    0.377722    0.005749
    0.392996    0.005494
    0.408271    0.005255
    0.423545    0.005031
    0.438820    0.004822
    0.454094    0.004625
    0.469368    0.004440
    0.484643    0.004266
    0.499917    0.004102
    0.515191    0.003947
    0.530466    0.003801
    0.545740    0.003663
    0.561014    0.003532
    0.576289    0.003408
    0.591563    0.003291
    0.606837    0.003179
    0.622112    0.003073
    0.637386    0.002973
    0.652660    0.002877
    0.667935    0.002786
    0.683209    0.002699
    0.698483    0.002616
    0.713758    0.002536
    0.729032    0.002461
    0.744306    0.002388
    0.759581    0.002319
    0.774855    0.002253
    0.790129    0.002190
    0.805404    0.002129
    0.820678    0.002071
    0.835952    0.002015
    0.851227    0.001961
    0.866501    0.001909
    0.881775    0.001860
    0.897050    0.001812
    0.912324    0.001766
    0.927598    0.001722
    0.942873    0.001680
    0.958147    0.001639
    0.973421    0.001599
    0.988696    0.001561
    1.003970    0.001525
    1.019244    0.001489
    1.034519    0.001455
    1.049793    0.001422
    1.065067    0.001390
    1.080342    0.001359
    1.095616    0.001329
    1.110890    0.001300
    1.126165    0.001273
    1.141439    0.001245
    1.156713    0.001219
    1.171988    0.001194
    1.187262    0.001169
    1.202536    0.001145
    1.217811    0.001122
    1.233085    0.001100
    1.248359    0.001078
    1.263634    0.001057
    1.278908    0.001037
    1.294182    0.001017
    1.309457    0.000997
    1.324731    0.000978
    1.340005    0.000960
    1.355280    0.000942
    1.370554    0.000925
    1.385828    0.000908
    1.401103    0.000892
    1.416377    0.000876
    1.431651    0.000861
    1.446926    0.000845
    1.462200    0.000831
    1.477474    0.000816
    1.492749    0.000803
    1.508023    0.000789
    1.523297    0.000776
    1.538572    0.000763
    1.553846    0.000750
    1.569120    0.000738
    1.584395    0.000726
    1.599669    0.000714
    1.614943    0.000703
    1.630218    0.000692
    1.645492    0.000681
    1.660766    0.000670
    1.676041    0.000660
    1.691315    0.000650
    1.706589    0.000640
    1.721864    0.000630
    1.737138    0.000621
    1.752412    0.000611
    1.767687    0.000602
