# energy [H], band-resolved DOS
   -5.854207    0.000099
   -5.838933    0.000100
   -5.823659    0.000100
   -5.808384    0.000101
   -5.793110    0.000102
   -5.777836    0.000102
   -5.762561    0.000103
   -5.747287    0.000103
   -5.732013    0.000104
   -5.716738    0.000105
   -5.701464    0.000105
   -5.686190    0.000106
   -5.670915    0.000107
   -5.655641    0.000107
   -5.640367    0.000108
   -5.625092    0.000109
   -5.609818    0.000109
   -5.594544    0.000110
   -5.579269    0.000111
   -5.563995    0.000112
   -5.548721    0.000112
   -5.533446    0.000113
   -5.518172    0.000114
   -5.502898    0.000114
   -5.487623    0.000115
   -5.472349    0.000116
   -5.457075    0.000117
   -5.441800    0.000118
   -5.426526    0.000118
   -5.411252    0.000119
   -5.395977    0.000120
   -5.380703    0.000121
   -5.365429    0.000121
   -5.350154    0.000122
   -5.334880    0.000123
   -5.319606    0.000124
   -5.304331    0.000125
   -5.289057    0.000126
   -5.273783    0.000126
   -5.258508    0.000127
   -5.243234    0.000128
   -5.227960    0.000129
   -5.212685    0.000130
   -5.197411    0.000131
   -5.182137    0.000132
   -5.166862    0.000133
   -5.151588    0.000134
   -5.136314    0.000135
   -5.121039    0.000136
   -5.105765    0.000137
   -5.090491    0.000137
   -5.075216    0.000138
   -5.059942    0.000139
   -5.044668    0.000140
   -5.029393    0.000141
   -5.014119    0.000143
   -4.998844    0.000144
   -4.983570    0.000145
   -4.968296    0.000146
   -4.953021    0.000147
   -4.937747    0.000148
   -4.922473    0.000149
   -4.907198    0.000150
   -4.891924    0.000151
   -4.876650    0.000152
   -4.861375    0.000153
   -4.846101    0.000155
   -4.830827    0.000156
   -4.815552    0.000157
   -4.800278    0.000158
   -4.785004    0.000159
   -4.769729    0.000161
   -4.754455    0.000162
   -4.739181    0.000163
   -4.723906    0.000164
   -4.708632    0.000166
   -4.693358    0.000167
   -4.678083    0.000168
   -4.662809    0.000170
   -4.647535    0.000171
   -4.632260    0.000172
   -4.616986    0.000174
   -4.601712    0.000175
   -4.586437    0.000176
   -4.571163    0.000178
   -4.555889    0.000179
   -4.540614    0.000181
   -4.525340    0.000182
   -4.510066    0.000184
   -4.494791    0.000185
   -4.479517    0.000187
   -4.464243    0.000188
   -4.448968    0.000190
   -4.433694    0.000191
   -4.418420    0.000193
   -4.403145    0.000195
   -4.387871    0.000196
   -4.372597    0.000198
   -4.357322    0.000200
   -4.342048    0.000201
   -4.326774    0.000203
   -4.311499    0.000205
   -4.296225    0.000207
   -4.280951    0.000209
   -4.265676    0.000210
   -4.250402    0.000212
   -4.235128    0.000214
   -4.219853    0.000216
   -4.204579    0.000218
   -4.189305    0.000220
   -4.174030    0.000222
   -4.158756    0.000224
   -4.143482    0.000226
   -4.128207    0.000228
   -4.112933    0.000230
   -4.097659    0.000232
   -4.082384    0.000234
   -4.067110    0.000237
   -4.051836    0.000239
   -4.036561    0.000241
   -4.021287    0.000243
   -4.006013    0.000246
   -3.990738    0.000248
   -3.975464    0.000250
   -3.960190    0.000253
   -3.944915    0.000255
   -3.929641    0.000258
   -3.914367    0.000260
   -3.899092    0.000263
   -3.883818    0.000266
   -3.868544    0.000268
   -3.853269    0.000271
   -3.837995    0.000274
   -3.822721    0.000276
   -3.807446    0.000279
   -3.792172    0.000282
   -3.776898    0.000285
   -3.761623    0.000288
   -3.746349    0.000291
   -3.731075    0.000294
   -3.715800    0.000297
   -3.700526    0.000300
   -3.685252    0.000303
   -3.669977    0.000306
   -3.654703    0.000310
   -3.639428    0.000313
   -3.624154    0.000316
   -3.608880    0.000320
   -3.593605    0.000323
   -3.578331    0.000327
   -3.563057    0.000330
   -3.547782    0.000334
   -3.532508    0.000338
   -3.517234    0.000342
   -3.501959    0.000345
   -3.486685    0.000349
   -3.471411    0.000353
   -3.456136    0.000357
   -3.440862    0.000362
   -3.425588    0.000366
   -3.410313    0.000370
   -3.395039    0.000374
   -3.379765    0.000379
   -3.364490    0.000383
   -3.349216    0.000388
   -3.333942    0.000393
   -3.318667    0.000397
   -3.303393    0.000402
   -3.288119    0.000407
   -3.272844    0.000412
   -3.257570    0.000417
   -3.242296    0.000422
   -3.227021    0.000428
   -3.211747    0.000433
   -3.196473    0.000439
   -3.181198    0.000444
   -3.165924    0.000450
   -3.150650    0.000456
   -3.135375    0.000462
   -3.120101    0.000468
   -3.104827    0.000474
   -3.089552    0.000480
   -3.074278    0.000487
   -3.059004    0.000493
   -3.043729    0.000500
   -3.028455    0.000507
   -3.013181    0.000514
   -2.997906    0.000521
   -2.982632    0.000528
   -2.967358    0.000536
   -2.952083    0.000543
   -2.936809    0.000551
   -2.921535    0.000559
   -2.906260    0.000567
   -2.890986    0.000575
   -2.875712    0.000584
   -2.860437    0.000592
   -2.845163    0.000601
   -2.829889    0.000610
   -2.814614    0.000619
   -2.799340    0.000629
   -2.784066    0.000638
   -2.768791    0.000648
   -2.753517    0.000658
   -2.738243    0.000669
   -2.722968    0.000679
   -2.707694    0.000690
   -2.692420    0.000701
   -2.677145    0.000713
   -2.661871    0.000724
   -2.646597    0.000736
   -2.631322    0.000749
   -2.616048    0.000761
   -2.600774    0.000774
   -2.585499    0.000787
   -2.570225    0.000801
   -2.554951    0.000815
   -2.539676    0.000829
   -2.524402    0.000844
   -2.509128    0.000859
   -2.493853    0.000874
   -2.478579    0.000890
   -2.463305    0.000906
   -2.448030    0.000923
   -2.432756    0.000940
   -2.417482    0.000958
   -2.402207    0.000976
   -2.386933    0.000995
   -2.371659    0.001014
   -2.356384    0.001034
   -2.341110    0.001054
   -2.325836    0.001075
   -2.310561    0.001097
   -2.295287    0.001119
   -2.280012    0.001142
   -2.264738    0.001166
   -2.249464    0.001190
   -2.234189    0.001216
   -2.218915    0.001242
   -2.203641    0.001269
   -2.188366    0.001297
   -2.173092    0.001325
   -2.157818    0.001355
   -2.142543    0.001386
   -2.127269    0.001417
   -2.111995    0.001450
   -2.096720    0.001484
   -2.081446    0.001520
   -2.066172    0.001556
   -2.050897    0.001594
   -2.035623    0.001633
   -2.020349    0.001674
   -2.005074    0.001716
   -1.989800    0.001760
   -1.974526    0.001805
   -1.959251    0.001853
   -1.943977    0.001902
   -1.928703    0.001953
   -1.913428    0.002007
   -1.898154    0.002062
   -1.882880    0.002120
   -1.867605    0.002180
   -1.852331    0.002243
   -1.837057    0.002309
   -1.821782    0.002378
   -1.806508    0.002449
   -1.791234    0.002525
   -1.775959    0.002603
   -1.760685    0.002685
   -1.745411    0.002772
   -1.730136    0.002862
   -1.714862    0.002957
   -1.699588    0.003057
   -1.684313    0.003162
   -1.669039    0.003272
   -1.653765    0.003389
   -1.638490    0.003511
   -1.623216    0.003641
   -1.607942    0.003778
   -1.592667    0.003922
   -1.577393    0.004075
   -1.562119    0.004237
   -1.546844    0.004409
   -1.531570    0.004592
   -1.516296    0.004786
   -1.501021    0.004993
   -1.485747    0.005214
   -1.470473    0.005450
   -1.455198    0.005701
   -1.439924    0.005971
   -1.424650    0.006261
   -1.409375    0.006572
   -1.394101    0.006906
   -1.378827    0.007268
   -1.363552    0.007658
   -1.348278    0.008080
   -1.333004    0.008538
   -1.317729    0.009037
   -1.302455    0.009580
   -1.287181    0.010174
   -1.271906    0.010825
   -1.256632    0.011540
   -1.241358    0.012329
   -1.226083    0.013201
   -1.210809    0.014169
   -1.195535    0.015248
   -1.180260    0.016455
   -1.164986    0.017811
   -1.149712    0.019342
   -1.134437    0.021079
   -1.119163    0.023061
   -1.103889    0.025336
   -1.088614    0.027966
   -1.073340    0.031027
   -1.058066    0.034619
   -1.042791    0.038873
   -1.027517    0.043962
   -1.012243    0.050120
   -0.996968    0.057667
   -0.981694    0.067057
   -0.966420    0.078941
   -0.951145    0.094287
   -0.935871    0.114582
   -0.920596    0.142205
   -0.905322    0.181156
   -0.890048    0.238587
   -0.874773    0.328318
   -0.859499    0.479940
   -0.844225    0.766484
   -0.828950    1.410211
   -0.813676    3.363582
   -0.798402   13.964571
   -0.783127   30.716308
   -0.767853    6.304275
   -0.752579    2.093709
   -0.737304    1.019383
   -0.722030    0.599611
   -0.706756    0.394044
   -0.691481    0.278468
   -0.676207    0.207142
   -0.660933    0.160067
   -0.645658    0.127383
   -0.630384    0.103771
   -0.615110    0.086162
   -0.599835    0.072681
   -0.584561    0.062132
   -0.569287    0.053723
   -0.554012    0.046912
   -0.538738    0.041319
   -0.523464    0.036669
   -0.508189    0.032762
   -0.492915    0.029448
   -0.477641    0.026612
   -0.462366    0.024167
   -0.447092    0.022044
   -0.431818    0.020189
   -0.416543    0.018558
   -0.401269    0.017118
   -0.385995    0.015839
   -0.370720    0.014698
   -0.355446    0.013676
   -0.340172    0.012757
   -0.324897    0.011927
   -0.309623    0.011176
   -0.294349    0.010494
   -0.279074    0.009872
   -0.263800    0.009304
   -0.248526    0.008784
   -0.233251    0.008306
   -0.217977    0.007866
   -0.202703    0.007460
   -0.187428    0.007085
   -0.172154    0.006737
   -0.156880    0.006415
   -0.141605    0.006115
   -0.126331    0.005835
   -0.111057    0.005574
   -0.095782    0.005331
   -0.080508    0.005103
   -0.065234    0.004889
   -0.049959    0.004688
   -0.034685    0.004500
   -0.019411    0.004323
   -0.004136    0.004156
    0.011138    0.003998
    0.026412    0.003849
    0.041687    0.003709
    0.056961    0.003576
    0.072235    0.003450
    0.087510    0.003330
    0.102784    0.003217
    0.118058    0.003109
    0.133333    0.003007
    0.148607    0.002909
    0.163881    0.002817
    0.179156    0.002728
    0.194430    0.002644
    0.209704    0.002564
    0.224979    0.002487
    0.240253    0.002413
    0.255527    0.002343
    0.270802    0.002276
    0.286076    0.002212
    0.301350    0.002150
    0.316625    0.002091
    0.331899    0.002034
    0.347173    0.001980
    0.362448    0.001928
    0.377722    0.001877
    0.392996    0.001829
    0.408271    0.001783
    0.423545    0.001738
    0.438820    0.001695
    0.454094    0.001653
    0.469368    0.001613
    0.484643    0.001575
    0.499917    0.001538
    0.515191    0.001502
    0.530466    0.001467
    0.545740    0.001434
    0.561014    0.001402
    0.576289    0.001370
    0.591563    0.001340
    0.606837    0.001311
    0.622112    0.001283
    0.637386    0.001255
    0.652660    0.001229
    0.667935    0.001203
    0.683209    0.001178
    0.698483    0.001154
    0.713758    0.001131
    0.729032    0.001108
    0.744306    0.001086
    0.759581    0.001065
    0.774855    0.001044
    0.790129    0.001024
    0.805404    0.001004
    0.820678    0.000985
    0.835952    0.000967
    0.851227    0.000949
    0.866501    0.000931
    0.881775    0.000914
    0.897050    0.000898
    0.912324    0.000882
    0.927598    0.000866
    0.942873    0.000851
    0.958147    0.000836
    0.973421    0.000822
    0.988696    0.000808
    1.003970    0.000794
    1.019244    0.000781
    1.034519    0.000768
    1.049793    0.000755
    1.065067    0.000742
    1.080342    0.000730
    1.095616    0.000719
    1.110890    0.000707
    1.126165    0.000696
    1.141439    0.000685
    1.156713    0.000674
    1.171988    0.000664
    1.187262    0.000653
    1.202536    0.000643
    1.217811    0.000634
    1.233085    0.000624
    1.248359    0.000615
    1.263634    0.000606
    1.278908    0.000597
    1.294182    0.000588
    1.309457    0.000579
    1.324731    0.000571
    1.340005    0.000563
    1.355280    0.000555
    1.370554    0.000547
    1.385828    0.000539
    1.401103    0.000532
    1.416377    0.000525
    1.431651    0.000517
    1.446926    0.000510
    1.462200    0.000503
    1.477474    0.000497
    1.492749    0.000490
    1.508023    0.000483
    1.523297    0.000477
    1.538572    0.000471
    1.553846    0.000465
    1.569120    0.000459
    1.584395    0.000453
    1.599669    0.000447
    1.614943    0.000441
    1.630218    0.000436
    1.645492    0.000430
    1.660766    0.000425
    1.676041    0.000420
    1.691315    0.000415
    1.706589    0.000410
    1.721864    0.000405
    1.737138    0.000400
    1.752412    0.000395
    1.767687    0.000390
