# energy [H], band-resolved DOS
   -5.854207    0.000064
   -5.838933    0.000064
   -5.823659    0.000065
   -5.808384    0.000065
   -5.793110    0.000065
   -5.777836    0.000065
   -5.762561    0.000066
   -5.747287    0.000066
   -5.732013    0.000066
   -5.716738    0.000067
   -5.701464    0.000067
   -5.686190    0.000067
   -5.670915    0.000068
   -5.655641    0.000068
   -5.640367    0.000068
   -5.625092    0.000069
   -5.609818    0.000069
   -5.594544    0.000070
   -5.579269    0.000070
   -5.563995    0.000070
   -5.548721    0.000071
   -5.533446    0.000071
   -5.518172    0.000071
   -5.502898    0.000072
   -5.487623    0.000072
   -5.472349    0.000072
   -5.457075    0.000073
   -5.441800    0.000073
   -5.426526    0.000074
   -5.411252    0.000074
   -5.395977    0.000074
   -5.380703    0.000075
   -5.365429    0.000075
   -5.350154    0.000075
   -5.334880    0.000076
   -5.319606    0.000076
   -5.304331    0.000077
   -5.289057    0.000077
   -5.273783    0.000078
   -5.258508    0.000078
   -5.243234    0.000078
   -5.227960    0.000079
   -5.212685    0.000079
   -5.197411    0.000080
   -5.182137    0.000080
   -5.166862    0.000080
   -5.151588    0.000081
   -5.136314    0.000081
   -5.121039    0.000082
   -5.105765    0.000082
   -5.090491    0.000083
   -5.075216    0.000083
   -5.059942    0.000084
   -5.044668    0.000084
   -5.029393    0.000085
   -5.014119    0.000085
   -4.998844    0.000086
   -4.983570    0.000086
   -4.968296    0.000086
   -4.953021    0.000087
   -4.937747    0.000087
   -4.922473    0.000088
   -4.907198    0.000088
   -4.891924    0.000089
   -4.876650    0.000089
   -4.861375    0.000090
   -4.846101    0.000091
   -4.830827    0.000091
   -4.815552    0.000092
   -4.800278    0.000092
   -4.785004    0.000093
   -4.769729    0.000093
   -4.754455    0.000094
   -4.739181    0.000094
   -4.723906    0.000095
   -4.708632    0.000095
   -4.693358    0.000096
   -4.678083    0.000097
   -4.662809    0.000097
   -4.647535    0.000098
   -4.632260    0.000098
   -4.616986    0.000099
   -4.601712    0.000099
   -4.586437    0.000100
   -4.571163    0.000101
   -4.555889    0.000101
   -4.540614    0.000102
   -4.525340    0.000103
   -4.510066    0.000103
   -4.494791    0.000104
   -4.479517    0.000104
   -4.464243    0.000105
   -4.448968    0.000106
   -4.433694    0.000106
   -4.418420    0.000107
   -4.403145    0.000108
   -4.387871    0.000108
   -4.372597    0.000109
   -4.357322    0.000110
   -4.342048    0.000111
   -4.326774    0.000111
   -4.311499    0.000112
   -4.296225    0.000113
   -4.280951    0.000113
   -4.265676    0.000114
   -4.250402    0.000115
   -4.235128    0.000116
   -4.219853    0.000116
   -4.204579    0.000117
   -4.189305    0.000118
   -4.174030    0.000119
   -4.158756    0.000119
   -4.143482    0.000120
   -4.128207    0.000121
   -4.112933    0.000122
   -4.097659    0.000123
   -4.082384    0.000124
   -4.067110    0.000124
   -4.051836    0.000125
   -4.036561    0.000126
   -4.021287    0.000127
   -4.006013    0.000128
   -3.990738    0.000129
   -3.975464    0.000130
   -3.960190    0.000130
   -3.944915    0.000131
   -3.929641    0.000132
   -3.914367    0.000133
   -3.899092    0.000134
   -3.883818    0.000135
   -3.868544    0.000136
   -3.853269    0.000137
   -3.837995    0.000138
   -3.822721    0.000139
   -3.807446    0.000140
   -3.792172    0.000141
   -3.776898    0.000142
   -3.761623    0.000143
   -3.746349    0.000144
   -3.731075    0.000145
   -3.715800    0.000146
   -3.700526    0.000147
   -3.685252    0.000148
   -3.669977    0.000149
   -3.654703    0.000151
   -3.639428    0.000152
   -3.624154    0.000153
   -3.608880    0.000154
   -3.593605    0.000155
   -3.578331    0.000156
   -3.563057    0.000157
   -3.547782    0.000159
   -3.532508    0.000160
   -3.517234    0.000161
   -3.501959    0.000162
   -3.486685    0.000164
   -3.471411    0.000165
   -3.456136    0.000166
   -3.440862    0.000167
   -3.425588    0.000169
   -3.410313    0.000170
   -3.395039    0.000171
   -3.379765    0.000173
   -3.364490    0.000174
   -3.349216    0.000176
   -3.333942    0.000177
   -3.318667    0.000179
   -3.303393    0.000180
   -3.288119    0.000181
   -3.272844    0.000183
   -3.257570    0.000184
   -3.242296    0.000186
   -3.227021    0.000187
   -3.211747    0.000189
   -3.196473    0.000191
   -3.181198    0.000192
   -3.165924    0.000194
   -3.150650    0.000196
   -3.135375    0.000197
   -3.120101    0.000199
   -3.104827    0.000201
   -3.089552    0.000202
   -3.074278    0.000204
   -3.059004    0.000206
   -3.043729    0.000208
   -3.028455    0.000209
   -3.013181    0.000211
   -2.997906    0.000213
   -2.982632    0.000215
   -2.967358    0.000217
   -2.952083    0.000219
   -2.936809    0.000221
   -2.921535    0.000223
   -2.906260    0.000225
   -2.890986    0.000227
   -2.875712    0.000229
   -2.860437    0.000231
   -2.845163    0.000233
   -2.829889    0.000236
   -2.814614    0.000238
   -2.799340    0.000240
   -2.784066    0.000242
   -2.768791    0.000245
   -2.753517    0.000247
   -2.738243    0.000249
   -2.722968    0.000252
   -2.707694    0.000254
   -2.692420    0.000257
   -2.677145    0.000259
   -2.661871    0.000262
   -2.646597    0.000264
   -2.631322    0.000267
   -2.616048    0.000269
   -2.600774    0.000272
   -2.585499    0.000275
   -2.570225    0.000278
   -2.554951    0.000280
   -2.539676    0.000283
   -2.524402    0.000286
   -2.509128    0.000289
   -2.493853    0.000292
   -2.478579    0.000295
   -2.463305    0.000298
   -2.448030    0.000301
   -2.432756    0.000305
   -2.417482    0.000308
   -2.402207    0.000311
   -2.386933    0.000315
   -2.371659    0.000318
   -2.356384    0.000321
   -2.341110    0.000325
   -2.325836    0.000329
   -2.310561    0.000332
   -2.295287    0.000336
   -2.280012    0.000340
   -2.264738    0.000343
   -2.249464    0.000347
   -2.234189    0.000351
   -2.218915    0.000355
   -2.203641    0.000359
   -2.188366    0.000364
   -2.173092    0.000368
   -2.157818    0.000372
   -2.142543    0.000376
   -2.127269    0.000381
   -2.111995    0.000385
   -2.096720    0.000390
   -2.081446    0.000395
   -2.066172    0.000400
   -2.050897    0.000404
   -2.035623    0.000409
   -2.020349    0.000414
   -2.005074    0.000420
   -1.989800    0.000425
   -1.974526    0.000430
   -1.959251    0.000436
   -1.943977    0.000441
   -1.928703    0.000447
   -1.913428    0.000453
   -1.898154    0.000459
   -1.882880    0.000465
   -1.867605    0.000471
   -1.852331    0.000477
   -1.837057    0.000483
   -1.821782    0.000490
   -1.806508    0.000496
   -1.791234    0.000503
   -1.775959    0.000510
   -1.760685    0.000517
   -1.745411    0.000524
   -1.730136    0.000532
   -1.714862    0.000539
   -1.699588    0.000547
   -1.684313    0.000555
   -1.669039    0.000563
   -1.653765    0.000571
   -1.638490    0.000579
   -1.623216    0.000588
   -1.607942    0.000596
   -1.592667    0.000605
   -1.577393    0.000615
   -1.562119    0.000624
   -1.546844    0.000633
   -1.531570    0.000643
   -1.516296    0.000653
   -1.501021    0.000663
   -1.485747    0.000674
   -1.470473    0.000685
   -1.455198    0.000696
   -1.439924    0.000707
   -1.424650    0.000718
   -1.409375    0.000730
   -1.394101    0.000742
   -1.378827    0.000755
   -1.363552    0.000767
   -1.348278    0.000780
   -1.333004    0.000794
   -1.317729    0.000807
   -1.302455    0.000821
   -1.287181    0.000836
   -1.271906    0.000851
   -1.256632    0.000866
   -1.241358    0.000882
   -1.226083    0.000898
   -1.210809    0.000914
   -1.195535    0.000931
   -1.180260    0.000949
   -1.164986    0.000966
   -1.149712    0.000985
   -1.134437    0.001004
   -1.119163    0.001023
   -1.103889    0.001044
   -1.088614    0.001064
   -1.073340    0.001086
   -1.058066    0.001108
   -1.042791    0.001130
   -1.027517    0.001154
   -1.012243    0.001178
   -0.996968    0.001203
   -0.981694    0.001228
   -0.966420    0.001255
   -0.951145    0.001282
   -0.935871    0.001310
   -0.920596    0.001340
   -0.905322    0.001370
   -0.890048    0.001401
   -0.874773    0.001433
   -0.859499    0.001467
   -0.844225    0.001501
   -0.828950    0.001537
   -0.813676    0.001574
   -0.798402    0.001613
   -0.783127    0.001653
   -0.767853    0.001694
   -0.752579    0.001737
   -0.737304    0.001782
   -0.722030    0.001828
   -0.706756    0.001877
   -0.691481    0.001927
   -0.676207    0.001979
   -0.660933    0.002033
   -0.645658    0.002090
   -0.630384    0.002149
   -0.615110    0.002211
   -0.599835    0.002275
   -0.584561    0.002342
   -0.569287    0.002413
   -0.554012    0.002486
   -0.538738    0.002563
   -0.523464    0.002643
   -0.508189    0.002727
   -0.492915    0.002816
   -0.477641    0.002908
   -0.462366    0.003006
   -0.447092    0.003108
   -0.431818    0.003216
   -0.416543    0.003329
   -0.401269    0.003449
   -0.385995    0.003575
   -0.370720    0.003708
   -0.355446    0.003848
   -0.340172    0.003997
   -0.324897    0.004155
   -0.309623    0.004322
   -0.294349    0.004499
   -0.279074    0.004688
   -0.263800    0.004888
   -0.248526    0.005102
   -0.233251    0.005330
   -0.217977    0.005574
   -0.202703    0.005835
   -0.187428    0.006115
   -0.172154    0.006415
   -0.156880    0.006738
   -0.141605    0.007086
   -0.126331    0.007462
   -0.111057    0.007868
   -0.095782    0.008309
   -0.080508    0.008787
   -0.065234    0.009309
   -0.049959    0.009878
   -0.034685    0.010501
   -0.019411    0.011185
   -0.004136    0.011938
    0.011138    0.012771
    0.026412    0.013693
    0.041687    0.014719
    0.056961    0.015865
    0.072235    0.017150
    0.087510    0.018599
    0.102784    0.020239
    0.118058    0.022107
    0.133333    0.024247
    0.148607    0.026714
    0.163881    0.029578
    0.179156    0.032930
    0.194430    0.036889
    0.209704    0.041609
    0.224979    0.047301
    0.240253    0.054253
    0.255527    0.062866
    0.270802    0.073722
    0.286076    0.087678
    0.301350    0.106050
    0.316625    0.130943
    0.331899    0.165905
    0.347173    0.217322
    0.362448    0.297743
    0.377722    0.434972
    0.392996    0.702856
    0.408271    1.367789
    0.423545    4.113595
    0.438820   11.357191
    0.454094   14.753677
    0.469368   15.808124
    0.484643    7.573021
    0.499917    2.694351
    0.515191    1.036033
    0.530466    0.570717
    0.545740    0.368325
    0.561014    0.259202
    0.576289    0.192947
    0.591563    0.149477
    0.606837    0.119332
    0.622112    0.097533
    0.637386    0.081242
    0.652660    0.068738
    0.667935    0.058927
    0.683209    0.051084
    0.698483    0.044715
    0.713758    0.039470
    0.729032    0.035099
    0.744306    0.031418
    0.759581    0.028288
    0.774855    0.025605
    0.790129    0.023287
    0.805404    0.021271
    0.820678    0.019505
    0.835952    0.017952
    0.851227    0.016577
    0.866501    0.015354
    0.881775    0.014262
    0.897050    0.013282
    0.912324    0.012401
    0.927598    0.011604
    0.942873    0.010882
    0.958147    0.010225
    0.973421    0.009626
    0.988696    0.009078
    1.003970    0.008576
    1.019244    0.008114
    1.034519    0.007688
    1.049793    0.007296
    1.065067    0.006932
    1.080342    0.006595
    1.095616    0.006282
    1.110890    0.005991
    1.126165    0.005720
    1.141439    0.005466
    1.156713    0.005230
    1.171988    0.005008
    1.187262    0.004800
    1.202536    0.004605
    1.217811    0.004421
    1.233085    0.004248
    1.248359    0.004085
    1.263634    0.003932
    1.278908    0.003786
    1.294182    0.003649
    1.309457    0.003519
    1.324731    0.003396
    1.340005    0.003279
    1.355280    0.003169
    1.370554    0.003063
    1.385828    0.002963
    1.401103    0.002868
    1.416377    0.002777
    1.431651    0.002690
    1.446926    0.002608
    1.462200    0.002529
    1.477474    0.002454
    1.492749    0.002382
    1.508023    0.002313
    1.523297    0.002247
    1.538572    0.002184
    1.553846    0.002123
    1.569120    0.002065
    1.584395    0.002010
    1.599669    0.001956
    1.614943    0.001905
    1.630218    0.001855
    1.645492    0.001808
    1.660766    0.001762
    1.676041    0.001718
    1.691315    0.001676
    1.706589    0.001635
    1.721864    0.001596
    1.737138    0.001558
    1.752412    0.001521
    1.767687    0.001486
