# energy [H], band-resolved DOS
   -5.854207    0.000066
   -5.838933    0.000066
   -5.823659    0.000066
   -5.808384    0.000067
   -5.793110    0.000067
   -5.777836    0.000067
   -5.762561    0.000068
   -5.747287    0.000068
   -5.732013    0.000068
   -5.716738    0.000069
   -5.701464    0.000069
   -5.686190    0.000069
   -5.670915    0.000070
   -5.655641    0.000070
   -5.640367    0.000070
   -5.625092    0.000071
   -5.609818    0.000071
   -5.594544    0.000071
   -5.579269    0.000072
   -5.563995    0.000072
   -5.548721    0.000073
   -5.533446    0.000073
   -5.518172    0.000073
   -5.502898    0.000074
   -5.487623    0.000074
   -5.472349    0.000074
   -5.457075    0.000075
   -5.441800    0.000075
   -5.426526    0.000076
   -5.411252    0.000076
   -5.395977    0.000076
   -5.380703    0.000077
   -5.365429    0.000077
   -5.350154    0.000078
   -5.334880    0.000078
   -5.319606    0.000079
   -5.304331    0.000079
   -5.289057    0.000079
   -5.273783    0.000080
   -5.258508    0.000080
   -5.243234    0.000081
   -5.227960    0.000081
   -5.212685    0.000082
   -5.197411    0.000082
   -5.182137    0.000082
   -5.166862    0.000083
   -5.151588    0.000083
   -5.136314    0.000084
   -5.121039    0.000084
   -5.105765    0.000085
   -5.090491    0.000085
   -5.075216    0.000086
   -5.059942    0.000086
   -5.044668    0.000087
   -5.029393    0.000087
   -5.014119    0.000088
   -4.998844    0.000088
   -4.983570    0.000089
   -4.968296    0.000089
   -4.953021    0.000090
   -4.937747    0.000090
   -4.922473    0.000091
   -4.907198    0.000091
   -4.891924    0.000092
   -4.876650    0.000092
   -4.861375    0.000093
   -4.846101    0.000093
   -4.830827    0.000094
   -4.815552    0.000094
   -4.800278    0.000095
   -4.785004    0.000096
   -4.769729    0.000096
   -4.754455    0.000097
   -4.739181    0.000097
   -4.723906    0.000098
   -4.708632    0.000099
   -4.693358    0.000099
   -4.678083    0.000100
   -4.662809    0.000100
   -4.647535    0.000101
   -4.632260    0.000102
   -4.616986    0.000102
   -4.601712    0.000103
   -4.586437    0.000103
   -4.571163    0.000104
   -4.555889    0.000105
   -4.540614    0.000105
   -4.525340    0.000106
   -4.510066    0.000107
   -4.494791    0.000107
   -4.479517    0.000108
   -4.464243    0.000109
   -4.448968    0.000109
   -4.433694    0.000110
   -4.418420    0.000111
   -4.403145    0.000112
   -4.387871    0.000112
   -4.372597    0.000113
   -4.357322    0.000114
   -4.342048    0.000114
   -4.326774    0.000115
   -4.311499    0.000116
   -4.296225    0.000117
   -4.280951    0.000117
   -4.265676    0.000118
   -4.250402    0.000119
   -4.235128    0.000120
   -4.219853    0.000121
   -4.204579    0.000121
   -4.189305    0.000122
   -4.174030    0.000123
   -4.158756    0.000124
   -4.143482    0.000125
   -4.128207    0.000126
   -4.112933    0.000126
   -4.097659    0.000127
   -4.082384    0.000128
   -4.067110    0.000129
   -4.051836    0.000130
   -4.036561    0.000131
   -4.021287    0.000132
   -4.006013    0.000133
   -3.990738    0.000134
   -3.975464    0.000135
   -3.960190    0.000135
   -3.944915    0.000136
   -3.929641    0.000137
   -3.914367    0.000138
   -3.899092    0.000139
   -3.883818    0.000140
   -3.868544    0.000141
   -3.853269    0.000142
   -3.837995    0.000143
   -3.822721    0.000144
   -3.807446    0.000146
   -3.792172    0.000147
   -3.776898    0.000148
   -3.761623    0.000149
   -3.746349    0.000150
   -3.731075    0.000151
   -3.715800    0.000152
   -3.700526    0.000153
   -3.685252    0.000154
   -3.669977    0.000156
   -3.654703    0.000157
   -3.639428    0.000158
   -3.624154    0.000159
   -3.608880    0.000160
   -3.593605    0.000162
   -3.578331    0.000163
   -3.563057    0.000164
   -3.547782    0.000165
   -3.532508    0.000167
   -3.517234    0.000168
   -3.501959    0.000169
   -3.486685    0.000171
   -3.471411    0.000172
   -3.456136    0.000173
   -3.440862    0.000175
   -3.425588    0.000176
   -3.410313    0.000178
   -3.395039    0.000179
   -3.379765    0.000181
   -3.364490    0.000182
   -3.349216    0.000184
   -3.333942    0.000185
   -3.318667    0.000187
   -3.303393    0.000188
   -3.288119    0.000190
   -3.272844    0.000191
   -3.257570    0.000193
   -3.242296    0.000195
   -3.227021    0.000196
   -3.211747    0.000198
   -3.196473    0.000200
   -3.181198    0.000201
   -3.165924    0.000203
   -3.150650    0.000205
   -3.135375    0.000207
   -3.120101    0.000208
   -3.104827    0.000210
   -3.089552    0.000212
   -3.074278    0.000214
   -3.059004    0.000216
   -3.043729    0.000218
   -3.028455    0.000220
   -3.013181    0.000222
   -2.997906    0.000224
   -2.982632    0.000226
   -2.967358    0.000228
   -2.952083    0.000230
   -2.936809    0.000232
   -2.921535    0.000234
   -2.906260    0.000236
   -2.890986    0.000239
   -2.875712    0.000241
   -2.860437    0.000243
   -2.845163    0.000246
   -2.829889    0.000248
   -2.814614    0.000250
   -2.799340    0.000253
   -2.784066    0.000255
   -2.768791    0.000258
   -2.753517    0.000260
   -2.738243    0.000263
   -2.722968    0.000265
   -2.707694    0.000268
   -2.692420    0.000271
   -2.677145    0.000273
   -2.661871    0.000276
   -2.646597    0.000279
   -2.631322    0.000282
   -2.616048    0.000285
   -2.600774    0.000287
   -2.585499    0.000290
   -2.570225    0.000293
   -2.554951    0.000297
   -2.539676    0.000300
   -2.524402    0.000303
   -2.509128    0.000306
   -2.493853    0.000309
   -2.478579    0.000313
   -2.463305    0.000316
   -2.448030    0.000319
   -2.432756    0.000323
   -2.417482    0.000326
   -2.402207    0.000330
   -2.386933    0.000334
   -2.371659    0.000337
   -2.356384    0.000341
   -2.341110    0.000345
   -2.325836    0.000349
   -2.310561    0.000353
   -2.295287    0.000357
   -2.280012    0.000361
   -2.264738    0.000365
   -2.249464    0.000370
   -2.234189    0.000374
   -2.218915    0.000378
   -2.203641    0.000383
   -2.188366    0.000387
   -2.173092    0.000392
   -2.157818    0.000397
   -2.142543    0.000402
   -2.127269    0.000407
   -2.111995    0.000412
   -2.096720    0.000417
   -2.081446    0.000422
   -2.066172    0.000427
   -2.050897    0.000433
   -2.035623    0.000438
   -2.020349    0.000444
   -2.005074    0.000449
   -1.989800    0.000455
   -1.974526    0.000461
   -1.959251    0.000467
   -1.943977    0.000473
   -1.928703    0.000480
   -1.913428    0.000486
   -1.898154    0.000493
   -1.882880    0.000499
   -1.867605    0.000506
   -1.852331    0.000513
   -1.837057    0.000520
   -1.821782    0.000528
   -1.806508    0.000535
   -1.791234    0.000543
   -1.775959    0.000550
   -1.760685    0.000558
   -1.745411    0.000566
   -1.730136    0.000575
   -1.714862    0.000583
   -1.699588    0.000592
   -1.684313    0.000600
   -1.669039    0.000609
   -1.653765    0.000619
   -1.638490    0.000628
   -1.623216    0.000638
   -1.607942    0.000648
   -1.592667    0.000658
   -1.577393    0.000668
   -1.562119    0.000679
   -1.546844    0.000689
   -1.531570    0.000700
   -1.516296    0.000712
   -1.501021    0.000724
   -1.485747    0.000735
   -1.470473    0.000748
   -1.455198    0.000760
   -1.439924    0.000773
   -1.424650    0.000786
   -1.409375    0.000800
   -1.394101    0.000814
   -1.378827    0.000828
   -1.363552    0.000842
   -1.348278    0.000858
   -1.333004    0.000873
   -1.317729    0.000889
   -1.302455    0.000905
   -1.287181    0.000922
   -1.271906    0.000939
   -1.256632    0.000957
   -1.241358    0.000975
   -1.226083    0.000993
   -1.210809    0.001013
   -1.195535    0.001033
   -1.180260    0.001053
   -1.164986    0.001074
   -1.149712    0.001096
   -1.134437    0.001118
   -1.119163    0.001141
   -1.103889    0.001165
   -1.088614    0.001189
   -1.073340    0.001214
   -1.058066    0.001240
   -1.042791    0.001267
   -1.027517    0.001295
   -1.012243    0.001324
   -0.996968    0.001353
   -0.981694    0.001384
   -0.966420    0.001416
   -0.951145    0.001449
   -0.935871    0.001483
   -0.920596    0.001518
   -0.905322    0.001554
   -0.890048    0.001592
   -0.874773    0.001631
   -0.859499    0.001672
   -0.844225    0.001714
   -0.828950    0.001758
   -0.813676    0.001804
   -0.798402    0.001851
   -0.783127    0.001900
   -0.767853    0.001951
   -0.752579    0.002005
   -0.737304    0.002060
   -0.722030    0.002118
   -0.706756    0.002178
   -0.691481    0.002241
   -0.676207    0.002307
   -0.660933    0.002376
   -0.645658    0.002447
   -0.630384    0.002523
   -0.615110    0.002601
   -0.599835    0.002683
   -0.584561    0.002770
   -0.569287    0.002860
   -0.554012    0.002955
   -0.538738    0.003055
   -0.523464    0.003160
   -0.508189    0.003271
   -0.492915    0.003387
   -0.477641    0.003510
   -0.462366    0.003640
   -0.447092    0.003777
   -0.431818    0.003922
   -0.416543    0.004075
   -0.401269    0.004238
   -0.385995    0.004410
   -0.370720    0.004594
   -0.355446    0.004789
   -0.340172    0.004996
   -0.324897    0.005218
   -0.309623    0.005454
   -0.294349    0.005708
   -0.279074    0.005979
   -0.263800    0.006270
   -0.248526    0.006583
   -0.233251    0.006920
   -0.217977    0.007283
   -0.202703    0.007677
   -0.187428    0.008103
   -0.172154    0.008565
   -0.156880    0.009068
   -0.141605    0.009618
   -0.126331    0.010219
   -0.111057    0.010878
   -0.095782    0.011604
   -0.080508    0.012405
   -0.065234    0.013292
   -0.049959    0.014279
   -0.034685    0.015380
   -0.019411    0.016614
   -0.004136    0.018005
    0.011138    0.019578
    0.026412    0.021369
    0.041687    0.023420
    0.056961    0.025783
    0.072235    0.028527
    0.087510    0.031737
    0.102784    0.035529
    0.118058    0.040052
    0.133333    0.045511
    0.148607    0.052185
    0.163881    0.060472
    0.179156    0.070946
    0.194430    0.084468
    0.209704    0.102374
    0.224979    0.126844
    0.240253    0.161644
    0.255527    0.213768
    0.270802    0.297568
    0.286076    0.446819
    0.301350    0.759216
    0.316625    1.634485
    0.331899    6.002074
    0.347173   14.335014
    0.362448    9.961530
    0.377722    5.504580
    0.392996    3.828673
    0.408271    5.222023
    0.423545   10.302326
    0.438820    2.489483
    0.454094    0.891522
    0.469368    0.475283
    0.484643    0.303073
    0.499917    0.213178
    0.515191    0.159462
    0.530466    0.124425
    0.545740    0.100129
    0.561014    0.082502
    0.576289    0.069262
    0.591563    0.059039
    0.606837    0.050966
    0.622112    0.044470
    0.637386    0.039160
    0.652660    0.034761
    0.667935    0.031072
    0.683209    0.027948
    0.698483    0.025277
    0.713758    0.022975
    0.729032    0.020976
    0.744306    0.019229
    0.759581    0.017694
    0.774855    0.016336
    0.790129    0.015130
    0.805404    0.014054
    0.820678    0.013089
    0.835952    0.012220
    0.851227    0.011436
    0.866501    0.010725
    0.881775    0.010079
    0.897050    0.009490
    0.912324    0.008951
    0.927598    0.008457
    0.942873    0.008002
    0.958147    0.007584
    0.973421    0.007198
    0.988696    0.006840
    1.003970    0.006509
    1.019244    0.006201
    1.034519    0.005914
    1.049793    0.005647
    1.065067    0.005398
    1.080342    0.005165
    1.095616    0.004947
    1.110890    0.004742
    1.126165    0.004550
    1.141439    0.004369
    1.156713    0.004199
    1.171988    0.004039
    1.187262    0.003887
    1.202536    0.003744
    1.217811    0.003609
    1.233085    0.003481
    1.248359    0.003360
    1.263634    0.003244
    1.278908    0.003135
    1.294182    0.003031
    1.309457    0.002933
    1.324731    0.002839
    1.340005    0.002749
    1.355280    0.002664
    1.370554    0.002582
    1.385828    0.002504
    1.401103    0.002430
    1.416377    0.002359
    1.431651    0.002291
    1.446926    0.002226
    1.462200    0.002164
    1.477474    0.002104
    1.492749    0.002047
    1.508023    0.001992
    1.523297    0.001939
    1.538572    0.001888
    1.553846    0.001839
    1.569120    0.001793
    1.584395    0.001747
    1.599669    0.001704
    1.614943    0.001662
    1.630218    0.001622
    1.645492    0.001583
    1.660766    0.001545
    1.676041    0.001509
    1.691315    0.001474
    1.706589    0.001441
    1.721864    0.001408
    1.737138    0.001377
    1.752412    0.001346
    1.767687    0.001317
