# energy [H], band-resolved DOS
   -5.854207    0.000080
   -5.838933    0.000080
   -5.823659    0.000081
   -5.808384    0.000081
   -5.793110    0.000081
   -5.777836    0.000082
   -5.762561    0.000082
   -5.747287    0.000083
   -5.732013    0.000083
   -5.716738    0.000084
   -5.701464    0.000084
   -5.686190    0.000085
   -5.670915    0.000085
   -5.655641    0.000086
   -5.640367    0.000086
   -5.625092    0.000087
   -5.609818    0.000087
   -5.594544    0.000088
   -5.579269    0.000088
   -5.563995    0.000089
   -5.548721    0.000089
   -5.533446    0.000090
   -5.518172    0.000090
   -5.502898    0.000091
   -5.487623    0.000091
   -5.472349    0.000092
   -5.457075    0.000092
   -5.441800    0.000093
   -5.426526    0.000093
   -5.411252    0.000094
   -5.395977    0.000094
   -5.380703    0.000095
   -5.365429    0.000096
   -5.350154    0.000096
   -5.334880    0.000097
   -5.319606    0.000097
   -5.304331    0.000098
   -5.289057    0.000098
   -5.273783    0.000099
   -5.258508    0.000100
   -5.243234    0.000100
   -5.227960    0.000101
   -5.212685    0.000101
   -5.197411    0.000102
   -5.182137    0.000103
   -5.166862    0.000103
   -5.151588    0.000104
   -5.136314    0.000105
   -5.121039    0.000105
   -5.105765    0.000106
   -5.090491    0.000107
   -5.075216    0.000107
   -5.059942    0.000108
   -5.044668    0.000109
   -5.029393    0.000109
   -5.014119    0.000110
   -4.998844    0.000111
   -4.983570    0.000111
   -4.968296    0.000112
   -4.953021    0.000113
   -4.937747    0.000114
   -4.922473    0.000114
   -4.907198    0.000115
   -4.891924    0.000116
   -4.876650    0.000117
   -4.861375    0.000117
   -4.846101    0.000118
   -4.830827    0.000119
   -4.815552    0.000120
   -4.800278    0.000120
   -4.785004    0.000121
   -4.769729    0.000122
   -4.754455    0.000123
   -4.739181    0.000124
   -4.723906    0.000125
   -4.708632    0.000125
   -4.693358    0.000126
   -4.678083    0.000127
   -4.662809    0.000128
   -4.647535    0.000129
   -4.632260    0.000130
   -4.616986    0.000131
   -4.601712    0.000132
   -4.586437    0.000132
   -4.571163    0.000133
   -4.555889    0.000134
   -4.540614    0.000135
   -4.525340    0.000136
   -4.510066    0.000137
   -4.494791    0.000138
   -4.479517    0.000139
   -4.464243    0.000140
   -4.448968    0.000141
   -4.433694    0.000142
   -4.418420    0.000143
   -4.403145    0.000144
   -4.387871    0.000145
   -4.372597    0.000146
   -4.357322    0.000147
   -4.342048    0.000149
   -4.326774    0.000150
   -4.311499    0.000151
   -4.296225    0.000152
   -4.280951    0.000153
   -4.265676    0.000154
   -4.250402    0.000155
   -4.235128    0.000157
   -4.219853    0.000158
   -4.204579    0.000159
   -4.189305    0.000160
   -4.174030    0.000161
   -4.158756    0.000163
   -4.143482    0.000164
   -4.128207    0.000165
   -4.112933    0.000167
   -4.097659    0.000168
   -4.082384    0.000169
   -4.067110    0.000170
   -4.051836    0.000172
   -4.036561    0.000173
   -4.021287    0.000175
   -4.006013    0.000176
   -3.990738    0.000177
   -3.975464    0.000179
   -3.960190    0.000180
   -3.944915    0.000182
   -3.929641    0.000183
   -3.914367    0.000185
   -3.899092    0.000186
   -3.883818    0.000188
   -3.868544    0.000189
   -3.853269    0.000191
   -3.837995    0.000193
   -3.822721    0.000194
   -3.807446    0.000196
   -3.792172    0.000198
   -3.776898    0.000199
   -3.761623    0.000201
   -3.746349    0.000203
   -3.731075    0.000204
   -3.715800    0.000206
   -3.700526    0.000208
   -3.685252    0.000210
   -3.669977    0.000212
   -3.654703    0.000214
   -3.639428    0.000216
   -3.624154    0.000217
   -3.608880    0.000219
   -3.593605    0.000221
   -3.578331    0.000223
   -3.563057    0.000225
   -3.547782    0.000228
   -3.532508    0.000230
   -3.517234    0.000232
   -3.501959    0.000234
   -3.486685    0.000236
   -3.471411    0.000238
   -3.456136    0.000241
   -3.440862    0.000243
   -3.425588    0.000245
   -3.410313    0.000247
   -3.395039    0.000250
   -3.379765    0.000252
   -3.364490    0.000255
   -3.349216    0.000257
   -3.333942    0.000260
   -3.318667    0.000262
   -3.303393    0.000265
   -3.288119    0.000267
   -3.272844    0.000270
   -3.257570    0.000273
   -3.242296    0.000276
   -3.227021    0.000278
   -3.211747    0.000281
   -3.196473    0.000284
   -3.181198    0.000287
   -3.165924    0.000290
   -3.150650    0.000293
   -3.135375    0.000296
   -3.120101    0.000299
   -3.104827    0.000302
   -3.089552    0.000305
   -3.074278    0.000309
   -3.059004    0.000312
   -3.043729    0.000315
   -3.028455    0.000319
   -3.013181    0.000322
   -2.997906    0.000326
   -2.982632    0.000329
   -2.967358    0.000333
   -2.952083    0.000337
   -2.936809    0.000341
   -2.921535    0.000344
   -2.906260    0.000348
   -2.890986    0.000352
   -2.875712    0.000356
   -2.860437    0.000360
   -2.845163    0.000365
   -2.829889    0.000369
   -2.814614    0.000373
   -2.799340    0.000378
   -2.784066    0.000382
   -2.768791    0.000387
   -2.753517    0.000391
   -2.738243    0.000396
   -2.722968    0.000401
   -2.707694    0.000406
   -2.692420    0.000411
   -2.677145    0.000416
   -2.661871    0.000421
   -2.646597    0.000426
   -2.631322    0.000432
   -2.616048    0.000437
   -2.600774    0.000443
   -2.585499    0.000448
   -2.570225    0.000454
   -2.554951    0.000460
   -2.539676    0.000466
   -2.524402    0.000472
   -2.509128    0.000479
   -2.493853    0.000485
   -2.478579    0.000492
   -2.463305    0.000498
   -2.448030    0.000505
   -2.432756    0.000512
   -2.417482    0.000519
   -2.402207    0.000526
   -2.386933    0.000534
   -2.371659    0.000541
   -2.356384    0.000549
   -2.341110    0.000557
   -2.325836    0.000565
   -2.310561    0.000573
   -2.295287    0.000581
   -2.280012    0.000590
   -2.264738    0.000599
   -2.249464    0.000608
   -2.234189    0.000617
   -2.218915    0.000626
   -2.203641    0.000636
   -2.188366    0.000646
   -2.173092    0.000656
   -2.157818    0.000666
   -2.142543    0.000677
   -2.127269    0.000687
   -2.111995    0.000699
   -2.096720    0.000710
   -2.081446    0.000721
   -2.066172    0.000733
   -2.050897    0.000746
   -2.035623    0.000758
   -2.020349    0.000771
   -2.005074    0.000784
   -1.989800    0.000797
   -1.974526    0.000811
   -1.959251    0.000825
   -1.943977    0.000840
   -1.928703    0.000855
   -1.913428    0.000870
   -1.898154    0.000886
   -1.882880    0.000902
   -1.867605    0.000919
   -1.852331    0.000936
   -1.837057    0.000954
   -1.821782    0.000972
   -1.806508    0.000990
   -1.791234    0.001009
   -1.775959    0.001029
   -1.760685    0.001049
   -1.745411    0.001070
   -1.730136    0.001092
   -1.714862    0.001114
   -1.699588    0.001137
   -1.684313    0.001160
   -1.669039    0.001185
   -1.653765    0.001210
   -1.638490    0.001236
   -1.623216    0.001263
   -1.607942    0.001290
   -1.592667    0.001319
   -1.577393    0.001348
   -1.562119    0.001379
   -1.546844    0.001410
   -1.531570    0.001443
   -1.516296    0.001477
   -1.501021    0.001512
   -1.485747    0.001548
   -1.470473    0.001586
   -1.455198    0.001624
   -1.439924    0.001665
   -1.424650    0.001707
   -1.409375    0.001750
   -1.394101    0.001796
   -1.378827    0.001843
   -1.363552    0.001892
   -1.348278    0.001942
   -1.333004    0.001995
   -1.317729    0.002051
   -1.302455    0.002108
   -1.287181    0.002168
   -1.271906    0.002230
   -1.256632    0.002296
   -1.241358    0.002364
   -1.226083    0.002435
   -1.210809    0.002510
   -1.195535    0.002588
   -1.180260    0.002669
   -1.164986    0.002755
   -1.149712    0.002845
   -1.134437    0.002939
   -1.119163    0.003038
   -1.103889    0.003143
   -1.088614    0.003252
   -1.073340    0.003368
   -1.058066    0.003490
   -1.042791    0.003618
   -1.027517    0.003754
   -1.012243    0.003898
   -0.996968    0.004050
   -0.981694    0.004211
   -0.966420    0.004382
   -0.951145    0.004563
   -0.935871    0.004756
   -0.920596    0.004962
   -0.905322    0.005181
   -0.890048    0.005416
   -0.874773    0.005666
   -0.859499    0.005934
   -0.844225    0.006222
   -0.828950    0.006532
   -0.813676    0.006865
   -0.798402    0.007225
   -0.783127    0.007614
   -0.767853    0.008035
   -0.752579    0.008492
   -0.737304    0.008989
   -0.722030    0.009532
   -0.706756    0.010125
   -0.691481    0.010776
   -0.676207    0.011493
   -0.660933    0.012283
   -0.645658    0.013159
   -0.630384    0.014132
   -0.615110    0.015218
   -0.599835    0.016436
   -0.584561    0.017806
   -0.569287    0.019358
   -0.554012    0.021123
   -0.538738    0.023145
   -0.523464    0.025474
   -0.508189    0.028179
   -0.492915    0.031346
   -0.477641    0.035087
   -0.462366    0.039553
   -0.447092    0.044948
   -0.431818    0.051555
   -0.416543    0.059777
   -0.401269    0.070202
   -0.385995    0.083723
   -0.370720    0.101751
   -0.355446    0.126638
   -0.340172    0.162577
   -0.324897    0.217726
   -0.309623    0.309980
   -0.294349    0.486056
   -0.279074    0.906310
   -0.263800    2.461129
   -0.248526   10.816887
   -0.233251    6.818491
   -0.217977    3.872458
   -0.202703    6.553264
   -0.187428    9.741319
   -0.172154    8.547584
   -0.156880    8.628007
   -0.141605    2.217209
   -0.126331    0.866738
   -0.111057    0.478695
   -0.095782    0.309686
   -0.080508    0.219092
   -0.065234    0.164202
   -0.049959    0.128141
   -0.034685    0.103047
   -0.019411    0.084814
   -0.004136    0.071116
    0.011138    0.060543
    0.026412    0.052199
    0.041687    0.045493
    0.056961    0.040017
    0.072235    0.035485
    0.087510    0.031689
    0.102784    0.028477
    0.118058    0.025734
    0.133333    0.023373
    0.148607    0.021324
    0.163881    0.019536
    0.179156    0.017965
    0.194430    0.016577
    0.209704    0.015345
    0.224979    0.014246
    0.240253    0.013262
    0.255527    0.012377
    0.270802    0.011578
    0.286076    0.010854
    0.301350    0.010196
    0.316625    0.009597
    0.331899    0.009049
    0.347173    0.008547
    0.362448    0.008085
    0.377722    0.007660
    0.392996    0.007268
    0.408271    0.006906
    0.423545    0.006569
    0.438820    0.006257
    0.454094    0.005967
    0.469368    0.005696
    0.484643    0.005444
    0.499917    0.005208
    0.515191    0.004987
    0.530466    0.004780
    0.545740    0.004585
    0.561014    0.004402
    0.576289    0.004230
    0.591563    0.004068
    0.606837    0.003915
    0.622112    0.003770
    0.637386    0.003634
    0.652660    0.003504
    0.667935    0.003382
    0.683209    0.003266
    0.698483    0.003155
    0.713758    0.003050
    0.729032    0.002951
    0.744306    0.002856
    0.759581    0.002766
    0.774855    0.002679
    0.790129    0.002597
    0.805404    0.002519
    0.820678    0.002444
    0.835952    0.002372
    0.851227    0.002304
    0.866501    0.002238
    0.881775    0.002175
    0.897050    0.002115
    0.912324    0.002057
    0.927598    0.002002
    0.942873    0.001949
    0.958147    0.001898
    0.973421    0.001848
    0.988696    0.001801
    1.003970    0.001756
    1.019244    0.001712
    1.034519    0.001670
    1.049793    0.001629
    1.065067    0.001590
    1.080342    0.001552
    1.095616    0.001516
    1.110890    0.001481
    1.126165    0.001447
    1.141439    0.001414
    1.156713    0.001382
    1.171988    0.001352
    1.187262    0.001322
    1.202536    0.001294
    1.217811    0.001266
    1.233085    0.001239
    1.248359    0.001213
    1.263634    0.001188
    1.278908    0.001163
    1.294182    0.001140
    1.309457    0.001117
    1.324731    0.001094
    1.340005    0.001073
    1.355280    0.001052
    1.370554    0.001031
    1.385828    0.001012
    1.401103    0.000992
    1.416377    0.000974
    1.431651    0.000956
    1.446926    0.000938
    1.462200    0.000921
    1.477474    0.000904
    1.492749    0.000888
    1.508023    0.000872
    1.523297    0.000857
    1.538572    0.000842
    1.553846    0.000827
    1.569120    0.000813
    1.584395    0.000799
    1.599669    0.000786
    1.614943    0.000772
    1.630218    0.000760
    1.645492    0.000747
    1.660766    0.000735
    1.676041    0.000723
    1.691315    0.000711
    1.706589    0.000700
    1.721864    0.000689
    1.737138    0.000678
    1.752412    0.000667
    1.767687    0.000657
