# energy [H], band-resolved DOS
   -5.854207    0.000070
   -5.838933    0.000071
   -5.823659    0.000071
   -5.808384    0.000071
   -5.793110    0.000072
   -5.777836    0.000072
   -5.762561    0.000072
   -5.747287    0.000073
   -5.732013    0.000073
   -5.716738    0.000073
   -5.701464    0.000074
   -5.686190    0.000074
   -5.670915    0.000075
   -5.655641    0.000075
   -5.640367    0.000075
   -5.625092    0.000076
   -5.609818    0.000076
   -5.594544    0.000077
   -5.579269    0.000077
   -5.563995    0.000077
   -5.548721    0.000078
   -5.533446    0.000078
   -5.518172    0.000079
   -5.502898    0.000079
   -5.487623    0.000080
   -5.472349    0.000080
   -5.457075    0.000080
   -5.441800    0.000081
   -5.426526    0.000081
   -5.411252    0.000082
   -5.395977    0.000082
   -5.380703    0.000083
   -5.365429    0.000083
   -5.350154    0.000084
   -5.334880    0.000084
   -5.319606    0.000085
   -5.304331    0.000085
   -5.289057    0.000085
   -5.273783    0.000086
   -5.258508    0.000086
   -5.243234    0.000087
   -5.227960    0.000087
   -5.212685    0.000088
   -5.197411    0.000088
   -5.182137    0.000089
   -5.166862    0.000089
   -5.151588    0.000090
   -5.136314    0.000090
   -5.121039    0.000091
   -5.105765    0.000092
   -5.090491    0.000092
   -5.075216    0.000093
   -5.059942    0.000093
   -5.044668    0.000094
   -5.029393    0.000094
   -5.014119    0.000095
   -4.998844    0.000095
   -4.983570    0.000096
   -4.968296    0.000096
   -4.953021    0.000097
   -4.937747    0.000098
   -4.922473    0.000098
   -4.907198    0.000099
   -4.891924    0.000099
   -4.876650    0.000100
   -4.861375    0.000101
   -4.846101    0.000101
   -4.830827    0.000102
   -4.815552    0.000102
   -4.800278    0.000103
   -4.785004    0.000104
   -4.769729    0.000104
   -4.754455    0.000105
   -4.739181    0.000106
   -4.723906    0.000106
   -4.708632    0.000107
   -4.693358    0.000108
   -4.678083    0.000108
   -4.662809    0.000109
   -4.647535    0.000110
   -4.632260    0.000110
   -4.616986    0.000111
   -4.601712    0.000112
   -4.586437    0.000113
   -4.571163    0.000113
   -4.555889    0.000114
   -4.540614    0.000115
   -4.525340    0.000116
   -4.510066    0.000116
   -4.494791    0.000117
   -4.479517    0.000118
   -4.464243    0.000119
   -4.448968    0.000119
   -4.433694    0.000120
   -4.418420    0.000121
   -4.403145    0.000122
   -4.387871    0.000123
   -4.372597    0.000123
   -4.357322    0.000124
   -4.342048    0.000125
   -4.326774    0.000126
   -4.311499    0.000127
   -4.296225    0.000128
   -4.280951    0.000129
   -4.265676    0.000129
   -4.250402    0.000130
   -4.235128    0.000131
   -4.219853    0.000132
   -4.204579    0.000133
   -4.189305    0.000134
   -4.174030    0.000135
   -4.158756    0.000136
   -4.143482    0.000137
   -4.128207    0.000138
   -4.112933    0.000139
   -4.097659    0.000140
   -4.082384    0.000141
   -4.067110    0.000142
   -4.051836    0.000143
   -4.036561    0.000144
   -4.021287    0.000145
   -4.006013    0.000146
   -3.990738    0.000147
   -3.975464    0.000148
   -3.960190    0.000149
   -3.944915    0.000150
   -3.929641    0.000152
   -3.914367    0.000153
   -3.899092    0.000154
   -3.883818    0.000155
   -3.868544    0.000156
   -3.853269    0.000157
   -3.837995    0.000159
   -3.822721    0.000160
   -3.807446    0.000161
   -3.792172    0.000162
   -3.776898    0.000164
   -3.761623    0.000165
   -3.746349    0.000166
   -3.731075    0.000167
   -3.715800    0.000169
   -3.700526    0.000170
   -3.685252    0.000171
   -3.669977    0.000173
   -3.654703    0.000174
   -3.639428    0.000176
   -3.624154    0.000177
   -3.608880    0.000178
   -3.593605    0.000180
   -3.578331    0.000181
   -3.563057    0.000183
   -3.547782    0.000184
   -3.532508    0.000186
   -3.517234    0.000187
   -3.501959    0.000189
   -3.486685    0.000191
   -3.471411    0.000192
   -3.456136    0.000194
   -3.440862    0.000195
   -3.425588    0.000197
   -3.410313    0.000199
   -3.395039    0.000200
   -3.379765    0.000202
   -3.364490    0.000204
   -3.349216    0.000206
   -3.333942    0.000208
   -3.318667    0.000209
   -3.303393    0.000211
   -3.288119    0.000213
   -3.272844    0.000215
   -3.257570    0.000217
   -3.242296    0.000219
   -3.227021    0.000221
   -3.211747    0.000223
   -3.196473    0.000225
   -3.181198    0.000227
   -3.165924    0.000229
   -3.150650    0.000231
   -3.135375    0.000233
   -3.120101    0.000235
   -3.104827    0.000238
   -3.089552    0.000240
   -3.074278    0.000242
   -3.059004    0.000244
   -3.043729    0.000247
   -3.028455    0.000249
   -3.013181    0.000251
   -2.997906    0.000254
   -2.982632    0.000256
   -2.967358    0.000259
   -2.952083    0.000261
   -2.936809    0.000264
   -2.921535    0.000267
   -2.906260    0.000269
   -2.890986    0.000272
   -2.875712    0.000275
   -2.860437    0.000277
   -2.845163    0.000280
   -2.829889    0.000283
   -2.814614    0.000286
   -2.799340    0.000289
   -2.784066    0.000292
   -2.768791    0.000295
   -2.753517    0.000298
   -2.738243    0.000301
   -2.722968    0.000304
   -2.707694    0.000308
   -2.692420    0.000311
   -2.677145    0.000314
   -2.661871    0.000318
   -2.646597    0.000321
   -2.631322    0.000325
   -2.616048    0.000328
   -2.600774    0.000332
   -2.585499    0.000336
   -2.570225    0.000339
   -2.554951    0.000343
   -2.539676    0.000347
   -2.524402    0.000351
   -2.509128    0.000355
   -2.493853    0.000359
   -2.478579    0.000363
   -2.463305    0.000368
   -2.448030    0.000372
   -2.432756    0.000376
   -2.417482    0.000381
   -2.402207    0.000385
   -2.386933    0.000390
   -2.371659    0.000395
   -2.356384    0.000399
   -2.341110    0.000404
   -2.325836    0.000409
   -2.310561    0.000414
   -2.295287    0.000419
   -2.280012    0.000425
   -2.264738    0.000430
   -2.249464    0.000435
   -2.234189    0.000441
   -2.218915    0.000447
   -2.203641    0.000452
   -2.188366    0.000458
   -2.173092    0.000464
   -2.157818    0.000470
   -2.142543    0.000477
   -2.127269    0.000483
   -2.111995    0.000490
   -2.096720    0.000496
   -2.081446    0.000503
   -2.066172    0.000510
   -2.050897    0.000517
   -2.035623    0.000524
   -2.020349    0.000531
   -2.005074    0.000539
   -1.989800    0.000547
   -1.974526    0.000554
   -1.959251    0.000562
   -1.943977    0.000571
   -1.928703    0.000579
   -1.913428    0.000587
   -1.898154    0.000596
   -1.882880    0.000605
   -1.867605    0.000614
   -1.852331    0.000624
   -1.837057    0.000633
   -1.821782    0.000643
   -1.806508    0.000653
   -1.791234    0.000663
   -1.775959    0.000674
   -1.760685    0.000684
   -1.745411    0.000695
   -1.730136    0.000706
   -1.714862    0.000718
   -1.699588    0.000730
   -1.684313    0.000742
   -1.669039    0.000754
   -1.653765    0.000767
   -1.638490    0.000780
   -1.623216    0.000793
   -1.607942    0.000807
   -1.592667    0.000821
   -1.577393    0.000836
   -1.562119    0.000851
   -1.546844    0.000866
   -1.531570    0.000881
   -1.516296    0.000897
   -1.501021    0.000914
   -1.485747    0.000931
   -1.470473    0.000948
   -1.455198    0.000966
   -1.439924    0.000985
   -1.424650    0.001004
   -1.409375    0.001023
   -1.394101    0.001044
   -1.378827    0.001064
   -1.363552    0.001086
   -1.348278    0.001108
   -1.333004    0.001130
   -1.317729    0.001154
   -1.302455    0.001178
   -1.287181    0.001203
   -1.271906    0.001229
   -1.256632    0.001255
   -1.241358    0.001282
   -1.226083    0.001311
   -1.210809    0.001340
   -1.195535    0.001370
   -1.180260    0.001402
   -1.164986    0.001434
   -1.149712    0.001467
   -1.134437    0.001502
   -1.119163    0.001538
   -1.103889    0.001575
   -1.088614    0.001614
   -1.073340    0.001654
   -1.058066    0.001696
   -1.042791    0.001739
   -1.027517    0.001784
   -1.012243    0.001830
   -0.996968    0.001879
   -0.981694    0.001929
   -0.966420    0.001982
   -0.951145    0.002036
   -0.935871    0.002093
   -0.920596    0.002153
   -0.905322    0.002215
   -0.890048    0.002279
   -0.874773    0.002347
   -0.859499    0.002417
   -0.844225    0.002491
   -0.828950    0.002569
   -0.813676    0.002650
   -0.798402    0.002734
   -0.783127    0.002823
   -0.767853    0.002917
   -0.752579    0.003015
   -0.737304    0.003118
   -0.722030    0.003227
   -0.706756    0.003341
   -0.691481    0.003462
   -0.676207    0.003589
   -0.660933    0.003724
   -0.645658    0.003866
   -0.630384    0.004016
   -0.615110    0.004176
   -0.599835    0.004345
   -0.584561    0.004525
   -0.569287    0.004716
   -0.554012    0.004920
   -0.538738    0.005138
   -0.523464    0.005370
   -0.508189    0.005618
   -0.492915    0.005884
   -0.477641    0.006169
   -0.462366    0.006476
   -0.447092    0.006807
   -0.431818    0.007164
   -0.416543    0.007549
   -0.401269    0.007967
   -0.385995    0.008421
   -0.370720    0.008915
   -0.355446    0.009455
   -0.340172    0.010045
   -0.324897    0.010693
   -0.309623    0.011407
   -0.294349    0.012195
   -0.279074    0.013069
   -0.263800    0.014042
   -0.248526    0.015129
   -0.233251    0.016349
   -0.217977    0.017727
   -0.202703    0.019289
   -0.187428    0.021072
   -0.172154    0.023120
   -0.156880    0.025490
   -0.141605    0.028255
   -0.126331    0.031511
   -0.111057    0.035385
   -0.095782    0.040051
   -0.080508    0.045752
   -0.065234    0.052835
   -0.049959    0.061816
   -0.034685    0.073494
   -0.019411    0.089175
   -0.004136    0.111152
    0.011138    0.143857
    0.026412    0.197178
    0.041687    0.298710
    0.056961    0.563337
    0.072235    1.832205
    0.087510    2.953534
    0.102784    3.207570
    0.118058    3.881339
    0.133333    6.093987
    0.148607    7.938657
    0.163881    6.895606
    0.179156    3.323805
    0.194430    3.320872
    0.209704    5.798469
    0.224979   11.313662
    0.240253    3.570229
    0.255527    1.089021
    0.270802    0.536514
    0.286076    0.327350
    0.301350    0.224033
    0.316625    0.164569
    0.331899    0.126810
    0.347173    0.101139
    0.362448    0.082793
    0.377722    0.069170
    0.392996    0.058746
    0.408271    0.050573
    0.423545    0.044034
    0.438820    0.038713
    0.454094    0.034321
    0.469368    0.030650
    0.484643    0.027548
    0.499917    0.024901
    0.515191    0.022624
    0.530466    0.020650
    0.545740    0.018927
    0.561014    0.017413
    0.576289    0.016076
    0.591563    0.014889
    0.606837    0.013830
    0.622112    0.012881
    0.637386    0.012027
    0.652660    0.011256
    0.667935    0.010558
    0.683209    0.009923
    0.698483    0.009344
    0.713758    0.008814
    0.729032    0.008329
    0.744306    0.007883
    0.759581    0.007472
    0.774855    0.007093
    0.790129    0.006741
    0.805404    0.006416
    0.820678    0.006113
    0.835952    0.005832
    0.851227    0.005570
    0.866501    0.005325
    0.881775    0.005096
    0.897050    0.004881
    0.912324    0.004680
    0.927598    0.004491
    0.942873    0.004313
    0.958147    0.004146
    0.973421    0.003988
    0.988696    0.003839
    1.003970    0.003698
    1.019244    0.003565
    1.034519    0.003439
    1.049793    0.003320
    1.065067    0.003206
    1.080342    0.003099
    1.095616    0.002997
    1.110890    0.002899
    1.126165    0.002807
    1.141439    0.002719
    1.156713    0.002634
    1.171988    0.002554
    1.187262    0.002478
    1.202536    0.002404
    1.217811    0.002334
    1.233085    0.002267
    1.248359    0.002203
    1.263634    0.002142
    1.278908    0.002083
    1.294182    0.002026
    1.309457    0.001972
    1.324731    0.001920
    1.340005    0.001870
    1.355280    0.001822
    1.370554    0.001775
    1.385828    0.001731
    1.401103    0.001688
    1.416377    0.001647
    1.431651    0.001607
    1.446926    0.001569
    1.462200    0.001532
    1.477474    0.001496
    1.492749    0.001461
    1.508023    0.001428
    1.523297    0.001396
    1.538572    0.001365
    1.553846    0.001335
    1.569120    0.001306
    1.584395    0.001277
    1.599669    0.001250
    1.614943    0.001224
    1.630218    0.001198
    1.645492    0.001174
    1.660766    0.001150
    1.676041    0.001126
    1.691315    0.001104
    1.706589    0.001082
    1.721864    0.001061
    1.737138    0.001040
    1.752412    0.001020
    1.767687    0.001000
