# energy [H], band-resolved DOS
   -5.854207    0.000072
   -5.838933    0.000072
   -5.823659    0.000073
   -5.808384    0.000073
   -5.793110    0.000073
   -5.777836    0.000074
   -5.762561    0.000074
   -5.747287    0.000075
   -5.732013    0.000075
   -5.716738    0.000075
   -5.701464    0.000076
   -5.686190    0.000076
   -5.670915    0.000077
   -5.655641    0.000077
   -5.640367    0.000077
   -5.625092    0.000078
   -5.609818    0.000078
   -5.594544    0.000079
   -5.579269    0.000079
   -5.563995    0.000080
   -5.548721    0.000080
   -5.533446    0.000080
   -5.518172    0.000081
   -5.502898    0.000081
   -5.487623    0.000082
   -5.472349    0.000082
   -5.457075    0.000083
   -5.441800    0.000083
   -5.426526    0.000084
   -5.411252    0.000084
   -5.395977    0.000084
   -5.380703    0.000085
   -5.365429    0.000085
   -5.350154    0.000086
   -5.334880    0.000086
   -5.319606    0.000087
   -5.304331    0.000087
   -5.289057    0.000088
   -5.273783    0.000088
   -5.258508    0.000089
   -5.243234    0.000089
   -5.227960    0.000090
   -5.212685    0.000090
   -5.197411    0.000091
   -5.182137    0.000091
   -5.166862    0.000092
   -5.151588    0.000092
   -5.136314    0.000093
   -5.121039    0.000094
   -5.105765    0.000094
   -5.090491    0.000095
   -5.075216    0.000095
   -5.059942    0.000096
   -5.044668    0.000096
   -5.029393    0.000097
   -5.014119    0.000098
   -4.998844    0.000098
   -4.983570    0.000099
   -4.968296    0.000099
   -4.953021    0.000100
   -4.937747    0.000101
   -4.922473    0.000101
   -4.907198    0.000102
   -4.891924    0.000102
   -4.876650    0.000103
   -4.861375    0.000104
   -4.846101    0.000104
   -4.830827    0.000105
   -4.815552    0.000106
   -4.800278    0.000106
   -4.785004    0.000107
   -4.769729    0.000108
   -4.754455    0.000108
   -4.739181    0.000109
   -4.723906    0.000110
   -4.708632    0.000110
   -4.693358    0.000111
   -4.678083    0.000112
   -4.662809    0.000112
   -4.647535    0.000113
   -4.632260    0.000114
   -4.616986    0.000115
   -4.601712    0.000115
   -4.586437    0.000116
   -4.571163    0.000117
   -4.555889    0.000118
   -4.540614    0.000118
   -4.525340    0.000119
   -4.510066    0.000120
   -4.494791    0.000121
   -4.479517    0.000122
   -4.464243    0.000122
   -4.448968    0.000123
   -4.433694    0.000124
   -4.418420    0.000125
   -4.403145    0.000126
   -4.387871    0.000127
   -4.372597    0.000128
   -4.357322    0.000128
   -4.342048    0.000129
   -4.326774    0.000130
   -4.311499    0.000131
   -4.296225    0.000132
   -4.280951    0.000133
   -4.265676    0.000134
   -4.250402    0.000135
   -4.235128    0.000136
   -4.219853    0.000137
   -4.204579    0.000138
   -4.189305    0.000139
   -4.174030    0.000140
   -4.158756    0.000141
   -4.143482    0.000142
   -4.128207    0.000143
   -4.112933    0.000144
   -4.097659    0.000145
   -4.082384    0.000146
   -4.067110    0.000147
   -4.051836    0.000148
   -4.036561    0.000149
   -4.021287    0.000150
   -4.006013    0.000151
   -3.990738    0.000153
   -3.975464    0.000154
   -3.960190    0.000155
   -3.944915    0.000156
   -3.929641    0.000157
   -3.914367    0.000158
   -3.899092    0.000160
   -3.883818    0.000161
   -3.868544    0.000162
   -3.853269    0.000163
   -3.837995    0.000165
   -3.822721    0.000166
   -3.807446    0.000167
   -3.792172    0.000169
   -3.776898    0.000170
   -3.761623    0.000171
   -3.746349    0.000173
   -3.731075    0.000174
   -3.715800    0.000175
   -3.700526    0.000177
   -3.685252    0.000178
   -3.669977    0.000180
   -3.654703    0.000181
   -3.639428    0.000183
   -3.624154    0.000184
   -3.608880    0.000186
   -3.593605    0.000187
   -3.578331    0.000189
   -3.563057    0.000190
   -3.547782    0.000192
   -3.532508    0.000194
   -3.517234    0.000195
   -3.501959    0.000197
   -3.486685    0.000199
   -3.471411    0.000200
   -3.456136    0.000202
   -3.440862    0.000204
   -3.425588    0.000205
   -3.410313    0.000207
   -3.395039    0.000209
   -3.379765    0.000211
   -3.364490    0.000213
   -3.349216    0.000215
   -3.333942    0.000217
   -3.318667    0.000219
   -3.303393    0.000221
   -3.288119    0.000223
   -3.272844    0.000225
   -3.257570    0.000227
   -3.242296    0.000229
   -3.227021    0.000231
   -3.211747    0.000233
   -3.196473    0.000235
   -3.181198    0.000237
   -3.165924    0.000240
   -3.150650    0.000242
   -3.135375    0.000244
   -3.120101    0.000246
   -3.104827    0.000249
   -3.089552    0.000251
   -3.074278    0.000254
   -3.059004    0.000256
   -3.043729    0.000259
   -3.028455    0.000261
   -3.013181    0.000264
   -2.997906    0.000266
   -2.982632    0.000269
   -2.967358    0.000272
   -2.952083    0.000274
   -2.936809    0.000277
   -2.921535    0.000280
   -2.906260    0.000283
   -2.890986    0.000286
   -2.875712    0.000289
   -2.860437    0.000292
   -2.845163    0.000295
   -2.829889    0.000298
   -2.814614    0.000301
   -2.799340    0.000304
   -2.784066    0.000307
   -2.768791    0.000311
   -2.753517    0.000314
   -2.738243    0.000317
   -2.722968    0.000321
   -2.707694    0.000324
   -2.692420    0.000328
   -2.677145    0.000331
   -2.661871    0.000335
   -2.646597    0.000339
   -2.631322    0.000343
   -2.616048    0.000347
   -2.600774    0.000351
   -2.585499    0.000355
   -2.570225    0.000359
   -2.554951    0.000363
   -2.539676    0.000367
   -2.524402    0.000371
   -2.509128    0.000376
   -2.493853    0.000380
   -2.478579    0.000385
   -2.463305    0.000389
   -2.448030    0.000394
   -2.432756    0.000399
   -2.417482    0.000404
   -2.402207    0.000409
   -2.386933    0.000414
   -2.371659    0.000419
   -2.356384    0.000424
   -2.341110    0.000429
   -2.325836    0.000435
   -2.310561    0.000440
   -2.295287    0.000446
   -2.280012    0.000452
   -2.264738    0.000458
   -2.249464    0.000464
   -2.234189    0.000470
   -2.218915    0.000476
   -2.203641    0.000482
   -2.188366    0.000489
   -2.173092    0.000495
   -2.157818    0.000502
   -2.142543    0.000509
   -2.127269    0.000516
   -2.111995    0.000523
   -2.096720    0.000531
   -2.081446    0.000538
   -2.066172    0.000546
   -2.050897    0.000554
   -2.035623    0.000562
   -2.020349    0.000570
   -2.005074    0.000578
   -1.989800    0.000587
   -1.974526    0.000595
   -1.959251    0.000604
   -1.943977    0.000613
   -1.928703    0.000623
   -1.913428    0.000632
   -1.898154    0.000642
   -1.882880    0.000652
   -1.867605    0.000662
   -1.852331    0.000672
   -1.837057    0.000683
   -1.821782    0.000694
   -1.806508    0.000705
   -1.791234    0.000717
   -1.775959    0.000729
   -1.760685    0.000741
   -1.745411    0.000753
   -1.730136    0.000766
   -1.714862    0.000779
   -1.699588    0.000792
   -1.684313    0.000806
   -1.669039    0.000820
   -1.653765    0.000834
   -1.638490    0.000849
   -1.623216    0.000864
   -1.607942    0.000880
   -1.592667    0.000896
   -1.577393    0.000912
   -1.562119    0.000929
   -1.546844    0.000947
   -1.531570    0.000965
   -1.516296    0.000983
   -1.501021    0.001002
   -1.485747    0.001022
   -1.470473    0.001042
   -1.455198    0.001063
   -1.439924    0.001084
   -1.424650    0.001106
   -1.409375    0.001129
   -1.394101    0.001152
   -1.378827    0.001176
   -1.363552    0.001201
   -1.348278    0.001227
   -1.333004    0.001253
   -1.317729    0.001280
   -1.302455    0.001309
   -1.287181    0.001338
   -1.271906    0.001368
   -1.256632    0.001399
   -1.241358    0.001432
   -1.226083    0.001465
   -1.210809    0.001500
   -1.195535    0.001536
   -1.180260    0.001573
   -1.164986    0.001612
   -1.149712    0.001652
   -1.134437    0.001693
   -1.119163    0.001737
   -1.103889    0.001781
   -1.088614    0.001828
   -1.073340    0.001876
   -1.058066    0.001927
   -1.042791    0.001979
   -1.027517    0.002034
   -1.012243    0.002091
   -0.996968    0.002150
   -0.981694    0.002212
   -0.966420    0.002277
   -0.951145    0.002345
   -0.935871    0.002415
   -0.920596    0.002489
   -0.905322    0.002567
   -0.890048    0.002648
   -0.874773    0.002733
   -0.859499    0.002822
   -0.844225    0.002916
   -0.828950    0.003014
   -0.813676    0.003117
   -0.798402    0.003226
   -0.783127    0.003341
   -0.767853    0.003462
   -0.752579    0.003590
   -0.737304    0.003725
   -0.722030    0.003868
   -0.706756    0.004019
   -0.691481    0.004180
   -0.676207    0.004350
   -0.660933    0.004531
   -0.645658    0.004723
   -0.630384    0.004929
   -0.615110    0.005148
   -0.599835    0.005382
   -0.584561    0.005633
   -0.569287    0.005901
   -0.554012    0.006190
   -0.538738    0.006501
   -0.523464    0.006835
   -0.508189    0.007197
   -0.492915    0.007589
   -0.477641    0.008014
   -0.462366    0.008476
   -0.447092    0.008980
   -0.431818    0.009531
   -0.416543    0.010136
   -0.401269    0.010801
   -0.385995    0.011535
   -0.370720    0.012348
   -0.355446    0.013252
   -0.340172    0.014262
   -0.324897    0.015396
   -0.309623    0.016674
   -0.294349    0.018124
   -0.279074    0.019779
   -0.263800    0.021680
   -0.248526    0.023882
   -0.233251    0.026454
   -0.217977    0.029488
   -0.202703    0.033110
   -0.187428    0.037489
   -0.172154    0.042870
   -0.156880    0.049608
   -0.141605    0.058242
   -0.126331    0.069633
   -0.111057    0.085237
   -0.095782    0.107715
   -0.080508    0.142470
   -0.065234    0.202209
   -0.049959    0.324390
   -0.034685    0.670952
   -0.019411    2.517414
   -0.004136    3.956188
    0.011138    3.204561
    0.026412    2.860141
    0.041687    2.788377
    0.056961    2.986092
    0.072235    3.461419
    0.087510    3.441655
    0.102784    4.943161
    0.118058    5.445692
    0.133333    5.744952
    0.148607    7.789379
    0.163881    7.073854
    0.179156    2.846566
    0.194430    1.571283
    0.209704    0.562668
    0.224979    0.316232
    0.240253    0.211885
    0.255527    0.154724
    0.270802    0.119094
    0.286076    0.095049
    0.301350    0.077914
    0.316625    0.065199
    0.331899    0.055467
    0.347173    0.047830
    0.362448    0.041714
    0.377722    0.036731
    0.392996    0.032613
    0.408271    0.029166
    0.423545    0.026250
    0.438820    0.023759
    0.454094    0.021614
    0.469368    0.019751
    0.484643    0.018123
    0.499917    0.016691
    0.515191    0.015426
    0.530466    0.014300
    0.545740    0.013296
    0.561014    0.012394
    0.576289    0.011583
    0.591563    0.010849
    0.606837    0.010184
    0.622112    0.009579
    0.637386    0.009027
    0.652660    0.008521
    0.667935    0.008057
    0.683209    0.007631
    0.698483    0.007237
    0.713758    0.006874
    0.729032    0.006537
    0.744306    0.006225
    0.759581    0.005935
    0.774855    0.005665
    0.790129    0.005412
    0.805404    0.005177
    0.820678    0.004956
    0.835952    0.004750
    0.851227    0.004556
    0.866501    0.004374
    0.881775    0.004202
    0.897050    0.004041
    0.912324    0.003889
    0.927598    0.003745
    0.942873    0.003609
    0.958147    0.003480
    0.973421    0.003359
    0.988696    0.003243
    1.003970    0.003133
    1.019244    0.003029
    1.034519    0.002930
    1.049793    0.002836
    1.065067    0.002746
    1.080342    0.002661
    1.095616    0.002579
    1.110890    0.002501
    1.126165    0.002427
    1.141439    0.002356
    1.156713    0.002288
    1.171988    0.002222
    1.187262    0.002160
    1.202536    0.002100
    1.217811    0.002043
    1.233085    0.001988
    1.248359    0.001935
    1.263634    0.001884
    1.278908    0.001836
    1.294182    0.001789
    1.309457    0.001744
    1.324731    0.001700
    1.340005    0.001659
    1.355280    0.001618
    1.370554    0.001579
    1.385828    0.001542
    1.401103    0.001506
    1.416377    0.001471
    1.431651    0.001437
    1.446926    0.001405
    1.462200    0.001373
    1.477474    0.001343
    1.492749    0.001314
    1.508023    0.001285
    1.523297    0.001258
    1.538572    0.001231
    1.553846    0.001205
    1.569120    0.001180
    1.584395    0.001156
    1.599669    0.001133
    1.614943    0.001110
    1.630218    0.001088
    1.645492    0.001066
    1.660766    0.001045
    1.676041    0.001025
    1.691315    0.001006
    1.706589    0.000987
    1.721864    0.000968
    1.737138    0.000950
    1.752412    0.000932
    1.767687    0.000915
