# energy [H], band-resolved DOS
   -5.854207    0.000065
   -5.838933    0.000065
   -5.823659    0.000066
   -5.808384    0.000066
   -5.793110    0.000066
   -5.777836    0.000067
   -5.762561    0.000067
   -5.747287    0.000067
   -5.732013    0.000068
   -5.716738    0.000068
   -5.701464    0.000068
   -5.686190    0.000069
   -5.670915    0.000069
   -5.655641    0.000069
   -5.640367    0.000070
   -5.625092    0.000070
   -5.609818    0.000071
   -5.594544    0.000071
   -5.579269    0.000071
   -5.563995    0.000072
   -5.548721    0.000072
   -5.533446    0.000072
   -5.518172    0.000073
   -5.502898    0.000073
   -5.487623    0.000074
   -5.472349    0.000074
   -5.457075    0.000074
   -5.441800    0.000075
   -5.426526    0.000075
   -5.411252    0.000075
   -5.395977    0.000076
   -5.380703    0.000076
   -5.365429    0.000077
   -5.350154    0.000077
   -5.334880    0.000077
   -5.319606    0.000078
   -5.304331    0.000078
   -5.289057    0.000079
   -5.273783    0.000079
   -5.258508    0.000080
   -5.243234    0.000080
   -5.227960    0.000080
   -5.212685    0.000081
   -5.197411    0.000081
   -5.182137    0.000082
   -5.166862    0.000082
   -5.151588    0.000083
   -5.136314    0.000083
   -5.121039    0.000084
   -5.105765    0.000084
   -5.090491    0.000085
   -5.075216    0.000085
   -5.059942    0.000085
   -5.044668    0.000086
   -5.029393    0.000086
   -5.014119    0.000087
   -4.998844    0.000087
   -4.983570    0.000088
   -4.968296    0.000088
   -4.953021    0.000089
   -4.937747    0.000089
   -4.922473    0.000090
   -4.907198    0.000090
   -4.891924    0.000091
   -4.876650    0.000092
   -4.861375    0.000092
   -4.846101    0.000093
   -4.830827    0.000093
   -4.815552    0.000094
   -4.800278    0.000094
   -4.785004    0.000095
   -4.769729    0.000095
   -4.754455    0.000096
   -4.739181    0.000096
   -4.723906    0.000097
   -4.708632    0.000098
   -4.693358    0.000098
   -4.678083    0.000099
   -4.662809    0.000099
   -4.647535    0.000100
   -4.632260    0.000101
   -4.616986    0.000101
   -4.601712    0.000102
   -4.586437    0.000102
   -4.571163    0.000103
   -4.555889    0.000104
   -4.540614    0.000104
   -4.525340    0.000105
   -4.510066    0.000106
   -4.494791    0.000106
   -4.479517    0.000107
   -4.464243    0.000108
   -4.448968    0.000108
   -4.433694    0.000109
   -4.418420    0.000110
   -4.403145    0.000110
   -4.387871    0.000111
   -4.372597    0.000112
   -4.357322    0.000113
   -4.342048    0.000113
   -4.326774    0.000114
   -4.311499    0.000115
   -4.296225    0.000116
   -4.280951    0.000116
   -4.265676    0.000117
   -4.250402    0.000118
   -4.235128    0.000119
   -4.219853    0.000119
   -4.204579    0.000120
   -4.189305    0.000121
   -4.174030    0.000122
   -4.158756    0.000123
   -4.143482    0.000123
   -4.128207    0.000124
   -4.112933    0.000125
   -4.097659    0.000126
   -4.082384    0.000127
   -4.067110    0.000128
   -4.051836    0.000129
   -4.036561    0.000129
   -4.021287    0.000130
   -4.006013    0.000131
   -3.990738    0.000132
   -3.975464    0.000133
   -3.960190    0.000134
   -3.944915    0.000135
   -3.929641    0.000136
   -3.914367    0.000137
   -3.899092    0.000138
   -3.883818    0.000139
   -3.868544    0.000140
   -3.853269    0.000141
   -3.837995    0.000142
   -3.822721    0.000143
   -3.807446    0.000144
   -3.792172    0.000145
   -3.776898    0.000146
   -3.761623    0.000147
   -3.746349    0.000148
   -3.731075    0.000149
   -3.715800    0.000150
   -3.700526    0.000152
   -3.685252    0.000153
   -3.669977    0.000154
   -3.654703    0.000155
   -3.639428    0.000156
   -3.624154    0.000157
   -3.608880    0.000159
   -3.593605    0.000160
   -3.578331    0.000161
   -3.563057    0.000162
   -3.547782    0.000164
   -3.532508    0.000165
   -3.517234    0.000166
   -3.501959    0.000167
   -3.486685    0.000169
   -3.471411    0.000170
   -3.456136    0.000171
   -3.440862    0.000173
   -3.425588    0.000174
   -3.410313    0.000176
   -3.395039    0.000177
   -3.379765    0.000178
   -3.364490    0.000180
   -3.349216    0.000181
   -3.333942    0.000183
   -3.318667    0.000184
   -3.303393    0.000186
   -3.288119    0.000187
   -3.272844    0.000189
   -3.257570    0.000191
   -3.242296    0.000192
   -3.227021    0.000194
   -3.211747    0.000195
   -3.196473    0.000197
   -3.181198    0.000199
   -3.165924    0.000200
   -3.150650    0.000202
   -3.135375    0.000204
   -3.120101    0.000206
   -3.104827    0.000208
   -3.089552    0.000209
   -3.074278    0.000211
   -3.059004    0.000213
   -3.043729    0.000215
   -3.028455    0.000217
   -3.013181    0.000219
   -2.997906    0.000221
   -2.982632    0.000223
   -2.967358    0.000225
   -2.952083    0.000227
   -2.936809    0.000229
   -2.921535    0.000231
   -2.906260    0.000233
   -2.890986    0.000235
   -2.875712    0.000238
   -2.860437    0.000240
   -2.845163    0.000242
   -2.829889    0.000244
   -2.814614    0.000247
   -2.799340    0.000249
   -2.784066    0.000251
   -2.768791    0.000254
   -2.753517    0.000256
   -2.738243    0.000259
   -2.722968    0.000261
   -2.707694    0.000264
   -2.692420    0.000267
   -2.677145    0.000269
   -2.661871    0.000272
   -2.646597    0.000275
   -2.631322    0.000277
   -2.616048    0.000280
   -2.600774    0.000283
   -2.585499    0.000286
   -2.570225    0.000289
   -2.554951    0.000292
   -2.539676    0.000295
   -2.524402    0.000298
   -2.509128    0.000301
   -2.493853    0.000304
   -2.478579    0.000308
   -2.463305    0.000311
   -2.448030    0.000314
   -2.432756    0.000318
   -2.417482    0.000321
   -2.402207    0.000325
   -2.386933    0.000328
   -2.371659    0.000332
   -2.356384    0.000336
   -2.341110    0.000339
   -2.325836    0.000343
   -2.310561    0.000347
   -2.295287    0.000351
   -2.280012    0.000355
   -2.264738    0.000359
   -2.249464    0.000363
   -2.234189    0.000368
   -2.218915    0.000372
   -2.203641    0.000376
   -2.188366    0.000381
   -2.173092    0.000385
   -2.157818    0.000390
   -2.142543    0.000395
   -2.127269    0.000399
   -2.111995    0.000404
   -2.096720    0.000409
   -2.081446    0.000414
   -2.066172    0.000419
   -2.050897    0.000425
   -2.035623    0.000430
   -2.020349    0.000435
   -2.005074    0.000441
   -1.989800    0.000447
   -1.974526    0.000452
   -1.959251    0.000458
   -1.943977    0.000464
   -1.928703    0.000470
   -1.913428    0.000477
   -1.898154    0.000483
   -1.882880    0.000489
   -1.867605    0.000496
   -1.852331    0.000503
   -1.837057    0.000510
   -1.821782    0.000517
   -1.806508    0.000524
   -1.791234    0.000531
   -1.775959    0.000539
   -1.760685    0.000546
   -1.745411    0.000554
   -1.730136    0.000562
   -1.714862    0.000570
   -1.699588    0.000579
   -1.684313    0.000587
   -1.669039    0.000596
   -1.653765    0.000605
   -1.638490    0.000614
   -1.623216    0.000623
   -1.607942    0.000633
   -1.592667    0.000643
   -1.577393    0.000653
   -1.562119    0.000663
   -1.546844    0.000673
   -1.531570    0.000684
   -1.516296    0.000695
   -1.501021    0.000706
   -1.485747    0.000718
   -1.470473    0.000730
   -1.455198    0.000742
   -1.439924    0.000754
   -1.424650    0.000767
   -1.409375    0.000780
   -1.394101    0.000793
   -1.378827    0.000807
   -1.363552    0.000821
   -1.348278    0.000835
   -1.333004    0.000850
   -1.317729    0.000865
   -1.302455    0.000881
   -1.287181    0.000897
   -1.271906    0.000913
   -1.256632    0.000930
   -1.241358    0.000948
   -1.226083    0.000966
   -1.210809    0.000984
   -1.195535    0.001003
   -1.180260    0.001023
   -1.164986    0.001043
   -1.149712    0.001063
   -1.134437    0.001085
   -1.119163    0.001107
   -1.103889    0.001129
   -1.088614    0.001153
   -1.073340    0.001177
   -1.058066    0.001202
   -1.042791    0.001227
   -1.027517    0.001254
   -1.012243    0.001281
   -0.996968    0.001309
   -0.981694    0.001339
   -0.966420    0.001369
   -0.951145    0.001400
   -0.935871    0.001432
   -0.920596    0.001466
   -0.905322    0.001500
   -0.890048    0.001536
   -0.874773    0.001573
   -0.859499    0.001612
   -0.844225    0.001652
   -0.828950    0.001693
   -0.813676    0.001736
   -0.798402    0.001781
   -0.783127    0.001827
   -0.767853    0.001875
   -0.752579    0.001926
   -0.737304    0.001978
   -0.722030    0.002032
   -0.706756    0.002089
   -0.691481    0.002148
   -0.676207    0.002210
   -0.660933    0.002274
   -0.645658    0.002341
   -0.630384    0.002412
   -0.615110    0.002485
   -0.599835    0.002562
   -0.584561    0.002642
   -0.569287    0.002727
   -0.554012    0.002815
   -0.538738    0.002908
   -0.523464    0.003005
   -0.508189    0.003108
   -0.492915    0.003216
   -0.477641    0.003329
   -0.462366    0.003449
   -0.447092    0.003575
   -0.431818    0.003708
   -0.416543    0.003849
   -0.401269    0.003998
   -0.385995    0.004156
   -0.370720    0.004324
   -0.355446    0.004501
   -0.340172    0.004691
   -0.324897    0.004892
   -0.309623    0.005106
   -0.294349    0.005335
   -0.279074    0.005580
   -0.263800    0.005842
   -0.248526    0.006123
   -0.233251    0.006425
   -0.217977    0.006750
   -0.202703    0.007100
   -0.187428    0.007478
   -0.172154    0.007887
   -0.156880    0.008331
   -0.141605    0.008814
   -0.126331    0.009340
   -0.111057    0.009915
   -0.095782    0.010544
   -0.080508    0.011236
   -0.065234    0.011999
   -0.049959    0.012842
   -0.034685    0.013778
   -0.019411    0.014821
   -0.004136    0.015988
    0.011138    0.017299
    0.026412    0.018780
    0.041687    0.020460
    0.056961    0.022379
    0.072235    0.024584
    0.087510    0.027135
    0.102784    0.030109
    0.118058    0.033608
    0.133333    0.037764
    0.148607    0.042755
    0.163881    0.048825
    0.179156    0.056317
    0.194430    0.065724
    0.209704    0.077779
    0.224979    0.093617
    0.240253    0.115077
    0.255527    0.145334
    0.270802    0.190320
    0.286076    0.262469
    0.301350    0.392723
    0.316625    0.684692
    0.331899    1.749667
    0.347173    4.324600
    0.362448    8.861569
    0.377722    8.473170
    0.392996    7.276055
    0.408271    8.592708
    0.423545    9.779104
    0.438820    5.522895
    0.454094    4.320739
    0.469368    1.454700
    0.484643    0.608316
    0.499917    0.358394
    0.515191    0.243209
    0.530466    0.178216
    0.545740    0.137159
    0.561014    0.109268
    0.576289    0.089327
    0.591563    0.074514
    0.606837    0.063178
    0.622112    0.054291
    0.637386    0.047186
    0.652660    0.041408
    0.667935    0.036644
    0.683209    0.032667
    0.698483    0.029310
    0.713758    0.026450
    0.729032    0.023992
    0.744306    0.021865
    0.759581    0.020010
    0.774855    0.018384
    0.790129    0.016949
    0.805404    0.015677
    0.820678    0.014543
    0.835952    0.013529
    0.851227    0.012618
    0.866501    0.011796
    0.881775    0.011052
    0.897050    0.010377
    0.912324    0.009762
    0.927598    0.009200
    0.942873    0.008686
    0.958147    0.008214
    0.973421    0.007779
    0.988696    0.007378
    1.003970    0.007007
    1.019244    0.006664
    1.034519    0.006345
    1.049793    0.006049
    1.065067    0.005773
    1.080342    0.005515
    1.095616    0.005275
    1.110890    0.005050
    1.126165    0.004839
    1.141439    0.004641
    1.156713    0.004455
    1.171988    0.004279
    1.187262    0.004115
    1.202536    0.003959
    1.217811    0.003812
    1.233085    0.003673
    1.248359    0.003542
    1.263634    0.003417
    1.278908    0.003299
    1.294182    0.003187
    1.309457    0.003081
    1.324731    0.002980
    1.340005    0.002883
    1.355280    0.002792
    1.370554    0.002704
    1.385828    0.002621
    1.401103    0.002542
    1.416377    0.002466
    1.431651    0.002393
    1.446926    0.002324
    1.462200    0.002257
    1.477474    0.002194
    1.492749    0.002133
    1.508023    0.002074
    1.523297    0.002018
    1.538572    0.001964
    1.553846    0.001913
    1.569120    0.001863
    1.584395    0.001815
    1.599669    0.001769
    1.614943    0.001725
    1.630218    0.001682
    1.645492    0.001641
    1.660766    0.001602
    1.676041    0.001563
    1.691315    0.001527
    1.706589    0.001491
    1.721864    0.001457
    1.737138    0.001424
    1.752412    0.001392
    1.767687    0.001361
