# energy [H], band-resolved DOS
   -5.854207    0.000098
   -5.838933    0.000099
   -5.823659    0.000099
   -5.808384    0.000100
   -5.793110    0.000101
   -5.777836    0.000101
   -5.762561    0.000102
   -5.747287    0.000102
   -5.732013    0.000103
   -5.716738    0.000104
   -5.701464    0.000104
   -5.686190    0.000105
   -5.670915    0.000106
   -5.655641    0.000106
   -5.640367    0.000107
   -5.625092    0.000108
   -5.609818    0.000108
   -5.594544    0.000109
   -5.579269    0.000110
   -5.563995    0.000110
   -5.548721    0.000111
   -5.533446    0.000112
   -5.518172    0.000113
   -5.502898    0.000113
   -5.487623    0.000114
   -5.472349    0.000115
   -5.457075    0.000116
   -5.441800    0.000116
   -5.426526    0.000117
   -5.411252    0.000118
   -5.395977    0.000119
   -5.380703    0.000119
   -5.365429    0.000120
   -5.350154    0.000121
   -5.334880    0.000122
   -5.319606    0.000123
   -5.304331    0.000123
   -5.289057    0.000124
   -5.273783    0.000125
   -5.258508    0.000126
   -5.243234    0.000127
   -5.227960    0.000128
   -5.212685    0.000129
   -5.197411    0.000129
   -5.182137    0.000130
   -5.166862    0.000131
   -5.151588    0.000132
   -5.136314    0.000133
   -5.121039    0.000134
   -5.105765    0.000135
   -5.090491    0.000136
   -5.075216    0.000137
   -5.059942    0.000138
   -5.044668    0.000139
   -5.029393    0.000140
   -5.014119    0.000141
   -4.998844    0.000142
   -4.983570    0.000143
   -4.968296    0.000144
   -4.953021    0.000145
   -4.937747    0.000146
   -4.922473    0.000147
   -4.907198    0.000148
   -4.891924    0.000149
   -4.876650    0.000150
   -4.861375    0.000152
   -4.846101    0.000153
   -4.830827    0.000154
   -4.815552    0.000155
   -4.800278    0.000156
   -4.785004    0.000157
   -4.769729    0.000159
   -4.754455    0.000160
   -4.739181    0.000161
   -4.723906    0.000162
   -4.708632    0.000164
   -4.693358    0.000165
   -4.678083    0.000166
   -4.662809    0.000167
   -4.647535    0.000169
   -4.632260    0.000170
   -4.616986    0.000171
   -4.601712    0.000173
   -4.586437    0.000174
   -4.571163    0.000176
   -4.555889    0.000177
   -4.540614    0.000178
   -4.525340    0.000180
   -4.510066    0.000181
   -4.494791    0.000183
   -4.479517    0.000184
   -4.464243    0.000186
   -4.448968    0.000187
   -4.433694    0.000189
   -4.418420    0.000191
   -4.403145    0.000192
   -4.387871    0.000194
   -4.372597    0.000195
   -4.357322    0.000197
   -4.342048    0.000199
   -4.326774    0.000200
   -4.311499    0.000202
   -4.296225    0.000204
   -4.280951    0.000206
   -4.265676    0.000207
   -4.250402    0.000209
   -4.235128    0.000211
   -4.219853    0.000213
   -4.204579    0.000215
   -4.189305    0.000217
   -4.174030    0.000219
   -4.158756    0.000221
   -4.143482    0.000223
   -4.128207    0.000225
   -4.112933    0.000227
   -4.097659    0.000229
   -4.082384    0.000231
   -4.067110    0.000233
   -4.051836    0.000235
   -4.036561    0.000238
   -4.021287    0.000240
   -4.006013    0.000242
   -3.990738    0.000244
   -3.975464    0.000247
   -3.960190    0.000249
   -3.944915    0.000251
   -3.929641    0.000254
   -3.914367    0.000256
   -3.899092    0.000259
   -3.883818    0.000261
   -3.868544    0.000264
   -3.853269    0.000267
   -3.837995    0.000269
   -3.822721    0.000272
   -3.807446    0.000275
   -3.792172    0.000277
   -3.776898    0.000280
   -3.761623    0.000283
   -3.746349    0.000286
   -3.731075    0.000289
   -3.715800    0.000292
   -3.700526    0.000295
   -3.685252    0.000298
   -3.669977    0.000301
   -3.654703    0.000304
   -3.639428    0.000308
   -3.624154    0.000311
   -3.608880    0.000314
   -3.593605    0.000318
   -3.578331    0.000321
   -3.563057    0.000325
   -3.547782    0.000328
   -3.532508    0.000332
   -3.517234    0.000336
   -3.501959    0.000339
   -3.486685    0.000343
   -3.471411    0.000347
   -3.456136    0.000351
   -3.440862    0.000355
   -3.425588    0.000359
   -3.410313    0.000363
   -3.395039    0.000367
   -3.379765    0.000372
   -3.364490    0.000376
   -3.349216    0.000381
   -3.333942    0.000385
   -3.318667    0.000390
   -3.303393    0.000394
   -3.288119    0.000399
   -3.272844    0.000404
   -3.257570    0.000409
   -3.242296    0.000414
   -3.227021    0.000419
   -3.211747    0.000424
   -3.196473    0.000430
   -3.181198    0.000435
   -3.165924    0.000441
   -3.150650    0.000446
   -3.135375    0.000452
   -3.120101    0.000458
   -3.104827    0.000464
   -3.089552    0.000470
   -3.074278    0.000476
   -3.059004    0.000483
   -3.043729    0.000489
   -3.028455    0.000496
   -3.013181    0.000503
   -2.997906    0.000510
   -2.982632    0.000517
   -2.967358    0.000524
   -2.952083    0.000531
   -2.936809    0.000539
   -2.921535    0.000546
   -2.906260    0.000554
   -2.890986    0.000562
   -2.875712    0.000570
   -2.860437    0.000578
   -2.845163    0.000587
   -2.829889    0.000596
   -2.814614    0.000605
   -2.799340    0.000614
   -2.784066    0.000623
   -2.768791    0.000633
   -2.753517    0.000642
   -2.738243    0.000652
   -2.722968    0.000662
   -2.707694    0.000673
   -2.692420    0.000684
   -2.677145    0.000695
   -2.661871    0.000706
   -2.646597    0.000717
   -2.631322    0.000729
   -2.616048    0.000741
   -2.600774    0.000753
   -2.585499    0.000766
   -2.570225    0.000779
   -2.554951    0.000792
   -2.539676    0.000806
   -2.524402    0.000820
   -2.509128    0.000835
   -2.493853    0.000849
   -2.478579    0.000865
   -2.463305    0.000880
   -2.448030    0.000896
   -2.432756    0.000913
   -2.417482    0.000930
   -2.402207    0.000947
   -2.386933    0.000965
   -2.371659    0.000983
   -2.356384    0.001002
   -2.341110    0.001022
   -2.325836    0.001042
   -2.310561    0.001062
   -2.295287    0.001084
   -2.280012    0.001106
   -2.264738    0.001128
   -2.249464    0.001151
   -2.234189    0.001175
   -2.218915    0.001200
   -2.203641    0.001226
   -2.188366    0.001252
   -2.173092    0.001280
   -2.157818    0.001308
   -2.142543    0.001337
   -2.127269    0.001367
   -2.111995    0.001398
   -2.096720    0.001430
   -2.081446    0.001463
   -2.066172    0.001498
   -2.050897    0.001534
   -2.035623    0.001571
   -2.020349    0.001609
   -2.005074    0.001649
   -1.989800    0.001690
   -1.974526    0.001733
   -1.959251    0.001778
   -1.943977    0.001824
   -1.928703    0.001872
   -1.913428    0.001922
   -1.898154    0.001974
   -1.882880    0.002028
   -1.867605    0.002085
   -1.852331    0.002143
   -1.837057    0.002205
   -1.821782    0.002269
   -1.806508    0.002336
   -1.791234    0.002405
   -1.775959    0.002479
   -1.760685    0.002555
   -1.745411    0.002635
   -1.730136    0.002719
   -1.714862    0.002807
   -1.699588    0.002899
   -1.684313    0.002996
   -1.669039    0.003098
   -1.653765    0.003205
   -1.638490    0.003317
   -1.623216    0.003436
   -1.607942    0.003561
   -1.592667    0.003694
   -1.577393    0.003833
   -1.562119    0.003981
   -1.546844    0.004138
   -1.531570    0.004304
   -1.516296    0.004480
   -1.501021    0.004667
   -1.485747    0.004866
   -1.470473    0.005078
   -1.455198    0.005304
   -1.439924    0.005546
   -1.424650    0.005805
   -1.409375    0.006082
   -1.394101    0.006380
   -1.378827    0.006700
   -1.363552    0.007045
   -1.348278    0.007417
   -1.333004    0.007819
   -1.317729    0.008255
   -1.302455    0.008729
   -1.287181    0.009244
   -1.271906    0.009806
   -1.256632    0.010422
   -1.241358    0.011097
   -1.226083    0.011840
   -1.210809    0.012660
   -1.195535    0.013568
   -1.180260    0.014578
   -1.164986    0.015705
   -1.149712    0.016967
   -1.134437    0.018389
   -1.119163    0.019996
   -1.103889    0.021824
   -1.088614    0.023915
   -1.073340    0.026320
   -1.058066    0.029108
   -1.042791    0.032364
   -1.027517    0.036197
   -1.012243    0.040755
   -0.996968    0.046230
   -0.981694    0.052887
   -0.966420    0.061092
   -0.951145    0.071365
   -0.935871    0.084464
   -0.920596    0.101528
   -0.905322    0.124333
   -0.890048    0.155773
   -0.874773    0.200823
   -0.859499    0.268626
   -0.844225    0.377494
   -0.828950    0.568597
   -0.813676    0.950866
   -0.798402    1.893855
   -0.783127    5.311998
   -0.767853   27.398188
   -0.752579   16.823984
   -0.737304    3.775806
   -0.722030    1.523035
   -0.706756    0.811728
   -0.691481    0.502355
   -0.676207    0.340997
   -0.660933    0.246440
   -0.645658    0.186351
   -0.630384    0.145817
   -0.615110    0.117194
   -0.599835    0.096237
   -0.584561    0.080435
   -0.569287    0.068227
   -0.554012    0.058600
   -0.538738    0.050875
   -0.523464    0.044582
   -0.508189    0.039389
   -0.492915    0.035052
   -0.477641    0.031394
   -0.462366    0.028280
   -0.447092    0.025608
   -0.431818    0.023297
   -0.416543    0.021285
   -0.401269    0.019523
   -0.385995    0.017971
   -0.370720    0.016597
   -0.355446    0.015375
   -0.340172    0.014283
   -0.324897    0.013303
   -0.309623    0.012421
   -0.294349    0.011623
   -0.279074    0.010900
   -0.263800    0.010243
   -0.248526    0.009643
   -0.233251    0.009094
   -0.217977    0.008591
   -0.202703    0.008129
   -0.187428    0.007703
   -0.172154    0.007309
   -0.156880    0.006945
   -0.141605    0.006608
   -0.126331    0.006294
   -0.111057    0.006002
   -0.095782    0.005730
   -0.080508    0.005477
   -0.065234    0.005239
   -0.049959    0.005017
   -0.034685    0.004809
   -0.019411    0.004613
   -0.004136    0.004429
    0.011138    0.004256
    0.026412    0.004093
    0.041687    0.003939
    0.056961    0.003793
    0.072235    0.003656
    0.087510    0.003525
    0.102784    0.003402
    0.118058    0.003285
    0.133333    0.003174
    0.148607    0.003068
    0.163881    0.002968
    0.179156    0.002872
    0.194430    0.002782
    0.209704    0.002695
    0.224979    0.002612
    0.240253    0.002533
    0.255527    0.002458
    0.270802    0.002386
    0.286076    0.002317
    0.301350    0.002250
    0.316625    0.002187
    0.331899    0.002127
    0.347173    0.002068
    0.362448    0.002013
    0.377722    0.001959
    0.392996    0.001908
    0.408271    0.001858
    0.423545    0.001811
    0.438820    0.001765
    0.454094    0.001721
    0.469368    0.001678
    0.484643    0.001638
    0.499917    0.001598
    0.515191    0.001560
    0.530466    0.001524
    0.545740    0.001488
    0.561014    0.001454
    0.576289    0.001421
    0.591563    0.001389
    0.606837    0.001358
    0.622112    0.001328
    0.637386    0.001300
    0.652660    0.001272
    0.667935    0.001245
    0.683209    0.001219
    0.698483    0.001193
    0.713758    0.001169
    0.729032    0.001145
    0.744306    0.001122
    0.759581    0.001099
    0.774855    0.001078
    0.790129    0.001057
    0.805404    0.001036
    0.820678    0.001016
    0.835952    0.000997
    0.851227    0.000978
    0.866501    0.000960
    0.881775    0.000942
    0.897050    0.000925
    0.912324    0.000908
    0.927598    0.000892
    0.942873    0.000876
    0.958147    0.000860
    0.973421    0.000845
    0.988696    0.000830
    1.003970    0.000816
    1.019244    0.000802
    1.034519    0.000789
    1.049793    0.000775
    1.065067    0.000763
    1.080342    0.000750
    1.095616    0.000738
    1.110890    0.000726
    1.126165    0.000714
    1.141439    0.000703
    1.156713    0.000691
    1.171988    0.000681
    1.187262    0.000670
    1.202536    0.000660
    1.217811    0.000649
    1.233085    0.000640
    1.248359    0.000630
    1.263634    0.000620
    1.278908    0.000611
    1.294182    0.000602
    1.309457    0.000593
    1.324731    0.000585
    1.340005    0.000576
    1.355280    0.000568
    1.370554    0.000560
    1.385828    0.000552
    1.401103    0.000544
    1.416377    0.000536
    1.431651    0.000529
    1.446926    0.000522
    1.462200    0.000515
    1.477474    0.000508
    1.492749    0.000501
    1.508023    0.000494
    1.523297    0.000487
    1.538572    0.000481
    1.553846    0.000475
    1.569120    0.000468
    1.584395    0.000462
    1.599669    0.000456
    1.614943    0.000451
    1.630218    0.000445
    1.645492    0.000439
    1.660766    0.000434
    1.676041    0.000428
    1.691315    0.000423
    1.706589    0.000418
    1.721864    0.000413
    1.737138    0.000408
    1.752412    0.000403
    1.767687    0.000398
