# energy [H], band-resolved DOS
   -5.854207    0.000093
   -5.838933    0.000094
   -5.823659    0.000094
   -5.808384    0.000095
   -5.793110    0.000095
   -5.777836    0.000096
   -5.762561    0.000096
   -5.747287    0.000097
   -5.732013    0.000098
   -5.716738    0.000098
   -5.701464    0.000099
   -5.686190    0.000099
   -5.670915    0.000100
   -5.655641    0.000101
   -5.640367    0.000101
   -5.625092    0.000102
   -5.609818    0.000102
   -5.594544    0.000103
   -5.579269    0.000104
   -5.563995    0.000104
   -5.548721    0.000105
   -5.533446    0.000106
   -5.518172    0.000106
   -5.502898    0.000107
   -5.487623    0.000108
   -5.472349    0.000108
   -5.457075    0.000109
   -5.441800    0.000110
   -5.426526    0.000110
   -5.411252    0.000111
   -5.395977    0.000112
   -5.380703    0.000113
   -5.365429    0.000113
   -5.350154    0.000114
   -5.334880    0.000115
   -5.319606    0.000116
   -5.304331    0.000116
   -5.289057    0.000117
   -5.273783    0.000118
   -5.258508    0.000119
   -5.243234    0.000119
   -5.227960    0.000120
   -5.212685    0.000121
   -5.197411    0.000122
   -5.182137    0.000123
   -5.166862    0.000123
   -5.151588    0.000124
   -5.136314    0.000125
   -5.121039    0.000126
   -5.105765    0.000127
   -5.090491    0.000128
   -5.075216    0.000129
   -5.059942    0.000129
   -5.044668    0.000130
   -5.029393    0.000131
   -5.014119    0.000132
   -4.998844    0.000133
   -4.983570    0.000134
   -4.968296    0.000135
   -4.953021    0.000136
   -4.937747    0.000137
   -4.922473    0.000138
   -4.907198    0.000139
   -4.891924    0.000140
   -4.876650    0.000141
   -4.861375    0.000142
   -4.846101    0.000143
   -4.830827    0.000144
   -4.815552    0.000145
   -4.800278    0.000146
   -4.785004    0.000147
   -4.769729    0.000148
   -4.754455    0.000149
   -4.739181    0.000150
   -4.723906    0.000152
   -4.708632    0.000153
   -4.693358    0.000154
   -4.678083    0.000155
   -4.662809    0.000156
   -4.647535    0.000157
   -4.632260    0.000159
   -4.616986    0.000160
   -4.601712    0.000161
   -4.586437    0.000162
   -4.571163    0.000163
   -4.555889    0.000165
   -4.540614    0.000166
   -4.525340    0.000167
   -4.510066    0.000169
   -4.494791    0.000170
   -4.479517    0.000171
   -4.464243    0.000173
   -4.448968    0.000174
   -4.433694    0.000175
   -4.418420    0.000177
   -4.403145    0.000178
   -4.387871    0.000180
   -4.372597    0.000181
   -4.357322    0.000183
   -4.342048    0.000184
   -4.326774    0.000186
   -4.311499    0.000187
   -4.296225    0.000189
   -4.280951    0.000190
   -4.265676    0.000192
   -4.250402    0.000194
   -4.235128    0.000195
   -4.219853    0.000197
   -4.204579    0.000199
   -4.189305    0.000200
   -4.174030    0.000202
   -4.158756    0.000204
   -4.143482    0.000206
   -4.128207    0.000207
   -4.112933    0.000209
   -4.097659    0.000211
   -4.082384    0.000213
   -4.067110    0.000215
   -4.051836    0.000217
   -4.036561    0.000219
   -4.021287    0.000221
   -4.006013    0.000223
   -3.990738    0.000225
   -3.975464    0.000227
   -3.960190    0.000229
   -3.944915    0.000231
   -3.929641    0.000233
   -3.914367    0.000235
   -3.899092    0.000237
   -3.883818    0.000240
   -3.868544    0.000242
   -3.853269    0.000244
   -3.837995    0.000247
   -3.822721    0.000249
   -3.807446    0.000251
   -3.792172    0.000254
   -3.776898    0.000256
   -3.761623    0.000259
   -3.746349    0.000261
   -3.731075    0.000264
   -3.715800    0.000266
   -3.700526    0.000269
   -3.685252    0.000272
   -3.669977    0.000275
   -3.654703    0.000277
   -3.639428    0.000280
   -3.624154    0.000283
   -3.608880    0.000286
   -3.593605    0.000289
   -3.578331    0.000292
   -3.563057    0.000295
   -3.547782    0.000298
   -3.532508    0.000301
   -3.517234    0.000304
   -3.501959    0.000308
   -3.486685    0.000311
   -3.471411    0.000314
   -3.456136    0.000318
   -3.440862    0.000321
   -3.425588    0.000325
   -3.410313    0.000328
   -3.395039    0.000332
   -3.379765    0.000335
   -3.364490    0.000339
   -3.349216    0.000343
   -3.333942    0.000347
   -3.318667    0.000351
   -3.303393    0.000355
   -3.288119    0.000359
   -3.272844    0.000363
   -3.257570    0.000367
   -3.242296    0.000372
   -3.227021    0.000376
   -3.211747    0.000380
   -3.196473    0.000385
   -3.181198    0.000390
   -3.165924    0.000394
   -3.150650    0.000399
   -3.135375    0.000404
   -3.120101    0.000409
   -3.104827    0.000414
   -3.089552    0.000419
   -3.074278    0.000424
   -3.059004    0.000430
   -3.043729    0.000435
   -3.028455    0.000441
   -3.013181    0.000446
   -2.997906    0.000452
   -2.982632    0.000458
   -2.967358    0.000464
   -2.952083    0.000470
   -2.936809    0.000476
   -2.921535    0.000483
   -2.906260    0.000489
   -2.890986    0.000496
   -2.875712    0.000503
   -2.860437    0.000509
   -2.845163    0.000517
   -2.829889    0.000524
   -2.814614    0.000531
   -2.799340    0.000539
   -2.784066    0.000546
   -2.768791    0.000554
   -2.753517    0.000562
   -2.738243    0.000570
   -2.722968    0.000578
   -2.707694    0.000587
   -2.692420    0.000596
   -2.677145    0.000605
   -2.661871    0.000614
   -2.646597    0.000623
   -2.631322    0.000633
   -2.616048    0.000642
   -2.600774    0.000652
   -2.585499    0.000662
   -2.570225    0.000673
   -2.554951    0.000684
   -2.539676    0.000695
   -2.524402    0.000706
   -2.509128    0.000717
   -2.493853    0.000729
   -2.478579    0.000741
   -2.463305    0.000753
   -2.448030    0.000766
   -2.432756    0.000779
   -2.417482    0.000793
   -2.402207    0.000806
   -2.386933    0.000820
   -2.371659    0.000835
   -2.356384    0.000849
   -2.341110    0.000865
   -2.325836    0.000880
   -2.310561    0.000896
   -2.295287    0.000913
   -2.280012    0.000930
   -2.264738    0.000947
   -2.249464    0.000965
   -2.234189    0.000983
   -2.218915    0.001002
   -2.203641    0.001022
   -2.188366    0.001042
   -2.173092    0.001063
   -2.157818    0.001084
   -2.142543    0.001106
   -2.127269    0.001129
   -2.111995    0.001152
   -2.096720    0.001176
   -2.081446    0.001201
   -2.066172    0.001226
   -2.050897    0.001253
   -2.035623    0.001280
   -2.020349    0.001308
   -2.005074    0.001337
   -1.989800    0.001368
   -1.974526    0.001399
   -1.959251    0.001431
   -1.943977    0.001464
   -1.928703    0.001499
   -1.913428    0.001535
   -1.898154    0.001572
   -1.882880    0.001610
   -1.867605    0.001650
   -1.852331    0.001692
   -1.837057    0.001735
   -1.821782    0.001779
   -1.806508    0.001826
   -1.791234    0.001874
   -1.775959    0.001924
   -1.760685    0.001976
   -1.745411    0.002030
   -1.730136    0.002087
   -1.714862    0.002146
   -1.699588    0.002208
   -1.684313    0.002272
   -1.669039    0.002339
   -1.653765    0.002409
   -1.638490    0.002482
   -1.623216    0.002559
   -1.607942    0.002639
   -1.592667    0.002724
   -1.577393    0.002812
   -1.562119    0.002905
   -1.546844    0.003002
   -1.531570    0.003104
   -1.516296    0.003212
   -1.501021    0.003325
   -1.485747    0.003445
   -1.470473    0.003571
   -1.455198    0.003704
   -1.439924    0.003845
   -1.424650    0.003993
   -1.409375    0.004151
   -1.394101    0.004318
   -1.378827    0.004496
   -1.363552    0.004685
   -1.348278    0.004886
   -1.333004    0.005100
   -1.317729    0.005328
   -1.302455    0.005573
   -1.287181    0.005835
   -1.271906    0.006115
   -1.256632    0.006417
   -1.241358    0.006741
   -1.226083    0.007090
   -1.210809    0.007468
   -1.195535    0.007877
   -1.180260    0.008320
   -1.164986    0.008802
   -1.149712    0.009327
   -1.134437    0.009901
   -1.119163    0.010530
   -1.103889    0.011222
   -1.088614    0.011983
   -1.073340    0.012826
   -1.058066    0.013761
   -1.042791    0.014804
   -1.027517    0.015970
   -1.012243    0.017281
   -0.996968    0.018762
   -0.981694    0.020443
   -0.966420    0.022364
   -0.951145    0.024571
   -0.935871    0.027128
   -0.920596    0.030110
   -0.905322    0.033622
   -0.890048    0.037798
   -0.874773    0.042819
   -0.859499    0.048938
   -0.844225    0.056507
   -0.828950    0.066040
   -0.813676    0.078304
   -0.798402    0.094504
   -0.783127    0.116616
   -0.767853    0.148116
   -0.752579    0.195659
   -0.737304    0.273617
   -0.722030    0.419030
   -0.706756    0.758989
   -0.691481    2.023955
   -0.676207    7.323105
   -0.660933    6.162950
   -0.645658    5.712525
   -0.630384    6.643810
   -0.615110    8.762122
   -0.599835    9.954362
   -0.584561    9.638752
   -0.569287    2.903135
   -0.554012    1.022847
   -0.538738    0.541213
   -0.523464    0.342211
   -0.508189    0.238582
   -0.492915    0.176957
   -0.477641    0.137009
   -0.462366    0.109492
   -0.447092    0.089661
   -0.431818    0.074860
   -0.416543    0.063500
   -0.401269    0.054579
   -0.385995    0.047437
   -0.370720    0.041627
   -0.355446    0.036834
   -0.340172    0.032831
   -0.324897    0.029453
   -0.309623    0.026575
   -0.294349    0.024102
   -0.279074    0.021961
   -0.263800    0.020096
   -0.248526    0.018459
   -0.233251    0.017016
   -0.217977    0.015737
   -0.202703    0.014597
   -0.187428    0.013577
   -0.172154    0.012661
   -0.156880    0.011835
   -0.141605    0.011088
   -0.126331    0.010410
   -0.111057    0.009792
   -0.095782    0.009228
   -0.080508    0.008711
   -0.065234    0.008237
   -0.049959    0.007800
   -0.034685    0.007397
   -0.019411    0.007025
   -0.004136    0.006681
    0.011138    0.006361
    0.026412    0.006063
    0.041687    0.005786
    0.056961    0.005528
    0.072235    0.005287
    0.087510    0.005061
    0.102784    0.004849
    0.118058    0.004650
    0.133333    0.004464
    0.148607    0.004288
    0.163881    0.004122
    0.179156    0.003966
    0.194430    0.003819
    0.209704    0.003680
    0.224979    0.003548
    0.240253    0.003423
    0.255527    0.003305
    0.270802    0.003193
    0.286076    0.003086
    0.301350    0.002985
    0.316625    0.002888
    0.331899    0.002796
    0.347173    0.002709
    0.362448    0.002625
    0.377722    0.002545
    0.392996    0.002469
    0.408271    0.002397
    0.423545    0.002327
    0.438820    0.002260
    0.454094    0.002197
    0.469368    0.002136
    0.484643    0.002077
    0.499917    0.002021
    0.515191    0.001967
    0.530466    0.001915
    0.545740    0.001865
    0.561014    0.001817
    0.576289    0.001771
    0.591563    0.001727
    0.606837    0.001684
    0.622112    0.001643
    0.637386    0.001603
    0.652660    0.001565
    0.667935    0.001528
    0.683209    0.001493
    0.698483    0.001459
    0.713758    0.001425
    0.729032    0.001393
    0.744306    0.001362
    0.759581    0.001332
    0.774855    0.001303
    0.790129    0.001275
    0.805404    0.001248
    0.820678    0.001222
    0.835952    0.001196
    0.851227    0.001172
    0.866501    0.001148
    0.881775    0.001125
    0.897050    0.001102
    0.912324    0.001080
    0.927598    0.001059
    0.942873    0.001038
    0.958147    0.001019
    0.973421    0.000999
    0.988696    0.000980
    1.003970    0.000962
    1.019244    0.000944
    1.034519    0.000927
    1.049793    0.000910
    1.065067    0.000894
    1.080342    0.000878
    1.095616    0.000862
    1.110890    0.000847
    1.126165    0.000832
    1.141439    0.000818
    1.156713    0.000804
    1.171988    0.000790
    1.187262    0.000777
    1.202536    0.000764
    1.217811    0.000751
    1.233085    0.000739
    1.248359    0.000727
    1.263634    0.000715
    1.278908    0.000704
    1.294182    0.000693
    1.309457    0.000682
    1.324731    0.000671
    1.340005    0.000661
    1.355280    0.000651
    1.370554    0.000641
    1.385828    0.000631
    1.401103    0.000621
    1.416377    0.000612
    1.431651    0.000603
    1.446926    0.000594
    1.462200    0.000585
    1.477474    0.000577
    1.492749    0.000569
    1.508023    0.000561
    1.523297    0.000553
    1.538572    0.000545
    1.553846    0.000537
    1.569120    0.000530
    1.584395    0.000522
    1.599669    0.000515
    1.614943    0.000508
    1.630218    0.000501
    1.645492    0.000495
    1.660766    0.000488
    1.676041    0.000482
    1.691315    0.000475
    1.706589    0.000469
    1.721864    0.000463
    1.737138    0.000457
    1.752412    0.000451
    1.767687    0.000445
