# energy [H], band-resolved DOS
   -5.854207    0.000099
   -5.838933    0.000099
   -5.823659    0.000100
   -5.808384    0.000101
   -5.793110    0.000101
   -5.777836    0.000102
   -5.762561    0.000102
   -5.747287    0.000103
   -5.732013    0.000104
   -5.716738    0.000104
   -5.701464    0.000105
   -5.686190    0.000106
   -5.670915    0.000106
   -5.655641    0.000107
   -5.640367    0.000108
   -5.625092    0.000108
   -5.609818    0.000109
   -5.594544    0.000110
   -5.579269    0.000110
   -5.563995    0.000111
   -5.548721    0.000112
   -5.533446    0.000113
   -5.518172    0.000113
   -5.502898    0.000114
   -5.487623    0.000115
   -5.472349    0.000115
   -5.457075    0.000116
   -5.441800    0.000117
   -5.426526    0.000118
   -5.411252    0.000119
   -5.395977    0.000119
   -5.380703    0.000120
   -5.365429    0.000121
   -5.350154    0.000122
   -5.334880    0.000123
   -5.319606    0.000123
   -5.304331    0.000124
   -5.289057    0.000125
   -5.273783    0.000126
   -5.258508    0.000127
   -5.243234    0.000128
   -5.227960    0.000129
   -5.212685    0.000129
   -5.197411    0.000130
   -5.182137    0.000131
   -5.166862    0.000132
   -5.151588    0.000133
   -5.136314    0.000134
   -5.121039    0.000135
   -5.105765    0.000136
   -5.090491    0.000137
   -5.075216    0.000138
   -5.059942    0.000139
   -5.044668    0.000140
   -5.029393    0.000141
   -5.014119    0.000142
   -4.998844    0.000143
   -4.983570    0.000144
   -4.968296    0.000145
   -4.953021    0.000146
   -4.937747    0.000147
   -4.922473    0.000148
   -4.907198    0.000149
   -4.891924    0.000150
   -4.876650    0.000151
   -4.861375    0.000153
   -4.846101    0.000154
   -4.830827    0.000155
   -4.815552    0.000156
   -4.800278    0.000157
   -4.785004    0.000158
   -4.769729    0.000160
   -4.754455    0.000161
   -4.739181    0.000162
   -4.723906    0.000163
   -4.708632    0.000165
   -4.693358    0.000166
   -4.678083    0.000167
   -4.662809    0.000169
   -4.647535    0.000170
   -4.632260    0.000171
   -4.616986    0.000173
   -4.601712    0.000174
   -4.586437    0.000175
   -4.571163    0.000177
   -4.555889    0.000178
   -4.540614    0.000180
   -4.525340    0.000181
   -4.510066    0.000183
   -4.494791    0.000184
   -4.479517    0.000186
   -4.464243    0.000187
   -4.448968    0.000189
   -4.433694    0.000190
   -4.418420    0.000192
   -4.403145    0.000194
   -4.387871    0.000195
   -4.372597    0.000197
   -4.357322    0.000199
   -4.342048    0.000200
   -4.326774    0.000202
   -4.311499    0.000204
   -4.296225    0.000206
   -4.280951    0.000207
   -4.265676    0.000209
   -4.250402    0.000211
   -4.235128    0.000213
   -4.219853    0.000215
   -4.204579    0.000217
   -4.189305    0.000219
   -4.174030    0.000221
   -4.158756    0.000223
   -4.143482    0.000225
   -4.128207    0.000227
   -4.112933    0.000229
   -4.097659    0.000231
   -4.082384    0.000233
   -4.067110    0.000235
   -4.051836    0.000237
   -4.036561    0.000240
   -4.021287    0.000242
   -4.006013    0.000244
   -3.990738    0.000246
   -3.975464    0.000249
   -3.960190    0.000251
   -3.944915    0.000254
   -3.929641    0.000256
   -3.914367    0.000259
   -3.899092    0.000261
   -3.883818    0.000264
   -3.868544    0.000266
   -3.853269    0.000269
   -3.837995    0.000272
   -3.822721    0.000274
   -3.807446    0.000277
   -3.792172    0.000280
   -3.776898    0.000283
   -3.761623    0.000286
   -3.746349    0.000289
   -3.731075    0.000292
   -3.715800    0.000295
   -3.700526    0.000298
   -3.685252    0.000301
   -3.669977    0.000304
   -3.654703    0.000307
   -3.639428    0.000311
   -3.624154    0.000314
   -3.608880    0.000317
   -3.593605    0.000321
   -3.578331    0.000324
   -3.563057    0.000328
   -3.547782    0.000332
   -3.532508    0.000335
   -3.517234    0.000339
   -3.501959    0.000343
   -3.486685    0.000347
   -3.471411    0.000351
   -3.456136    0.000355
   -3.440862    0.000359
   -3.425588    0.000363
   -3.410313    0.000367
   -3.395039    0.000371
   -3.379765    0.000376
   -3.364490    0.000380
   -3.349216    0.000385
   -3.333942    0.000389
   -3.318667    0.000394
   -3.303393    0.000399
   -3.288119    0.000404
   -3.272844    0.000409
   -3.257570    0.000414
   -3.242296    0.000419
   -3.227021    0.000424
   -3.211747    0.000429
   -3.196473    0.000435
   -3.181198    0.000440
   -3.165924    0.000446
   -3.150650    0.000452
   -3.135375    0.000458
   -3.120101    0.000464
   -3.104827    0.000470
   -3.089552    0.000476
   -3.074278    0.000482
   -3.059004    0.000489
   -3.043729    0.000495
   -3.028455    0.000502
   -3.013181    0.000509
   -2.997906    0.000516
   -2.982632    0.000523
   -2.967358    0.000531
   -2.952083    0.000538
   -2.936809    0.000546
   -2.921535    0.000553
   -2.906260    0.000561
   -2.890986    0.000570
   -2.875712    0.000578
   -2.860437    0.000586
   -2.845163    0.000595
   -2.829889    0.000604
   -2.814614    0.000613
   -2.799340    0.000622
   -2.784066    0.000632
   -2.768791    0.000642
   -2.753517    0.000651
   -2.738243    0.000662
   -2.722968    0.000672
   -2.707694    0.000683
   -2.692420    0.000694
   -2.677145    0.000705
   -2.661871    0.000716
   -2.646597    0.000728
   -2.631322    0.000740
   -2.616048    0.000753
   -2.600774    0.000765
   -2.585499    0.000778
   -2.570225    0.000791
   -2.554951    0.000805
   -2.539676    0.000819
   -2.524402    0.000833
   -2.509128    0.000848
   -2.493853    0.000863
   -2.478579    0.000879
   -2.463305    0.000895
   -2.448030    0.000911
   -2.432756    0.000928
   -2.417482    0.000946
   -2.402207    0.000963
   -2.386933    0.000982
   -2.371659    0.001001
   -2.356384    0.001020
   -2.341110    0.001040
   -2.325836    0.001061
   -2.310561    0.001082
   -2.295287    0.001104
   -2.280012    0.001126
   -2.264738    0.001150
   -2.249464    0.001174
   -2.234189    0.001198
   -2.218915    0.001224
   -2.203641    0.001250
   -2.188366    0.001277
   -2.173092    0.001306
   -2.157818    0.001335
   -2.142543    0.001365
   -2.127269    0.001396
   -2.111995    0.001428
   -2.096720    0.001461
   -2.081446    0.001495
   -2.066172    0.001531
   -2.050897    0.001568
   -2.035623    0.001606
   -2.020349    0.001646
   -2.005074    0.001687
   -1.989800    0.001730
   -1.974526    0.001774
   -1.959251    0.001820
   -1.943977    0.001868
   -1.928703    0.001918
   -1.913428    0.001970
   -1.898154    0.002024
   -1.882880    0.002080
   -1.867605    0.002139
   -1.852331    0.002200
   -1.837057    0.002264
   -1.821782    0.002331
   -1.806508    0.002400
   -1.791234    0.002473
   -1.775959    0.002549
   -1.760685    0.002629
   -1.745411    0.002712
   -1.730136    0.002800
   -1.714862    0.002892
   -1.699588    0.002988
   -1.684313    0.003090
   -1.669039    0.003197
   -1.653765    0.003309
   -1.638490    0.003427
   -1.623216    0.003552
   -1.607942    0.003684
   -1.592667    0.003823
   -1.577393    0.003970
   -1.562119    0.004126
   -1.546844    0.004291
   -1.531570    0.004466
   -1.516296    0.004653
   -1.501021    0.004851
   -1.485747    0.005062
   -1.470473    0.005288
   -1.455198    0.005528
   -1.439924    0.005786
   -1.424650    0.006062
   -1.409375    0.006358
   -1.394101    0.006676
   -1.378827    0.007019
   -1.363552    0.007389
   -1.348278    0.007789
   -1.333004    0.008223
   -1.317729    0.008694
   -1.302455    0.009206
   -1.287181    0.009765
   -1.271906    0.010376
   -1.256632    0.011047
   -1.241358    0.011785
   -1.226083    0.012600
   -1.210809    0.013502
   -1.195535    0.014504
   -1.180260    0.015622
   -1.164986    0.016875
   -1.149712    0.018285
   -1.134437    0.019879
   -1.119163    0.021692
   -1.103889    0.023764
   -1.088614    0.026147
   -1.073340    0.028909
   -1.058066    0.032132
   -1.042791    0.035926
   -1.027517    0.040434
   -1.012243    0.045847
   -0.996968    0.052425
   -0.981694    0.060528
   -0.966420    0.070666
   -0.951145    0.083585
   -0.935871    0.100403
   -0.920596    0.122862
   -0.905322    0.153805
   -0.890048    0.198117
   -0.874773    0.264795
   -0.859499    0.371921
   -0.844225    0.560464
   -0.828950    0.940640
   -0.813676    1.901590
   -0.798402    5.676754
   -0.783127   22.671447
   -0.767853   22.462461
   -0.752579    4.579673
   -0.737304    1.691088
   -0.722030    0.869023
   -0.706756    0.527887
   -0.691481    0.354404
   -0.676207    0.254298
   -0.660933    0.191333
   -0.645658    0.149166
   -0.630384    0.119551
   -0.615110    0.097956
   -0.599835    0.081727
   -0.584561    0.069221
   -0.569287    0.059382
   -0.554012    0.051501
   -0.538738    0.045091
   -0.523464    0.039807
   -0.508189    0.035401
   -0.492915    0.031688
   -0.477641    0.028530
   -0.462366    0.025822
   -0.447092    0.023481
   -0.431818    0.021445
   -0.416543    0.019663
   -0.401269    0.018094
   -0.385995    0.016706
   -0.370720    0.015472
   -0.355446    0.014369
   -0.340172    0.013380
   -0.324897    0.012490
   -0.309623    0.011686
   -0.294349    0.010957
   -0.279074    0.010295
   -0.263800    0.009690
   -0.248526    0.009138
   -0.233251    0.008631
   -0.217977    0.008165
   -0.202703    0.007736
   -0.187428    0.007340
   -0.172154    0.006974
   -0.156880    0.006634
   -0.141605    0.006319
   -0.126331    0.006025
   -0.111057    0.005752
   -0.095782    0.005496
   -0.080508    0.005258
   -0.065234    0.005034
   -0.049959    0.004825
   -0.034685    0.004628
   -0.019411    0.004443
   -0.004136    0.004269
    0.011138    0.004105
    0.026412    0.003951
    0.041687    0.003804
    0.056961    0.003666
    0.072235    0.003536
    0.087510    0.003412
    0.102784    0.003294
    0.118058    0.003183
    0.133333    0.003077
    0.148607    0.002976
    0.163881    0.002880
    0.179156    0.002789
    0.194430    0.002702
    0.209704    0.002618
    0.224979    0.002539
    0.240253    0.002464
    0.255527    0.002391
    0.270802    0.002322
    0.286076    0.002256
    0.301350    0.002192
    0.316625    0.002131
    0.331899    0.002073
    0.347173    0.002017
    0.362448    0.001963
    0.377722    0.001912
    0.392996    0.001862
    0.408271    0.001814
    0.423545    0.001768
    0.438820    0.001724
    0.454094    0.001682
    0.469368    0.001641
    0.484643    0.001601
    0.499917    0.001563
    0.515191    0.001526
    0.530466    0.001491
    0.545740    0.001457
    0.561014    0.001424
    0.576289    0.001392
    0.591563    0.001361
    0.606837    0.001331
    0.622112    0.001302
    0.637386    0.001274
    0.652660    0.001247
    0.667935    0.001221
    0.683209    0.001195
    0.698483    0.001171
    0.713758    0.001147
    0.729032    0.001124
    0.744306    0.001101
    0.759581    0.001079
    0.774855    0.001058
    0.790129    0.001038
    0.805404    0.001018
    0.820678    0.000998
    0.835952    0.000979
    0.851227    0.000961
    0.866501    0.000943
    0.881775    0.000926
    0.897050    0.000909
    0.912324    0.000893
    0.927598    0.000877
    0.942873    0.000861
    0.958147    0.000846
    0.973421    0.000832
    0.988696    0.000817
    1.003970    0.000803
    1.019244    0.000790
    1.034519    0.000776
    1.049793    0.000764
    1.065067    0.000751
    1.080342    0.000739
    1.095616    0.000727
    1.110890    0.000715
    1.126165    0.000703
    1.141439    0.000692
    1.156713    0.000681
    1.171988    0.000671
    1.187262    0.000660
    1.202536    0.000650
    1.217811    0.000640
    1.233085    0.000631
    1.248359    0.000621
    1.263634    0.000612
    1.278908    0.000603
    1.294182    0.000594
    1.309457    0.000585
    1.324731    0.000577
    1.340005    0.000568
    1.355280    0.000560
    1.370554    0.000552
    1.385828    0.000545
    1.401103    0.000537
    1.416377    0.000530
    1.431651    0.000522
    1.446926    0.000515
    1.462200    0.000508
    1.477474    0.000501
    1.492749    0.000495
    1.508023    0.000488
    1.523297    0.000481
    1.538572    0.000475
    1.553846    0.000469
    1.569120    0.000463
    1.584395    0.000457
    1.599669    0.000451
    1.614943    0.000445
    1.630218    0.000440
    1.645492    0.000434
    1.660766    0.000429
    1.676041    0.000423
    1.691315    0.000418
    1.706589    0.000413
    1.721864    0.000408
    1.737138    0.000403
    1.752412    0.000398
    1.767687    0.000393
