# energy [H], band-resolved DOS
   -5.854207    0.000099
   -5.838933    0.000099
   -5.823659    0.000100
   -5.808384    0.000100
   -5.793110    0.000101
   -5.777836    0.000102
   -5.762561    0.000102
   -5.747287    0.000103
   -5.732013    0.000104
   -5.716738    0.000104
   -5.701464    0.000105
   -5.686190    0.000106
   -5.670915    0.000106
   -5.655641    0.000107
   -5.640367    0.000108
   -5.625092    0.000108
   -5.609818    0.000109
   -5.594544    0.000110
   -5.579269    0.000110
   -5.563995    0.000111
   -5.548721    0.000112
   -5.533446    0.000112
   -5.518172    0.000113
   -5.502898    0.000114
   -5.487623    0.000115
   -5.472349    0.000115
   -5.457075    0.000116
   -5.441800    0.000117
   -5.426526    0.000118
   -5.411252    0.000118
   -5.395977    0.000119
   -5.380703    0.000120
   -5.365429    0.000121
   -5.350154    0.000122
   -5.334880    0.000122
   -5.319606    0.000123
   -5.304331    0.000124
   -5.289057    0.000125
   -5.273783    0.000126
   -5.258508    0.000127
   -5.243234    0.000127
   -5.227960    0.000128
   -5.212685    0.000129
   -5.197411    0.000130
   -5.182137    0.000131
   -5.166862    0.000132
   -5.151588    0.000133
   -5.136314    0.000134
   -5.121039    0.000135
   -5.105765    0.000136
   -5.090491    0.000137
   -5.075216    0.000138
   -5.059942    0.000139
   -5.044668    0.000140
   -5.029393    0.000141
   -5.014119    0.000142
   -4.998844    0.000143
   -4.983570    0.000144
   -4.968296    0.000145
   -4.953021    0.000146
   -4.937747    0.000147
   -4.922473    0.000148
   -4.907198    0.000149
   -4.891924    0.000150
   -4.876650    0.000151
   -4.861375    0.000152
   -4.846101    0.000154
   -4.830827    0.000155
   -4.815552    0.000156
   -4.800278    0.000157
   -4.785004    0.000158
   -4.769729    0.000159
   -4.754455    0.000161
   -4.739181    0.000162
   -4.723906    0.000163
   -4.708632    0.000164
   -4.693358    0.000166
   -4.678083    0.000167
   -4.662809    0.000168
   -4.647535    0.000170
   -4.632260    0.000171
   -4.616986    0.000172
   -4.601712    0.000174
   -4.586437    0.000175
   -4.571163    0.000177
   -4.555889    0.000178
   -4.540614    0.000179
   -4.525340    0.000181
   -4.510066    0.000182
   -4.494791    0.000184
   -4.479517    0.000185
   -4.464243    0.000187
   -4.448968    0.000189
   -4.433694    0.000190
   -4.418420    0.000192
   -4.403145    0.000193
   -4.387871    0.000195
   -4.372597    0.000197
   -4.357322    0.000198
   -4.342048    0.000200
   -4.326774    0.000202
   -4.311499    0.000203
   -4.296225    0.000205
   -4.280951    0.000207
   -4.265676    0.000209
   -4.250402    0.000211
   -4.235128    0.000213
   -4.219853    0.000214
   -4.204579    0.000216
   -4.189305    0.000218
   -4.174030    0.000220
   -4.158756    0.000222
   -4.143482    0.000224
   -4.128207    0.000226
   -4.112933    0.000228
   -4.097659    0.000230
   -4.082384    0.000233
   -4.067110    0.000235
   -4.051836    0.000237
   -4.036561    0.000239
   -4.021287    0.000241
   -4.006013    0.000244
   -3.990738    0.000246
   -3.975464    0.000248
   -3.960190    0.000251
   -3.944915    0.000253
   -3.929641    0.000256
   -3.914367    0.000258
   -3.899092    0.000261
   -3.883818    0.000263
   -3.868544    0.000266
   -3.853269    0.000269
   -3.837995    0.000271
   -3.822721    0.000274
   -3.807446    0.000277
   -3.792172    0.000279
   -3.776898    0.000282
   -3.761623    0.000285
   -3.746349    0.000288
   -3.731075    0.000291
   -3.715800    0.000294
   -3.700526    0.000297
   -3.685252    0.000300
   -3.669977    0.000304
   -3.654703    0.000307
   -3.639428    0.000310
   -3.624154    0.000313
   -3.608880    0.000317
   -3.593605    0.000320
   -3.578331    0.000324
   -3.563057    0.000327
   -3.547782    0.000331
   -3.532508    0.000335
   -3.517234    0.000338
   -3.501959    0.000342
   -3.486685    0.000346
   -3.471411    0.000350
   -3.456136    0.000354
   -3.440862    0.000358
   -3.425588    0.000362
   -3.410313    0.000366
   -3.395039    0.000371
   -3.379765    0.000375
   -3.364490    0.000379
   -3.349216    0.000384
   -3.333942    0.000388
   -3.318667    0.000393
   -3.303393    0.000398
   -3.288119    0.000403
   -3.272844    0.000408
   -3.257570    0.000413
   -3.242296    0.000418
   -3.227021    0.000423
   -3.211747    0.000428
   -3.196473    0.000434
   -3.181198    0.000439
   -3.165924    0.000445
   -3.150650    0.000451
   -3.135375    0.000457
   -3.120101    0.000463
   -3.104827    0.000469
   -3.089552    0.000475
   -3.074278    0.000481
   -3.059004    0.000488
   -3.043729    0.000494
   -3.028455    0.000501
   -3.013181    0.000508
   -2.997906    0.000515
   -2.982632    0.000522
   -2.967358    0.000529
   -2.952083    0.000537
   -2.936809    0.000544
   -2.921535    0.000552
   -2.906260    0.000560
   -2.890986    0.000568
   -2.875712    0.000576
   -2.860437    0.000585
   -2.845163    0.000593
   -2.829889    0.000602
   -2.814614    0.000611
   -2.799340    0.000621
   -2.784066    0.000630
   -2.768791    0.000640
   -2.753517    0.000650
   -2.738243    0.000660
   -2.722968    0.000670
   -2.707694    0.000681
   -2.692420    0.000692
   -2.677145    0.000703
   -2.661871    0.000714
   -2.646597    0.000726
   -2.631322    0.000738
   -2.616048    0.000750
   -2.600774    0.000763
   -2.585499    0.000776
   -2.570225    0.000789
   -2.554951    0.000803
   -2.539676    0.000816
   -2.524402    0.000831
   -2.509128    0.000845
   -2.493853    0.000861
   -2.478579    0.000876
   -2.463305    0.000892
   -2.448030    0.000908
   -2.432756    0.000925
   -2.417482    0.000942
   -2.402207    0.000960
   -2.386933    0.000978
   -2.371659    0.000997
   -2.356384    0.001017
   -2.341110    0.001036
   -2.325836    0.001057
   -2.310561    0.001078
   -2.295287    0.001100
   -2.280012    0.001122
   -2.264738    0.001145
   -2.249464    0.001169
   -2.234189    0.001194
   -2.218915    0.001219
   -2.203641    0.001245
   -2.188366    0.001272
   -2.173092    0.001300
   -2.157818    0.001329
   -2.142543    0.001359
   -2.127269    0.001390
   -2.111995    0.001422
   -2.096720    0.001455
   -2.081446    0.001489
   -2.066172    0.001524
   -2.050897    0.001561
   -2.035623    0.001599
   -2.020349    0.001638
   -2.005074    0.001679
   -1.989800    0.001722
   -1.974526    0.001766
   -1.959251    0.001812
   -1.943977    0.001859
   -1.928703    0.001909
   -1.913428    0.001960
   -1.898154    0.002014
   -1.882880    0.002070
   -1.867605    0.002128
   -1.852331    0.002189
   -1.837057    0.002252
   -1.821782    0.002318
   -1.806508    0.002387
   -1.791234    0.002459
   -1.775959    0.002535
   -1.760685    0.002614
   -1.745411    0.002697
   -1.730136    0.002784
   -1.714862    0.002875
   -1.699588    0.002970
   -1.684313    0.003071
   -1.669039    0.003176
   -1.653765    0.003288
   -1.638490    0.003405
   -1.623216    0.003528
   -1.607942    0.003659
   -1.592667    0.003796
   -1.577393    0.003942
   -1.562119    0.004096
   -1.546844    0.004260
   -1.531570    0.004433
   -1.516296    0.004617
   -1.501021    0.004813
   -1.485747    0.005022
   -1.470473    0.005245
   -1.455198    0.005482
   -1.439924    0.005737
   -1.424650    0.006009
   -1.409375    0.006301
   -1.394101    0.006615
   -1.378827    0.006954
   -1.363552    0.007318
   -1.348278    0.007713
   -1.333004    0.008140
   -1.317729    0.008603
   -1.302455    0.009107
   -1.287181    0.009657
   -1.271906    0.010258
   -1.256632    0.010918
   -1.241358    0.011642
   -1.226083    0.012442
   -1.210809    0.013326
   -1.195535    0.014309
   -1.180260    0.015404
   -1.164986    0.016631
   -1.149712    0.018009
   -1.134437    0.019567
   -1.119163    0.021335
   -1.103889    0.023355
   -1.088614    0.025675
   -1.073340    0.028360
   -1.058066    0.031489
   -1.042791    0.035165
   -1.027517    0.039525
   -1.012243    0.044750
   -0.996968    0.051083
   -0.981694    0.058863
   -0.966420    0.068567
   -0.951145    0.080884
   -0.935871    0.096845
   -0.920596    0.118045
   -0.905322    0.147055
   -0.890048    0.188246
   -0.874773    0.249536
   -0.859499    0.346511
   -0.844225    0.513450
   -0.828950    0.838523
   -0.813676    1.610274
   -0.798402    4.263836
   -0.783127   19.073854
   -0.767853   27.351383
   -0.752579    5.642918
   -0.737304    1.933962
   -0.722030    0.958688
   -0.706756    0.570387
   -0.691481    0.377803
   -0.676207    0.268530
   -0.660933    0.200625
   -0.645658    0.155566
   -0.630384    0.124144
   -0.615110    0.101364
   -0.599835    0.084324
   -0.584561    0.071247
   -0.569287    0.060991
   -0.554012    0.052801
   -0.538738    0.046156
   -0.523464    0.040691
   -0.508189    0.036142
   -0.492915    0.032316
   -0.477641    0.029066
   -0.462366    0.026283
   -0.447092    0.023882
   -0.431818    0.021795
   -0.416543    0.019970
   -0.401269    0.018365
   -0.385995    0.016947
   -0.370720    0.015686
   -0.355446    0.014561
   -0.340172    0.013553
   -0.324897    0.012646
   -0.309623    0.011827
   -0.294349    0.011085
   -0.279074    0.010411
   -0.263800    0.009797
   -0.248526    0.009235
   -0.233251    0.008720
   -0.217977    0.008247
   -0.202703    0.007812
   -0.187428    0.007410
   -0.172154    0.007039
   -0.156880    0.006694
   -0.141605    0.006375
   -0.126331    0.006077
   -0.111057    0.005800
   -0.095782    0.005542
   -0.080508    0.005300
   -0.065234    0.005074
   -0.049959    0.004862
   -0.034685    0.004663
   -0.019411    0.004476
   -0.004136    0.004300
    0.011138    0.004135
    0.026412    0.003978
    0.041687    0.003831
    0.056961    0.003691
    0.072235    0.003559
    0.087510    0.003434
    0.102784    0.003315
    0.118058    0.003203
    0.133333    0.003096
    0.148607    0.002994
    0.163881    0.002897
    0.179156    0.002805
    0.194430    0.002717
    0.209704    0.002633
    0.224979    0.002553
    0.240253    0.002477
    0.255527    0.002404
    0.270802    0.002334
    0.286076    0.002268
    0.301350    0.002204
    0.316625    0.002142
    0.331899    0.002083
    0.347173    0.002027
    0.362448    0.001973
    0.377722    0.001921
    0.392996    0.001871
    0.408271    0.001823
    0.423545    0.001777
    0.438820    0.001732
    0.454094    0.001689
    0.469368    0.001648
    0.484643    0.001608
    0.499917    0.001570
    0.515191    0.001533
    0.530466    0.001497
    0.545740    0.001463
    0.561014    0.001430
    0.576289    0.001397
    0.591563    0.001366
    0.606837    0.001336
    0.622112    0.001307
    0.637386    0.001279
    0.652660    0.001252
    0.667935    0.001225
    0.683209    0.001200
    0.698483    0.001175
    0.713758    0.001151
    0.729032    0.001128
    0.744306    0.001105
    0.759581    0.001083
    0.774855    0.001062
    0.790129    0.001041
    0.805404    0.001021
    0.820678    0.001002
    0.835952    0.000983
    0.851227    0.000964
    0.866501    0.000947
    0.881775    0.000929
    0.897050    0.000912
    0.912324    0.000896
    0.927598    0.000880
    0.942873    0.000864
    0.958147    0.000849
    0.973421    0.000834
    0.988696    0.000820
    1.003970    0.000806
    1.019244    0.000792
    1.034519    0.000779
    1.049793    0.000766
    1.065067    0.000753
    1.080342    0.000741
    1.095616    0.000729
    1.110890    0.000717
    1.126165    0.000706
    1.141439    0.000694
    1.156713    0.000683
    1.171988    0.000673
    1.187262    0.000662
    1.202536    0.000652
    1.217811    0.000642
    1.233085    0.000632
    1.248359    0.000623
    1.263634    0.000614
    1.278908    0.000604
    1.294182    0.000596
    1.309457    0.000587
    1.324731    0.000578
    1.340005    0.000570
    1.355280    0.000562
    1.370554    0.000554
    1.385828    0.000546
    1.401103    0.000538
    1.416377    0.000531
    1.431651    0.000524
    1.446926    0.000516
    1.462200    0.000509
    1.477474    0.000503
    1.492749    0.000496
    1.508023    0.000489
    1.523297    0.000483
    1.538572    0.000476
    1.553846    0.000470
    1.569120    0.000464
    1.584395    0.000458
    1.599669    0.000452
    1.614943    0.000446
    1.630218    0.000441
    1.645492    0.000435
    1.660766    0.000430
    1.676041    0.000424
    1.691315    0.000419
    1.706589    0.000414
    1.721864    0.000409
    1.737138    0.000404
    1.752412    0.000399
    1.767687    0.000394
