# energy [H], band-resolved DOS
   -5.854207    0.000098
   -5.838933    0.000099
   -5.823659    0.000099
   -5.808384    0.000100
   -5.793110    0.000101
   -5.777836    0.000101
   -5.762561    0.000102
   -5.747287    0.000103
   -5.732013    0.000103
   -5.716738    0.000104
   -5.701464    0.000104
   -5.686190    0.000105
   -5.670915    0.000106
   -5.655641    0.000106
   -5.640367    0.000107
   -5.625092    0.000108
   -5.609818    0.000108
   -5.594544    0.000109
   -5.579269    0.000110
   -5.563995    0.000111
   -5.548721    0.000111
   -5.533446    0.000112
   -5.518172    0.000113
   -5.502898    0.000113
   -5.487623    0.000114
   -5.472349    0.000115
   -5.457075    0.000116
   -5.441800    0.000116
   -5.426526    0.000117
   -5.411252    0.000118
   -5.395977    0.000119
   -5.380703    0.000119
   -5.365429    0.000120
   -5.350154    0.000121
   -5.334880    0.000122
   -5.319606    0.000123
   -5.304331    0.000124
   -5.289057    0.000124
   -5.273783    0.000125
   -5.258508    0.000126
   -5.243234    0.000127
   -5.227960    0.000128
   -5.212685    0.000129
   -5.197411    0.000130
   -5.182137    0.000130
   -5.166862    0.000131
   -5.151588    0.000132
   -5.136314    0.000133
   -5.121039    0.000134
   -5.105765    0.000135
   -5.090491    0.000136
   -5.075216    0.000137
   -5.059942    0.000138
   -5.044668    0.000139
   -5.029393    0.000140
   -5.014119    0.000141
   -4.998844    0.000142
   -4.983570    0.000143
   -4.968296    0.000144
   -4.953021    0.000145
   -4.937747    0.000146
   -4.922473    0.000147
   -4.907198    0.000148
   -4.891924    0.000149
   -4.876650    0.000151
   -4.861375    0.000152
   -4.846101    0.000153
   -4.830827    0.000154
   -4.815552    0.000155
   -4.800278    0.000156
   -4.785004    0.000158
   -4.769729    0.000159
   -4.754455    0.000160
   -4.739181    0.000161
   -4.723906    0.000162
   -4.708632    0.000164
   -4.693358    0.000165
   -4.678083    0.000166
   -4.662809    0.000168
   -4.647535    0.000169
   -4.632260    0.000170
   -4.616986    0.000172
   -4.601712    0.000173
   -4.586437    0.000174
   -4.571163    0.000176
   -4.555889    0.000177
   -4.540614    0.000179
   -4.525340    0.000180
   -4.510066    0.000181
   -4.494791    0.000183
   -4.479517    0.000184
   -4.464243    0.000186
   -4.448968    0.000188
   -4.433694    0.000189
   -4.418420    0.000191
   -4.403145    0.000192
   -4.387871    0.000194
   -4.372597    0.000196
   -4.357322    0.000197
   -4.342048    0.000199
   -4.326774    0.000201
   -4.311499    0.000202
   -4.296225    0.000204
   -4.280951    0.000206
   -4.265676    0.000208
   -4.250402    0.000210
   -4.235128    0.000211
   -4.219853    0.000213
   -4.204579    0.000215
   -4.189305    0.000217
   -4.174030    0.000219
   -4.158756    0.000221
   -4.143482    0.000223
   -4.128207    0.000225
   -4.112933    0.000227
   -4.097659    0.000229
   -4.082384    0.000231
   -4.067110    0.000233
   -4.051836    0.000236
   -4.036561    0.000238
   -4.021287    0.000240
   -4.006013    0.000242
   -3.990738    0.000245
   -3.975464    0.000247
   -3.960190    0.000249
   -3.944915    0.000252
   -3.929641    0.000254
   -3.914367    0.000257
   -3.899092    0.000259
   -3.883818    0.000262
   -3.868544    0.000264
   -3.853269    0.000267
   -3.837995    0.000270
   -3.822721    0.000272
   -3.807446    0.000275
   -3.792172    0.000278
   -3.776898    0.000281
   -3.761623    0.000283
   -3.746349    0.000286
   -3.731075    0.000289
   -3.715800    0.000292
   -3.700526    0.000295
   -3.685252    0.000298
   -3.669977    0.000302
   -3.654703    0.000305
   -3.639428    0.000308
   -3.624154    0.000311
   -3.608880    0.000315
   -3.593605    0.000318
   -3.578331    0.000322
   -3.563057    0.000325
   -3.547782    0.000329
   -3.532508    0.000332
   -3.517234    0.000336
   -3.501959    0.000340
   -3.486685    0.000344
   -3.471411    0.000347
   -3.456136    0.000351
   -3.440862    0.000355
   -3.425588    0.000360
   -3.410313    0.000364
   -3.395039    0.000368
   -3.379765    0.000372
   -3.364490    0.000377
   -3.349216    0.000381
   -3.333942    0.000386
   -3.318667    0.000390
   -3.303393    0.000395
   -3.288119    0.000400
   -3.272844    0.000405
   -3.257570    0.000410
   -3.242296    0.000415
   -3.227021    0.000420
   -3.211747    0.000425
   -3.196473    0.000430
   -3.181198    0.000436
   -3.165924    0.000442
   -3.150650    0.000447
   -3.135375    0.000453
   -3.120101    0.000459
   -3.104827    0.000465
   -3.089552    0.000471
   -3.074278    0.000477
   -3.059004    0.000484
   -3.043729    0.000490
   -3.028455    0.000497
   -3.013181    0.000504
   -2.997906    0.000510
   -2.982632    0.000517
   -2.967358    0.000525
   -2.952083    0.000532
   -2.936809    0.000540
   -2.921535    0.000547
   -2.906260    0.000555
   -2.890986    0.000563
   -2.875712    0.000571
   -2.860437    0.000580
   -2.845163    0.000588
   -2.829889    0.000597
   -2.814614    0.000606
   -2.799340    0.000615
   -2.784066    0.000624
   -2.768791    0.000634
   -2.753517    0.000644
   -2.738243    0.000654
   -2.722968    0.000664
   -2.707694    0.000674
   -2.692420    0.000685
   -2.677145    0.000696
   -2.661871    0.000707
   -2.646597    0.000719
   -2.631322    0.000731
   -2.616048    0.000743
   -2.600774    0.000755
   -2.585499    0.000768
   -2.570225    0.000781
   -2.554951    0.000794
   -2.539676    0.000808
   -2.524402    0.000822
   -2.509128    0.000836
   -2.493853    0.000851
   -2.478579    0.000867
   -2.463305    0.000882
   -2.448030    0.000898
   -2.432756    0.000915
   -2.417482    0.000932
   -2.402207    0.000949
   -2.386933    0.000967
   -2.371659    0.000986
   -2.356384    0.001005
   -2.341110    0.001024
   -2.325836    0.001044
   -2.310561    0.001065
   -2.295287    0.001086
   -2.280012    0.001108
   -2.264738    0.001131
   -2.249464    0.001155
   -2.234189    0.001179
   -2.218915    0.001204
   -2.203641    0.001229
   -2.188366    0.001256
   -2.173092    0.001283
   -2.157818    0.001311
   -2.142543    0.001341
   -2.127269    0.001371
   -2.111995    0.001402
   -2.096720    0.001434
   -2.081446    0.001468
   -2.066172    0.001502
   -2.050897    0.001538
   -2.035623    0.001576
   -2.020349    0.001614
   -2.005074    0.001654
   -1.989800    0.001696
   -1.974526    0.001739
   -1.959251    0.001783
   -1.943977    0.001830
   -1.928703    0.001878
   -1.913428    0.001928
   -1.898154    0.001981
   -1.882880    0.002035
   -1.867605    0.002092
   -1.852331    0.002151
   -1.837057    0.002213
   -1.821782    0.002277
   -1.806508    0.002344
   -1.791234    0.002415
   -1.775959    0.002488
   -1.760685    0.002565
   -1.745411    0.002646
   -1.730136    0.002730
   -1.714862    0.002818
   -1.699588    0.002911
   -1.684313    0.003009
   -1.669039    0.003111
   -1.653765    0.003219
   -1.638490    0.003332
   -1.623216    0.003452
   -1.607942    0.003578
   -1.592667    0.003711
   -1.577393    0.003852
   -1.562119    0.004001
   -1.546844    0.004158
   -1.531570    0.004326
   -1.516296    0.004503
   -1.501021    0.004692
   -1.485747    0.004893
   -1.470473    0.005106
   -1.455198    0.005335
   -1.439924    0.005579
   -1.424650    0.005840
   -1.409375    0.006120
   -1.394101    0.006420
   -1.378827    0.006743
   -1.363552    0.007091
   -1.348278    0.007467
   -1.333004    0.007873
   -1.317729    0.008314
   -1.302455    0.008793
   -1.287181    0.009314
   -1.271906    0.009883
   -1.256632    0.010505
   -1.241358    0.011189
   -1.226083    0.011941
   -1.210809    0.012772
   -1.195535    0.013693
   -1.180260    0.014717
   -1.164986    0.015860
   -1.149712    0.017142
   -1.134437    0.018586
   -1.119163    0.020220
   -1.103889    0.022079
   -1.088614    0.024208
   -1.073340    0.026659
   -1.058066    0.029503
   -1.042791    0.032827
   -1.027517    0.036746
   -1.012243    0.041412
   -0.996968    0.047025
   -0.981694    0.053862
   -0.966420    0.062306
   -0.951145    0.072902
   -0.935871    0.086450
   -0.920596    0.104155
   -0.905322    0.127911
   -0.890048    0.160823
   -0.874773    0.208273
   -0.859499    0.280268
   -0.844225    0.397159
   -0.828950    0.605681
   -0.813676    1.033562
   -0.798402    2.138643
   -0.783127    6.556416
   -0.767853   30.978019
   -0.752579   13.965304
   -0.737304    3.348449
   -0.722030    1.401684
   -0.706756    0.762149
   -0.691481    0.477524
   -0.676207    0.326851
   -0.660933    0.237636
   -0.645658    0.180505
   -0.630384    0.141741
   -0.615110    0.114240
   -0.599835    0.094028
   -0.584561    0.078740
   -0.569287    0.066898
   -0.554012    0.057540
   -0.538738    0.050015
   -0.523464    0.043876
   -0.508189    0.038801
   -0.492915    0.034558
   -0.477641    0.030975
   -0.462366    0.027921
   -0.447092    0.025298
   -0.431818    0.023027
   -0.416543    0.021050
   -0.401269    0.019316
   -0.385995    0.017788
   -0.370720    0.016434
   -0.355446    0.015230
   -0.340172    0.014153
   -0.324897    0.013186
   -0.309623    0.012315
   -0.294349    0.011528
   -0.279074    0.010814
   -0.263800    0.010164
   -0.248526    0.009571
   -0.233251    0.009028
   -0.217977    0.008530
   -0.202703    0.008073
   -0.187428    0.007651
   -0.172154    0.007261
   -0.156880    0.006901
   -0.141605    0.006566
   -0.126331    0.006256
   -0.111057    0.005967
   -0.095782    0.005697
   -0.080508    0.005446
   -0.065234    0.005210
   -0.049959    0.004990
   -0.034685    0.004783
   -0.019411    0.004589
   -0.004136    0.004406
    0.011138    0.004235
    0.026412    0.004073
    0.041687    0.003920
    0.056961    0.003775
    0.072235    0.003639
    0.087510    0.003509
    0.102784    0.003387
    0.118058    0.003271
    0.133333    0.003160
    0.148607    0.003055
    0.163881    0.002956
    0.179156    0.002861
    0.194430    0.002770
    0.209704    0.002684
    0.224979    0.002602
    0.240253    0.002523
    0.255527    0.002448
    0.270802    0.002377
    0.286076    0.002308
    0.301350    0.002242
    0.316625    0.002179
    0.331899    0.002119
    0.347173    0.002061
    0.362448    0.002006
    0.377722    0.001952
    0.392996    0.001901
    0.408271    0.001852
    0.423545    0.001805
    0.438820    0.001759
    0.454094    0.001715
    0.469368    0.001673
    0.484643    0.001632
    0.499917    0.001593
    0.515191    0.001555
    0.530466    0.001519
    0.545740    0.001484
    0.561014    0.001450
    0.576289    0.001417
    0.591563    0.001385
    0.606837    0.001354
    0.622112    0.001325
    0.637386    0.001296
    0.652660    0.001268
    0.667935    0.001241
    0.683209    0.001215
    0.698483    0.001190
    0.713758    0.001166
    0.729032    0.001142
    0.744306    0.001119
    0.759581    0.001097
    0.774855    0.001075
    0.790129    0.001054
    0.805404    0.001033
    0.820678    0.001014
    0.835952    0.000994
    0.851227    0.000976
    0.866501    0.000957
    0.881775    0.000940
    0.897050    0.000923
    0.912324    0.000906
    0.927598    0.000890
    0.942873    0.000874
    0.958147    0.000858
    0.973421    0.000843
    0.988696    0.000829
    1.003970    0.000814
    1.019244    0.000800
    1.034519    0.000787
    1.049793    0.000774
    1.065067    0.000761
    1.080342    0.000748
    1.095616    0.000736
    1.110890    0.000724
    1.126165    0.000713
    1.141439    0.000701
    1.156713    0.000690
    1.171988    0.000679
    1.187262    0.000669
    1.202536    0.000658
    1.217811    0.000648
    1.233085    0.000638
    1.248359    0.000629
    1.263634    0.000619
    1.278908    0.000610
    1.294182    0.000601
    1.309457    0.000592
    1.324731    0.000583
    1.340005    0.000575
    1.355280    0.000567
    1.370554    0.000559
    1.385828    0.000551
    1.401103    0.000543
    1.416377    0.000535
    1.431651    0.000528
    1.446926    0.000521
    1.462200    0.000514
    1.477474    0.000507
    1.492749    0.000500
    1.508023    0.000493
    1.523297    0.000487
    1.538572    0.000480
    1.553846    0.000474
    1.569120    0.000468
    1.584395    0.000462
    1.599669    0.000456
    1.614943    0.000450
    1.630218    0.000444
    1.645492    0.000439
    1.660766    0.000433
    1.676041    0.000428
    1.691315    0.000422
    1.706589    0.000417
    1.721864    0.000412
    1.737138    0.000407
    1.752412    0.000402
    1.767687    0.000397
