# energy [H], band-resolved DOS
   -5.854207    0.000064
   -5.838933    0.000065
   -5.823659    0.000065
   -5.808384    0.000065
   -5.793110    0.000066
   -5.777836    0.000066
   -5.762561    0.000066
   -5.747287    0.000067
   -5.732013    0.000067
   -5.716738    0.000067
   -5.701464    0.000068
   -5.686190    0.000068
   -5.670915    0.000068
   -5.655641    0.000069
   -5.640367    0.000069
   -5.625092    0.000069
   -5.609818    0.000070
   -5.594544    0.000070
   -5.579269    0.000070
   -5.563995    0.000071
   -5.548721    0.000071
   -5.533446    0.000071
   -5.518172    0.000072
   -5.502898    0.000072
   -5.487623    0.000073
   -5.472349    0.000073
   -5.457075    0.000073
   -5.441800    0.000074
   -5.426526    0.000074
   -5.411252    0.000075
   -5.395977    0.000075
   -5.380703    0.000075
   -5.365429    0.000076
   -5.350154    0.000076
   -5.334880    0.000077
   -5.319606    0.000077
   -5.304331    0.000077
   -5.289057    0.000078
   -5.273783    0.000078
   -5.258508    0.000079
   -5.243234    0.000079
   -5.227960    0.000079
   -5.212685    0.000080
   -5.197411    0.000080
   -5.182137    0.000081
   -5.166862    0.000081
   -5.151588    0.000082
   -5.136314    0.000082
   -5.121039    0.000083
   -5.105765    0.000083
   -5.090491    0.000083
   -5.075216    0.000084
   -5.059942    0.000084
   -5.044668    0.000085
   -5.029393    0.000085
   -5.014119    0.000086
   -4.998844    0.000086
   -4.983570    0.000087
   -4.968296    0.000087
   -4.953021    0.000088
   -4.937747    0.000088
   -4.922473    0.000089
   -4.907198    0.000089
   -4.891924    0.000090
   -4.876650    0.000090
   -4.861375    0.000091
   -4.846101    0.000091
   -4.830827    0.000092
   -4.815552    0.000092
   -4.800278    0.000093
   -4.785004    0.000093
   -4.769729    0.000094
   -4.754455    0.000095
   -4.739181    0.000095
   -4.723906    0.000096
   -4.708632    0.000096
   -4.693358    0.000097
   -4.678083    0.000097
   -4.662809    0.000098
   -4.647535    0.000099
   -4.632260    0.000099
   -4.616986    0.000100
   -4.601712    0.000100
   -4.586437    0.000101
   -4.571163    0.000102
   -4.555889    0.000102
   -4.540614    0.000103
   -4.525340    0.000104
   -4.510066    0.000104
   -4.494791    0.000105
   -4.479517    0.000105
   -4.464243    0.000106
   -4.448968    0.000107
   -4.433694    0.000107
   -4.418420    0.000108
   -4.403145    0.000109
   -4.387871    0.000109
   -4.372597    0.000110
   -4.357322    0.000111
   -4.342048    0.000112
   -4.326774    0.000112
   -4.311499    0.000113
   -4.296225    0.000114
   -4.280951    0.000115
   -4.265676    0.000115
   -4.250402    0.000116
   -4.235128    0.000117
   -4.219853    0.000118
   -4.204579    0.000118
   -4.189305    0.000119
   -4.174030    0.000120
   -4.158756    0.000121
   -4.143482    0.000122
   -4.128207    0.000122
   -4.112933    0.000123
   -4.097659    0.000124
   -4.082384    0.000125
   -4.067110    0.000126
   -4.051836    0.000127
   -4.036561    0.000127
   -4.021287    0.000128
   -4.006013    0.000129
   -3.990738    0.000130
   -3.975464    0.000131
   -3.960190    0.000132
   -3.944915    0.000133
   -3.929641    0.000134
   -3.914367    0.000135
   -3.899092    0.000136
   -3.883818    0.000137
   -3.868544    0.000138
   -3.853269    0.000139
   -3.837995    0.000139
   -3.822721    0.000141
   -3.807446    0.000142
   -3.792172    0.000143
   -3.776898    0.000144
   -3.761623    0.000145
   -3.746349    0.000146
   -3.731075    0.000147
   -3.715800    0.000148
   -3.700526    0.000149
   -3.685252    0.000150
   -3.669977    0.000151
   -3.654703    0.000152
   -3.639428    0.000153
   -3.624154    0.000155
   -3.608880    0.000156
   -3.593605    0.000157
   -3.578331    0.000158
   -3.563057    0.000159
   -3.547782    0.000161
   -3.532508    0.000162
   -3.517234    0.000163
   -3.501959    0.000164
   -3.486685    0.000166
   -3.471411    0.000167
   -3.456136    0.000168
   -3.440862    0.000170
   -3.425588    0.000171
   -3.410313    0.000172
   -3.395039    0.000174
   -3.379765    0.000175
   -3.364490    0.000176
   -3.349216    0.000178
   -3.333942    0.000179
   -3.318667    0.000181
   -3.303393    0.000182
   -3.288119    0.000184
   -3.272844    0.000185
   -3.257570    0.000187
   -3.242296    0.000188
   -3.227021    0.000190
   -3.211747    0.000192
   -3.196473    0.000193
   -3.181198    0.000195
   -3.165924    0.000196
   -3.150650    0.000198
   -3.135375    0.000200
   -3.120101    0.000202
   -3.104827    0.000203
   -3.089552    0.000205
   -3.074278    0.000207
   -3.059004    0.000209
   -3.043729    0.000210
   -3.028455    0.000212
   -3.013181    0.000214
   -2.997906    0.000216
   -2.982632    0.000218
   -2.967358    0.000220
   -2.952083    0.000222
   -2.936809    0.000224
   -2.921535    0.000226
   -2.906260    0.000228
   -2.890986    0.000230
   -2.875712    0.000232
   -2.860437    0.000235
   -2.845163    0.000237
   -2.829889    0.000239
   -2.814614    0.000241
   -2.799340    0.000244
   -2.784066    0.000246
   -2.768791    0.000248
   -2.753517    0.000251
   -2.738243    0.000253
   -2.722968    0.000255
   -2.707694    0.000258
   -2.692420    0.000260
   -2.677145    0.000263
   -2.661871    0.000266
   -2.646597    0.000268
   -2.631322    0.000271
   -2.616048    0.000274
   -2.600774    0.000276
   -2.585499    0.000279
   -2.570225    0.000282
   -2.554951    0.000285
   -2.539676    0.000288
   -2.524402    0.000291
   -2.509128    0.000294
   -2.493853    0.000297
   -2.478579    0.000300
   -2.463305    0.000303
   -2.448030    0.000306
   -2.432756    0.000310
   -2.417482    0.000313
   -2.402207    0.000316
   -2.386933    0.000320
   -2.371659    0.000323
   -2.356384    0.000327
   -2.341110    0.000331
   -2.325836    0.000334
   -2.310561    0.000338
   -2.295287    0.000342
   -2.280012    0.000346
   -2.264738    0.000350
   -2.249464    0.000354
   -2.234189    0.000358
   -2.218915    0.000362
   -2.203641    0.000366
   -2.188366    0.000370
   -2.173092    0.000375
   -2.157818    0.000379
   -2.142543    0.000383
   -2.127269    0.000388
   -2.111995    0.000393
   -2.096720    0.000397
   -2.081446    0.000402
   -2.066172    0.000407
   -2.050897    0.000412
   -2.035623    0.000417
   -2.020349    0.000423
   -2.005074    0.000428
   -1.989800    0.000433
   -1.974526    0.000439
   -1.959251    0.000444
   -1.943977    0.000450
   -1.928703    0.000456
   -1.913428    0.000462
   -1.898154    0.000468
   -1.882880    0.000474
   -1.867605    0.000481
   -1.852331    0.000487
   -1.837057    0.000494
   -1.821782    0.000500
   -1.806508    0.000507
   -1.791234    0.000514
   -1.775959    0.000521
   -1.760685    0.000529
   -1.745411    0.000536
   -1.730136    0.000544
   -1.714862    0.000551
   -1.699588    0.000559
   -1.684313    0.000567
   -1.669039    0.000576
   -1.653765    0.000584
   -1.638490    0.000593
   -1.623216    0.000602
   -1.607942    0.000611
   -1.592667    0.000620
   -1.577393    0.000629
   -1.562119    0.000639
   -1.546844    0.000649
   -1.531570    0.000659
   -1.516296    0.000669
   -1.501021    0.000680
   -1.485747    0.000691
   -1.470473    0.000702
   -1.455198    0.000713
   -1.439924    0.000725
   -1.424650    0.000737
   -1.409375    0.000749
   -1.394101    0.000762
   -1.378827    0.000775
   -1.363552    0.000788
   -1.348278    0.000801
   -1.333004    0.000815
   -1.317729    0.000830
   -1.302455    0.000844
   -1.287181    0.000859
   -1.271906    0.000875
   -1.256632    0.000891
   -1.241358    0.000907
   -1.226083    0.000924
   -1.210809    0.000941
   -1.195535    0.000959
   -1.180260    0.000977
   -1.164986    0.000996
   -1.149712    0.001015
   -1.134437    0.001035
   -1.119163    0.001055
   -1.103889    0.001076
   -1.088614    0.001098
   -1.073340    0.001120
   -1.058066    0.001144
   -1.042791    0.001167
   -1.027517    0.001192
   -1.012243    0.001217
   -0.996968    0.001243
   -0.981694    0.001270
   -0.966420    0.001298
   -0.951145    0.001327
   -0.935871    0.001357
   -0.920596    0.001387
   -0.905322    0.001419
   -0.890048    0.001452
   -0.874773    0.001486
   -0.859499    0.001522
   -0.844225    0.001558
   -0.828950    0.001596
   -0.813676    0.001636
   -0.798402    0.001676
   -0.783127    0.001719
   -0.767853    0.001763
   -0.752579    0.001808
   -0.737304    0.001856
   -0.722030    0.001905
   -0.706756    0.001957
   -0.691481    0.002010
   -0.676207    0.002066
   -0.660933    0.002124
   -0.645658    0.002185
   -0.630384    0.002248
   -0.615110    0.002314
   -0.599835    0.002383
   -0.584561    0.002455
   -0.569287    0.002530
   -0.554012    0.002609
   -0.538738    0.002692
   -0.523464    0.002778
   -0.508189    0.002869
   -0.492915    0.002965
   -0.477641    0.003065
   -0.462366    0.003170
   -0.447092    0.003281
   -0.431818    0.003398
   -0.416543    0.003522
   -0.401269    0.003652
   -0.385995    0.003789
   -0.370720    0.003935
   -0.355446    0.004089
   -0.340172    0.004252
   -0.324897    0.004425
   -0.309623    0.004609
   -0.294349    0.004805
   -0.279074    0.005013
   -0.263800    0.005236
   -0.248526    0.005473
   -0.233251    0.005727
   -0.217977    0.005999
   -0.202703    0.006291
   -0.187428    0.006605
   -0.172154    0.006944
   -0.156880    0.007308
   -0.141605    0.007703
   -0.126331    0.008130
   -0.111057    0.008594
   -0.095782    0.009099
   -0.080508    0.009650
   -0.065234    0.010252
   -0.049959    0.010913
   -0.034685    0.011640
   -0.019411    0.012443
   -0.004136    0.013331
    0.011138    0.014319
    0.026412    0.015421
    0.041687    0.016656
    0.056961    0.018046
    0.072235    0.019619
    0.087510    0.021408
    0.102784    0.023455
    0.118058    0.025811
    0.133333    0.028545
    0.148607    0.031741
    0.163881    0.035511
    0.179156    0.040003
    0.194430    0.045416
    0.209704    0.052025
    0.224979    0.060218
    0.240253    0.070557
    0.255527    0.083887
    0.270802    0.101532
    0.286076    0.125677
    0.301350    0.160199
    0.316625    0.212678
    0.331899    0.300314
    0.347173    0.473344
    0.362448    0.972772
    0.377722    2.624764
    0.392996    4.811396
    0.408271    5.488223
    0.423545    8.562475
    0.438820   15.234309
    0.454094   13.755018
    0.469368    5.467887
    0.484643    1.621266
    0.499917    0.785515
    0.515191    0.470852
    0.530466    0.316078
    0.545740    0.227749
    0.561014    0.172304
    0.576289    0.135103
    0.591563    0.108879
    0.606837    0.089673
    0.622112    0.075172
    0.637386    0.063946
    0.652660    0.055075
    0.667935    0.047939
    0.683209    0.042112
    0.698483    0.037291
    0.713758    0.033256
    0.729032    0.029845
    0.744306    0.026934
    0.759581    0.024431
    0.774855    0.022263
    0.790129    0.020371
    0.805404    0.018711
    0.820678    0.017247
    0.835952    0.015949
    0.851227    0.014792
    0.866501    0.013757
    0.881775    0.012827
    0.897050    0.011988
    0.912324    0.011229
    0.927598    0.010540
    0.942873    0.009913
    0.958147    0.009340
    0.973421    0.008815
    0.988696    0.008334
    1.003970    0.007891
    1.019244    0.007482
    1.034519    0.007105
    1.049793    0.006755
    1.065067    0.006431
    1.080342    0.006129
    1.095616    0.005848
    1.110890    0.005586
    1.126165    0.005341
    1.141439    0.005112
    1.156713    0.004898
    1.171988    0.004696
    1.187262    0.004507
    1.202536    0.004329
    1.217811    0.004162
    1.233085    0.004004
    1.248359    0.003854
    1.263634    0.003713
    1.278908    0.003580
    1.294182    0.003454
    1.309457    0.003334
    1.324731    0.003220
    1.340005    0.003112
    1.355280    0.003010
    1.370554    0.002912
    1.385828    0.002819
    1.401103    0.002731
    1.416377    0.002646
    1.431651    0.002566
    1.446926    0.002489
    1.462200    0.002415
    1.477474    0.002345
    1.492749    0.002278
    1.508023    0.002213
    1.523297    0.002151
    1.538572    0.002092
    1.553846    0.002035
    1.569120    0.001981
    1.584395    0.001929
    1.599669    0.001878
    1.614943    0.001830
    1.630218    0.001783
    1.645492    0.001739
    1.660766    0.001696
    1.676041    0.001654
    1.691315    0.001614
    1.706589    0.001575
    1.721864    0.001538
    1.737138    0.001502
    1.752412    0.001468
    1.767687    0.001434
