################################################################################
# HEADER
# nspin         1
#%
# nik       217
#  st         1      26
# ust         1      26
# Iter             t            #  iter t Nex(t)  
################################################################################
       0  0.000000000000e+00 -2.560451850542e-15
      50  1.000000000000e+00  1.173386873776e-10
     100  2.000000000000e+00  2.697383497119e-10
     150  3.000000000000e+00  1.468106407276e-09
     200  4.000000000000e+00  8.398885940897e-09
     250  5.000000000000e+00  3.506287556132e-08
     300  6.000000000000e+00  1.133520762392e-07
     350  7.000000000000e+00  3.033167079169e-07
     400  8.000000000000e+00  7.061986435283e-07
     450  9.000000000000e+00  1.476707548492e-06
     500  1.000000000000e+01  2.833838791391e-06
     550  1.100000000000e+01  5.067869492066e-06
     600  1.200000000000e+01  8.543647219861e-06
     650  1.300000000000e+01  1.370131852677e-05
     700  1.400000000000e+01  2.105909315966e-05
     750  1.500000000000e+01  3.120895192253e-05
     800  1.600000000000e+01  4.481042552298e-05
     850  1.700000000000e+01  6.257715672146e-05
     900  1.800000000000e+01  8.526078206020e-05
     950  1.900000000000e+01  1.136246545029e-04
    1000  2.000000000000e+01  1.484040649479e-04
    1050  2.100000000000e+01  1.902666242283e-04
    1100  2.200000000000e+01  2.397735422508e-04
    1150  2.300000000000e+01  2.973398674302e-04
    1200  2.400000000000e+01  3.632036904512e-04
    1250  2.500000000000e+01  4.373963933790e-04
    1300  2.600000000000e+01  5.197014108896e-04
    1350  2.700000000000e+01  6.096418550734e-04
    1400  2.800000000000e+01  7.064653417419e-04
    1450  2.900000000000e+01  8.091229309968e-04
    1500  3.000000000000e+01  9.162518880590e-04
    1550  3.100000000000e+01  1.026158908528e-03
    1600  3.200000000000e+01  1.136829599167e-03
    1650  3.300000000000e+01  1.245949098038e-03
    1700  3.400000000000e+01  1.350937450079e-03
    1750  3.500000000000e+01  1.449020481669e-03
    1800  3.600000000000e+01  1.537290113458e-03
    1850  3.700000000000e+01  1.612787580261e-03
    1900  3.800000000000e+01  1.672615308183e-03
    1950  3.900000000000e+01  1.714065776344e-03
    2000  4.000000000000e+01  1.734744081102e-03
    2050  4.100000000000e+01  1.732680120313e-03
    2100  4.200000000000e+01  1.706434707004e-03
    2150  4.300000000000e+01  1.655241439689e-03
    2200  4.400000000000e+01  1.579113527604e-03
    2250  4.500000000000e+01  1.478964956022e-03
    2300  4.600000000000e+01  1.356717805638e-03
    2350  4.700000000000e+01  1.215390917777e-03
    2400  4.800000000000e+01  1.059185286208e-03
    2450  4.900000000000e+01  8.935416435798e-04
    2500  5.000000000000e+01  7.251678932460e-04
    2550  5.100000000000e+01  5.620405284766e-04
    2600  5.200000000000e+01  4.133694472431e-04
    2650  5.300000000000e+01  2.895263601899e-04
    2700  5.400000000000e+01  2.019576392056e-04
    2750  5.500000000000e+01  1.630482824981e-04
    2800  5.600000000000e+01  1.859570280788e-04
    2850  5.700000000000e+01  2.844138883998e-04
    2900  5.800000000000e+01  4.724860133681e-04
    2950  5.900000000000e+01  7.643006609235e-04
    3000  6.000000000000e+01  1.173742299856e-03
    3050  6.100000000000e+01  1.714124377402e-03
    3100  6.200000000000e+01  2.397844513122e-03
    3150  6.300000000000e+01  3.236042531927e-03
    3200  6.400000000000e+01  4.238241253453e-03
    3250  6.500000000000e+01  5.411983685438e-03
    3300  6.600000000000e+01  6.762499500688e-03
    3350  6.700000000000e+01  8.292405605390e-03
    3400  6.800000000000e+01  1.000142418430e-02
    3450  6.900000000000e+01  1.188611303340e-02
    3500  7.000000000000e+01  1.393962850064e-02
    3550  7.100000000000e+01  1.615155101422e-02
    3600  7.200000000000e+01  1.850782474235e-02
    3650  7.300000000000e+01  2.099071151511e-02
    3700  7.400000000000e+01  2.357888414596e-02
    3750  7.500000000000e+01  2.624750262941e-02
    3800  7.600000000000e+01  2.896838724567e-02
    3850  7.700000000000e+01  3.171033888255e-02
    3900  7.800000000000e+01  3.443952597511e-02
    3950  7.900000000000e+01  3.711992397157e-02
    4000  8.000000000000e+01  3.971379693104e-02
    4050  8.100000000000e+01  4.218219424535e-02
    4100  8.200000000000e+01  4.448561753756e-02
    4150  8.300000000000e+01  4.658474065375e-02
    4200  8.400000000000e+01  4.844110207470e-02
    4250  8.500000000000e+01  5.001791811677e-02
    4300  8.600000000000e+01  5.128082783065e-02
    4350  8.700000000000e+01  5.219877716061e-02
    4400  8.800000000000e+01  5.274493196759e-02
    4450  8.900000000000e+01  5.289737618597e-02
    4500  9.000000000000e+01  5.263989259275e-02
    4550  9.100000000000e+01  5.196258392308e-02
    4600  9.200000000000e+01  5.086255085813e-02
    4650  9.300000000000e+01  4.934443385157e-02
    4700  9.400000000000e+01  4.742074641568e-02
    4750  9.500000000000e+01  4.511216464905e-02
    4800  9.600000000000e+01  4.244773434585e-02
    4850  9.700000000000e+01  3.946499992506e-02
    4900  9.800000000000e+01  3.620999405444e-02
    4950  9.900000000000e+01  3.273699283762e-02
    5000  1.000000000000e+02  2.910812337207e-02
    5050  1.010000000000e+02  2.539281791084e-02
    5100  1.020000000000e+02  2.166714228116e-02
    5150  1.030000000000e+02  1.801293887809e-02
    5200  1.040000000000e+02  1.451676643949e-02
    5250  1.050000000000e+02  1.126866200079e-02
    5300  1.060000000000e+02  8.360834644810e-03
    5350  1.070000000000e+02  5.886241483295e-03
    5400  1.080000000000e+02  3.937073766809e-03
    5450  1.090000000000e+02  2.603118443265e-03
    5500  1.100000000000e+02  1.970083423528e-03
    5550  1.110000000000e+02  2.117909524063e-03
    5600  1.120000000000e+02  3.119089302174e-03
    5650  1.130000000000e+02  5.037022820159e-03
    5700  1.140000000000e+02  7.924437514944e-03
    5750  1.150000000000e+02  1.182190668799e-02
    5800  1.160000000000e+02  1.675652456816e-02
    5850  1.170000000000e+02  2.274074459052e-02
    5900  1.180000000000e+02  2.977139998966e-02
    5950  1.190000000000e+02  3.782897808192e-02
    6000  1.200000000000e+02  4.687721357361e-02
    6050  1.210000000000e+02  5.686293141976e-02
    6100  1.220000000000e+02  6.771611464603e-02
    6150  1.230000000000e+02  7.935030641812e-02
    6200  1.240000000000e+02  9.166326386609e-02
    6250  1.250000000000e+02  1.045379679584e-01
    6300  1.260000000000e+02  1.178438533782e-01
    6350  1.270000000000e+02  1.314383211699e-01
    6400  1.280000000000e+02  1.451684767644e-01
    6450  1.290000000000e+02  1.588730617143e-01
    6500  1.300000000000e+02  1.723847406746e-01
    6550  1.310000000000e+02  1.855324345356e-01
    6600  1.320000000000e+02  1.981437789051e-01
    6650  1.330000000000e+02  2.100477564223e-01
    6700  1.340000000000e+02  2.210772901115e-01
    6750  1.350000000000e+02  2.310718323109e-01
    6800  1.360000000000e+02  2.398799753150e-01
    6850  1.370000000000e+02  2.473619663243e-01
    6900  1.380000000000e+02  2.533922139187e-01
    6950  1.390000000000e+02  2.578615589467e-01
    7000  1.400000000000e+02  2.606794226191e-01
    7050  1.410000000000e+02  2.617759145393e-01
    7100  1.420000000000e+02  2.611034792395e-01
    7150  1.430000000000e+02  2.586383950211e-01
    7200  1.440000000000e+02  2.543821390928e-01
    7250  1.450000000000e+02  2.483623441380e-01
    7300  1.460000000000e+02  2.406334119263e-01
    7350  1.470000000000e+02  2.312767585638e-01
    7400  1.480000000000e+02  2.204007888070e-01
    7450  1.490000000000e+02  2.081404683716e-01
    7500  1.500000000000e+02  1.946563572896e-01
    7550  1.510000000000e+02  1.801334290185e-01
    7600  1.520000000000e+02  1.647792722756e-01
    7650  1.530000000000e+02  1.488219235700e-01
    7700  1.540000000000e+02  1.325073280284e-01
    7750  1.550000000000e+02  1.160961930098e-01
    7800  1.560000000000e+02  9.986069190805e-02
    7850  1.570000000000e+02  8.408068797592e-02
    7900  1.580000000000e+02  6.903971889321e-02
    7950  1.590000000000e+02  5.502063464331e-02
    8000  1.600000000000e+02  4.230119453260e-02
    8050  1.610000000000e+02  3.114952109672e-02
    8100  1.620000000000e+02  2.181951695074e-02
    8150  1.630000000000e+02  1.454635295871e-02
    8200  1.640000000000e+02  9.542036647999e-03
    8250  1.650000000000e+02  6.991251093425e-03
    8300  1.660000000000e+02  7.047521013982e-03
    8350  1.670000000000e+02  9.829815637724e-03
    8400  1.680000000000e+02  1.541964100085e-02
    8450  1.690000000000e+02  2.385869709621e-02
    8500  1.700000000000e+02  3.514717939549e-02
    8550  1.710000000000e+02  4.924272415469e-02
    8600  1.720000000000e+02  6.606004356960e-02
    8650  1.730000000000e+02  8.547127494723e-02
    8700  1.740000000000e+02  1.073070590667e-01
    8750  1.750000000000e+02  1.313583211531e-01
    8800  1.760000000000e+02  1.573787723944e-01
    8850  1.770000000000e+02  1.850880350719e-01
    8900  1.780000000000e+02  2.141752702960e-01
    8950  1.790000000000e+02  2.443034709157e-01
    9000  1.800000000000e+02  2.751140982798e-01
    9050  1.810000000000e+02  3.062321006318e-01
    9100  1.820000000000e+02  3.372712729149e-01
    9150  1.830000000000e+02  3.678397856838e-01
    9200  1.840000000000e+02  3.975460329087e-01
    9250  1.850000000000e+02  4.260045636992e-01
    9300  1.860000000000e+02  4.528418013425e-01
    9350  1.870000000000e+02  4.777015634245e-01
    9400  1.880000000000e+02  5.002502442496e-01
    9450  1.890000000000e+02  5.201816454055e-01
    9500  1.900000000000e+02  5.372216071972e-01
    9550  1.910000000000e+02  5.511318907024e-01
    9600  1.920000000000e+02  5.617134429186e-01
    9650  1.930000000000e+02  5.688090950803e-01
    9700  1.940000000000e+02  5.723057413715e-01
    9750  1.950000000000e+02  5.721359140473e-01
    9800  1.960000000000e+02  5.682787926924e-01
    9850  1.970000000000e+02  5.607609242931e-01
    9900  1.980000000000e+02  5.496561108561e-01
    9950  1.990000000000e+02  5.350852435764e-01
   10000  2.000000000000e+02  5.172156415702e-01
   10050  2.010000000000e+02  4.962594236313e-01
   10100  2.020000000000e+02  4.724721139246e-01
   10150  2.030000000000e+02  4.461502651225e-01
   10200  2.040000000000e+02  4.176287595171e-01
   10250  2.050000000000e+02  3.872777926196e-01
   10300  2.060000000000e+02  3.554992017520e-01
   10350  2.070000000000e+02  3.227221271824e-01
   10400  2.080000000000e+02  2.893982105460e-01
   10450  2.090000000000e+02  2.559962896188e-01
   10500  2.100000000000e+02  2.229965235480e-01
   10550  2.110000000000e+02  1.908841040597e-01
   10600  2.120000000000e+02  1.601422404055e-01
   10650  2.130000000000e+02  1.312447128392e-01
   10700  2.140000000000e+02  1.046485791992e-01
   10750  2.150000000000e+02  8.078642177923e-02
   10800  2.160000000000e+02  6.005878210361e-02
   10850  2.170000000000e+02  4.282721240342e-02
   10900  2.180000000000e+02  2.940759609448e-02
   10950  2.190000000000e+02  2.006430611117e-02
   11000  2.200000000000e+02  1.500518562862e-02
   11050  2.210000000000e+02  1.437730916787e-02
   11100  2.220000000000e+02  1.826347582867e-02
   11150  2.230000000000e+02  2.668024964262e-02
   11200  2.240000000000e+02  3.957643492004e-02
   11250  2.250000000000e+02  5.683315856102e-02
   11300  2.260000000000e+02  7.826433937910e-02
   11350  2.270000000000e+02  1.036202923872e-01
   11400  2.280000000000e+02  1.325894094893e-01
   11450  2.290000000000e+02  1.648044427050e-01
   11500  2.300000000000e+02  1.998461568980e-01
   11550  2.310000000000e+02  2.372519410266e-01
   11600  2.320000000000e+02  2.765202737118e-01
   11650  2.330000000000e+02  3.171220627684e-01
   11700  2.340000000000e+02  3.585059756319e-01
   11750  2.350000000000e+02  4.001110295432e-01
   11800  2.360000000000e+02  4.413735964753e-01
   11850  2.370000000000e+02  4.817376455553e-01
   11900  2.380000000000e+02  5.206630586356e-01
   11950  2.390000000000e+02  5.576340451146e-01
   12000  2.400000000000e+02  5.921663787753e-01
   12050  2.410000000000e+02  6.238140714759e-01
   12100  2.420000000000e+02  6.521752525216e-01
   12150  2.430000000000e+02  6.768968822152e-01
   12200  2.440000000000e+02  6.976785504253e-01
   12250  2.450000000000e+02  7.142758032556e-01
   12300  2.460000000000e+02  7.265014579445e-01
   12350  2.470000000000e+02  7.342258450660e-01
   12400  2.480000000000e+02  7.373761977259e-01
   12450  2.490000000000e+02  7.359346271114e-01
   12500  2.500000000000e+02  7.299362891721e-01
   12550  2.510000000000e+02  7.194674970292e-01
   12600  2.520000000000e+02  7.046638936434e-01
   12650  2.530000000000e+02  6.857096065646e-01
   12700  2.540000000000e+02  6.628362421093e-01
   12750  2.550000000000e+02  6.363218275203e-01
   12800  2.560000000000e+02  6.064896216574e-01
   12850  2.570000000000e+02  5.737063984136e-01
   12900  2.580000000000e+02  5.383790606682e-01
   12950  2.590000000000e+02  5.009509601682e-01
   13000  2.600000000000e+02  4.618974323724e-01
   13050  2.610000000000e+02  4.217198558600e-01
   13100  2.620000000000e+02  3.809394675333e-01
   13150  2.630000000000e+02  3.400906749872e-01
   13200  2.640000000000e+02  2.997135196046e-01
   13250  2.650000000000e+02  2.603457444196e-01
   13300  2.660000000000e+02  2.225146787988e-01
   13350  2.670000000000e+02  1.867286674382e-01
   13400  2.680000000000e+02  1.534683794586e-01
   13450  2.690000000000e+02  1.231787750097e-01
   13500  2.700000000000e+02  9.626131264214e-02
   13550  2.710000000000e+02  7.306736217118e-02
   13600  2.720000000000e+02  5.389279573462e-02
   13650  2.730000000000e+02  3.897370234140e-02
   13700  2.740000000000e+02  2.848339930325e-02
   13750  2.750000000000e+02  2.253027889071e-02
   13800  2.760000000000e+02  2.115623746717e-02
   13850  2.770000000000e+02  2.433603710172e-02
   13900  2.780000000000e+02  3.197734330812e-02
   13950  2.790000000000e+02  4.392250196931e-02
   14000  2.800000000000e+02  5.995070808230e-02
   14050  2.810000000000e+02  7.978295050761e-02
   14100  2.820000000000e+02  1.030856459669e-01
   14150  2.830000000000e+02  1.294775721668e-01
   14200  2.840000000000e+02  1.585337192991e-01
   14250  2.850000000000e+02  1.897936839121e-01
   14300  2.860000000000e+02  2.227661942141e-01
   14350  2.870000000000e+02  2.569396966648e-01
   14400  2.880000000000e+02  2.917897233057e-01
   14450  2.890000000000e+02  3.267897373001e-01
   14500  2.900000000000e+02  3.614201401476e-01
   14550  2.910000000000e+02  3.951775535559e-01
   14600  2.920000000000e+02  4.275828400728e-01
   14650  2.930000000000e+02  4.581876322719e-01
   14700  2.940000000000e+02  4.865798112079e-01
   14750  2.950000000000e+02  5.123872490587e-01
   14800  2.960000000000e+02  5.352814399575e-01
   14850  2.970000000000e+02  5.549810472829e-01
   14900  2.980000000000e+02  5.712562026447e-01
   14950  2.990000000000e+02  5.839332587996e-01
   15000  3.000000000000e+02  5.928981475525e-01
   15050  3.010000000000e+02  5.980968491768e-01
   15100  3.020000000000e+02  5.995320631964e-01
   15150  3.030000000000e+02  5.972566314023e-01
   15200  3.040000000000e+02  5.913644441395e-01
   15250  3.050000000000e+02  5.819828021469e-01
   15300  3.060000000000e+02  5.692671243226e-01
   15350  3.070000000000e+02  5.533990016808e-01
   15400  3.080000000000e+02  5.345873629920e-01
   15450  3.090000000000e+02  5.130706435828e-01
   15500  3.100000000000e+02  4.891177630352e-01
   15550  3.110000000000e+02  4.630276707276e-01
   15600  3.120000000000e+02  4.351262194008e-01
   15650  3.130000000000e+02  4.057615460286e-01
   15700  3.140000000000e+02  3.752991850473e-01
   15750  3.150000000000e+02  3.441166069072e-01
   15800  3.160000000000e+02  3.125981981059e-01
   15850  3.170000000000e+02  2.811305219055e-01
   15900  3.180000000000e+02  2.500973707946e-01
   15950  3.190000000000e+02  2.198747609465e-01
   16000  3.200000000000e+02  1.908253276096e-01
   16050  3.210000000000e+02  1.632922270257e-01
   16100  3.220000000000e+02  1.375929953748e-01
   16150  3.230000000000e+02  1.140135860515e-01
   16200  3.240000000000e+02  9.280319450158e-02
   16250  3.250000000000e+02  7.417010230289e-02
   16300  3.260000000000e+02  5.827884024537e-02
   16350  3.270000000000e+02  4.524832629835e-02
   16400  3.280000000000e+02  3.515132410767e-02
   16450  3.290000000000e+02  2.801533617500e-02
   16500  3.300000000000e+02  2.382450071728e-02
   16550  3.310000000000e+02  2.252209420859e-02
   16600  3.320000000000e+02  2.401315852097e-02
   16650  3.330000000000e+02  2.816679815441e-02
   16700  3.340000000000e+02  3.481815594718e-02
   16750  3.350000000000e+02  4.377040617069e-02
   16800  3.360000000000e+02  5.479736801332e-02
   16850  3.370000000000e+02  6.764714639332e-02
   16900  3.380000000000e+02  8.204681485694e-02
   16950  3.390000000000e+02  9.770778547447e-02
   17000  3.400000000000e+02  1.143313277021e-01
   17050  3.410000000000e+02  1.316137768189e-01
   17100  3.420000000000e+02  1.492516191665e-01
   17150  3.430000000000e+02  1.669459677536e-01
   17200  3.440000000000e+02  1.844066946446e-01
   17250  3.450000000000e+02  2.013561066674e-01
   17300  3.460000000000e+02  2.175318748753e-01
   17350  3.470000000000e+02  2.326889020124e-01
   17400  3.480000000000e+02  2.466014439086e-01
   17450  3.490000000000e+02  2.590658613963e-01
   17500  3.500000000000e+02  2.699045991780e-01
   17550  3.510000000000e+02  2.789708905018e-01
   17600  3.520000000000e+02  2.861535752050e-01
   17650  3.530000000000e+02  2.913805275223e-01
   17700  3.540000000000e+02  2.946204401856e-01
   17750  3.550000000000e+02  2.958816396367e-01
   17800  3.560000000000e+02  2.952081841614e-01
   17850  3.570000000000e+02  2.926736434626e-01
   17900  3.580000000000e+02  2.883737864103e-01
   17950  3.590000000000e+02  2.824197844555e-01
   18000  3.600000000000e+02  2.749337778719e-01
   18050  3.610000000000e+02  2.660469945481e-01
   18100  3.620000000000e+02  2.558997290853e-01
   18150  3.630000000000e+02  2.446422036400e-01
   18200  3.640000000000e+02  2.324348377239e-01
   18250  3.650000000000e+02  2.194469365170e-01
   18300  3.660000000000e+02  2.058539456860e-01
   18350  3.670000000000e+02  1.918335592914e-01
   18400  3.680000000000e+02  1.775615960849e-01
   18450  3.690000000000e+02  1.632081722914e-01
   18500  3.700000000000e+02  1.489346623495e-01
   18550  3.710000000000e+02  1.348919748843e-01
   18600  3.720000000000e+02  1.212204435003e-01
   18650  3.730000000000e+02  1.080503615584e-01
   18700  3.740000000000e+02  9.550257165370e-02
   18750  3.750000000000e+02  8.368851217638e-02
   18800  3.760000000000e+02  7.270907794666e-02
   18850  3.770000000000e+02  6.265228357401e-02
   18900  3.780000000000e+02  5.359073951957e-02
   18950  3.790000000000e+02  4.557944898159e-02
   19000  3.800000000000e+02  3.865477275164e-02
   19050  3.810000000000e+02  3.283466146776e-02
   19100  3.820000000000e+02  2.811991023383e-02
   19150  3.830000000000e+02  2.449590995440e-02
   19200  3.840000000000e+02  2.193428364998e-02
   19250  3.850000000000e+02  2.039405558152e-02
   19300  3.860000000000e+02  1.982235130731e-02
   19350  3.870000000000e+02  2.015482202765e-02
   19400  3.880000000000e+02  2.131622113447e-02
   19450  3.890000000000e+02  2.322152430675e-02
   19500  3.900000000000e+02  2.577770199870e-02
   19550  3.910000000000e+02  2.888604297577e-02
   19600  3.920000000000e+02  3.244472727130e-02
   19650  3.930000000000e+02  3.635133491882e-02
   19700  3.940000000000e+02  4.050495250972e-02
   19750  3.950000000000e+02  4.480780175701e-02
   19800  3.960000000000e+02  4.916634674963e-02
   19850  3.970000000000e+02  5.349194078788e-02
   19900  3.980000000000e+02  5.770119909308e-02
   19950  3.990000000000e+02  6.171636032678e-02
   20000  4.000000000000e+02  6.546582026294e-02
   20050  4.010000000000e+02  6.888489563221e-02
   20100  4.020000000000e+02  7.191693495544e-02
   20150  4.030000000000e+02  7.451490458012e-02
   20200  4.040000000000e+02  7.664283082510e-02
   20250  4.050000000000e+02  7.827672774383e-02
   20300  4.060000000000e+02  7.940456441832e-02
   20350  4.070000000000e+02  8.002521838738e-02
   20400  4.080000000000e+02  8.014651013006e-02
   20450  4.090000000000e+02  7.978309187436e-02
   20500  4.100000000000e+02  7.895476871577e-02
   20550  4.110000000000e+02  7.768583467697e-02
   20600  4.120000000000e+02  7.600538470516e-02
   20650  4.130000000000e+02  7.394805579955e-02
   20700  4.140000000000e+02  7.155474423477e-02
   20750  4.150000000000e+02  6.887246783808e-02
   20800  4.160000000000e+02  6.595303579841e-02
   20850  4.170000000000e+02  6.285077647888e-02
   20900  4.180000000000e+02  5.962006952655e-02
   20950  4.190000000000e+02  5.631309364284e-02
   21000  4.200000000000e+02  5.297826302040e-02
   21050  4.210000000000e+02  4.965952913297e-02
   21100  4.220000000000e+02  4.639637975287e-02
   21150  4.230000000000e+02  4.322412050672e-02
   21200  4.240000000000e+02  4.017423037403e-02
   21250  4.250000000000e+02  3.727451466092e-02
   21300  4.260000000000e+02  3.454897236088e-02
   21350  4.270000000000e+02  3.201741117819e-02
   21400  4.280000000000e+02  2.969500425122e-02
   21450  4.290000000000e+02  2.759199494532e-02
   21500  4.300000000000e+02  2.571352588479e-02
   21550  4.310000000000e+02  2.405959851686e-02
   21600  4.320000000000e+02  2.262537135661e-02
   21650  4.330000000000e+02  2.140181746346e-02
   21700  4.340000000000e+02  2.037669834891e-02
   21750  4.350000000000e+02  1.953570492503e-02
   21800  4.360000000000e+02  1.886348766720e-02
   21850  4.370000000000e+02  1.834438907474e-02
   21900  4.380000000000e+02  1.796280768622e-02
   21950  4.390000000000e+02  1.770330165936e-02
   22000  4.400000000000e+02  1.755059899214e-02
   22050  4.410000000000e+02  1.748963023841e-02
   22100  4.420000000000e+02  1.750564347554e-02
   22150  4.430000000000e+02  1.758443098144e-02
   22200  4.440000000000e+02  1.771262353222e-02
   22250  4.450000000000e+02  1.787796467545e-02
   22300  4.460000000000e+02  1.806948500051e-02
   22350  4.470000000000e+02  1.827753516833e-02
   22400  4.480000000000e+02  1.849370278035e-02
   22450  4.490000000000e+02  1.871067390611e-02
   22500  4.500000000000e+02  1.892207399142e-02
   22550  4.510000000000e+02  1.912231036817e-02
   22600  4.520000000000e+02  1.930645989422e-02
   22650  4.530000000000e+02  1.947029133290e-02
   22700  4.540000000000e+02  1.961042693239e-02
   22750  4.550000000000e+02  1.972456767843e-02
   22800  4.560000000000e+02  1.981166115408e-02
   22850  4.570000000000e+02  1.987192723639e-02
   22900  4.580000000000e+02  1.990666691567e-02
   22950  4.590000000000e+02  1.991789982066e-02
   23000  4.600000000000e+02  1.990794946706e-02
   23050  4.610000000000e+02  1.987908517953e-02
   23100  4.620000000000e+02  1.983323814684e-02
   23150  4.630000000000e+02  1.977190556833e-02
   23200  4.640000000000e+02  1.969624224570e-02
   23250  4.650000000000e+02  1.960729842430e-02
   23300  4.660000000000e+02  1.950629712586e-02
   23350  4.670000000000e+02  1.939487089995e-02
   23400  4.680000000000e+02  1.927516062343e-02
   23450  4.690000000000e+02  1.914976369170e-02
   23500  4.700000000000e+02  1.902153696811e-02
   23550  4.710000000000e+02  1.889334894907e-02
   23600  4.720000000000e+02  1.876784983249e-02
   23650  4.730000000000e+02  1.864730726773e-02
   23700  4.740000000000e+02  1.853351387282e-02
   23750  4.750000000000e+02  1.842781526289e-02
   23800  4.760000000000e+02  1.833118244798e-02
   23850  4.770000000000e+02  1.824429504210e-02
   23900  4.780000000000e+02  1.816759537046e-02
   23950  4.790000000000e+02  1.810129639134e-02
   24000  4.800000000000e+02  1.804534580744e-02
   24050  4.810000000000e+02  1.799937846584e-02
   24100  4.820000000000e+02  1.796270461400e-02
   24150  4.830000000000e+02  1.793435500863e-02
   24200  4.840000000000e+02  1.791317130886e-02
   24250  4.850000000000e+02  1.789791223056e-02
   24300  4.860000000000e+02  1.788735332174e-02
   24350  4.870000000000e+02  1.788036895238e-02
   24400  4.880000000000e+02  1.787598414820e-02
   24450  4.890000000000e+02  1.787340100523e-02
   24500  4.900000000000e+02  1.787200098161e-02
   24550  4.910000000000e+02  1.787132625796e-02
   24600  4.920000000000e+02  1.787105208732e-02
   24650  4.930000000000e+02  1.787096159279e-02
   24700  4.940000000000e+02  1.787092360908e-02
   24750  4.950000000000e+02  1.787087201953e-02
   24800  4.960000000000e+02  1.787078489713e-02
   24850  4.970000000000e+02  1.787066584317e-02
   24900  4.980000000000e+02  1.787052841652e-02
   24950  4.990000000000e+02  1.787038465831e-02
   25000  5.000000000000e+02  1.787023786611e-02
   25050  5.010000000000e+02  1.787008582934e-02
   25100  5.020000000000e+02  1.786993934420e-02
   25150  5.030000000000e+02  1.786982060392e-02
   25200  5.040000000000e+02  1.786975727982e-02
   25250  5.050000000000e+02  1.786976961642e-02
   25300  5.060000000000e+02  1.786985917171e-02
   25350  5.070000000000e+02  1.787000797932e-02
   25400  5.080000000000e+02  1.787018734029e-02
   25450  5.090000000000e+02  1.787036776864e-02
   25500  5.100000000000e+02  1.787052283286e-02
   25550  5.110000000000e+02  1.787062887044e-02
   25600  5.120000000000e+02  1.787066697312e-02
   25650  5.130000000000e+02  1.787062763660e-02
   25700  5.140000000000e+02  1.787051414573e-02
   25750  5.150000000000e+02  1.787034111947e-02
   25800  5.160000000000e+02  1.787012906856e-02
   25850  5.170000000000e+02  1.786989729917e-02
   25900  5.180000000000e+02  1.786965939612e-02
   25950  5.190000000000e+02  1.786942452182e-02
   26000  5.200000000000e+02  1.786920241295e-02
   26050  5.210000000000e+02  1.786900817439e-02
   26100  5.220000000000e+02  1.786886396771e-02
   26150  5.230000000000e+02  1.786879864919e-02
   26200  5.240000000000e+02  1.786884259006e-02
   26250  5.250000000000e+02  1.786901734656e-02
   26300  5.260000000000e+02  1.786932491992e-02
   26350  5.270000000000e+02  1.786974099530e-02
   26400  5.280000000000e+02  1.787021507721e-02
   26450  5.290000000000e+02  1.787067636185e-02
   26500  5.300000000000e+02  1.787104539768e-02
   26550  5.310000000000e+02  1.787125043274e-02
   26600  5.320000000000e+02  1.787124402116e-02
   26650  5.330000000000e+02  1.787101334441e-02
   26700  5.340000000000e+02  1.787058069189e-02
   26750  5.350000000000e+02  1.786999496984e-02
   26800  5.360000000000e+02  1.786932032339e-02
   26850  5.370000000000e+02  1.786862658041e-02
   26900  5.380000000000e+02  1.786798205392e-02
   26950  5.390000000000e+02  1.786744735550e-02
   27000  5.400000000000e+02  1.786706853018e-02
   27050  5.410000000000e+02  1.786686989356e-02
   27100  5.420000000000e+02  1.786685037844e-02
   27150  5.430000000000e+02  1.786698855658e-02
   27200  5.440000000000e+02  1.786725492914e-02
   27250  5.450000000000e+02  1.786762567461e-02
   27300  5.460000000000e+02  1.786809024834e-02
   27350  5.470000000000e+02  1.786864784687e-02
   27400  5.480000000000e+02  1.786929349960e-02
   27450  5.490000000000e+02  1.787000144179e-02
   27500  5.500000000000e+02  1.787071644965e-02
   27550  5.510000000000e+02  1.787135873372e-02
   27600  5.520000000000e+02  1.787184193411e-02
   27650  5.530000000000e+02  1.787209742625e-02
   27700  5.540000000000e+02  1.787209478948e-02
   27750  5.550000000000e+02  1.787185018298e-02
   27800  5.560000000000e+02  1.787142179082e-02
   27850  5.570000000000e+02  1.787089367174e-02
   27900  5.580000000000e+02  1.787035459542e-02
   27950  5.590000000000e+02  1.786987861010e-02
   28000  5.600000000000e+02  1.786951106319e-02
   28050  5.610000000000e+02  1.786926307644e-02
   28100  5.620000000000e+02  1.786911452438e-02
   28150  5.630000000000e+02  1.786902334448e-02
   28200  5.640000000000e+02  1.786893723677e-02
   28250  5.650000000000e+02  1.786880484577e-02
   28300  5.660000000000e+02  1.786858610748e-02
   28350  5.670000000000e+02  1.786826322380e-02
   28400  5.680000000000e+02  1.786785132739e-02
   28450  5.690000000000e+02  1.786740353245e-02
   28500  5.700000000000e+02  1.786700280970e-02
   28550  5.710000000000e+02  1.786673843065e-02
   28600  5.720000000000e+02  1.786667532630e-02
   28650  5.730000000000e+02  1.786683156725e-02
   28700  5.740000000000e+02  1.786717618187e-02
   28750  5.750000000000e+02  1.786764496990e-02
