################################################################################
# HEADER
# nspin         1
#%
# nik       217
#  st         1      26
# ust         1      26
# Iter             t            #  iter t Nex(t)  
################################################################################
       0  0.000000000000e+00 -2.560451850542e-15
      50  1.000000000000e+00  1.163616009103e-10
     100  2.000000000000e+00  1.967732365937e-10
     150  3.000000000000e+00  3.850918542381e-10
     200  4.000000000000e+00  1.298811294626e-09
     250  5.000000000000e+00  4.889927893159e-09
     300  6.000000000000e+00  1.565043985380e-08
     350  7.000000000000e+00  4.174068383989e-08
     400  8.000000000000e+00  9.702836792358e-08
     450  9.000000000000e+00  2.026470367969e-07
     500  1.000000000000e+01  3.886489372065e-07
     550  1.100000000000e+01  6.949287058647e-07
     600  1.200000000000e+01  1.171712274296e-06
     650  1.300000000000e+01  1.879299015441e-06
     700  1.400000000000e+01  2.888685583582e-06
     750  1.500000000000e+01  4.280926136545e-06
     800  1.600000000000e+01  6.146715000661e-06
     850  1.700000000000e+01  8.583881009862e-06
     900  1.800000000000e+01  1.169564339071e-05
     950  1.900000000000e+01  1.558700210539e-05
    1000  2.000000000000e+01  2.035833104682e-05
    1050  2.100000000000e+01  2.610069859337e-05
    1100  2.200000000000e+01  3.289168984786e-05
    1150  2.300000000000e+01  4.078851527319e-05
    1200  2.400000000000e+01  4.982376285739e-05
    1250  2.500000000000e+01  6.000243864247e-05
    1300  2.600000000000e+01  7.129392842625e-05
    1350  2.700000000000e+01  8.363234456356e-05
    1400  2.800000000000e+01  9.691467929344e-05
    1450  2.900000000000e+01  1.109972918563e-04
    1500  3.000000000000e+01  1.256935999033e-04
    1550  3.100000000000e+01  1.407708464632e-04
    1600  3.200000000000e+01  1.559527706571e-04
    1650  3.300000000000e+01  1.709220448784e-04
    1700  3.400000000000e+01  1.853238103793e-04
    1750  3.500000000000e+01  1.987783500027e-04
    1800  3.600000000000e+01  2.108874942495e-04
    1850  3.700000000000e+01  2.212448899780e-04
    1900  3.800000000000e+01  2.294525030777e-04
    1950  3.900000000000e+01  2.351390059802e-04
    2000  4.000000000000e+01  2.379755815794e-04
    2050  4.100000000000e+01  2.376917001848e-04
    2100  4.200000000000e+01  2.340889069355e-04
    2150  4.300000000000e+01  2.270639860124e-04
    2200  4.400000000000e+01  2.166189662131e-04
    2250  4.500000000000e+01  2.028788362145e-04
    2300  4.600000000000e+01  1.861072332347e-04
    2350  4.700000000000e+01  1.667182369692e-04
    2400  4.800000000000e+01  1.452888269942e-04
    2450  4.900000000000e+01  1.225659686164e-04
    2500  5.000000000000e+01  9.946942897832e-05
    2550  5.100000000000e+01  7.709284891962e-05
    2600  5.200000000000e+01  5.669962970913e-05
    2650  5.300000000000e+01  3.971201460450e-05
    2700  5.400000000000e+01  2.770039090617e-05
    2750  5.500000000000e+01  2.236319413327e-05
    2800  5.600000000000e+01  2.550512254538e-05
    2850  5.700000000000e+01  3.900937832696e-05
    2900  5.800000000000e+01  6.480601941131e-05
    2950  5.900000000000e+01  1.048329998453e-04
    3000  6.000000000000e+01  1.609958097343e-04
    3050  6.100000000000e+01  2.351224896195e-04
    3100  6.200000000000e+01  3.289161954765e-04
    3150  6.300000000000e+01  4.439090801749e-04
    3200  6.400000000000e+01  5.814134026540e-04
    3250  6.500000000000e+01  7.424705436048e-04
    3300  6.600000000000e+01  9.278046011704e-04
    3350  6.700000000000e+01  1.137783944744e-03
    3400  6.800000000000e+01  1.372382316710e-03
    3450  6.900000000000e+01  1.631140484486e-03
    3500  7.000000000000e+01  1.913131537548e-03
    3550  7.100000000000e+01  2.216935533470e-03
    3600  7.200000000000e+01  2.540638219178e-03
    3650  7.300000000000e+01  2.881815798521e-03
    3700  7.400000000000e+01  3.237555184495e-03
    3750  7.500000000000e+01  3.604455123584e-03
    3800  7.600000000000e+01  3.978645498677e-03
    3850  7.700000000000e+01  4.355839238959e-03
    3900  7.800000000000e+01  4.731387243170e-03
    3950  7.900000000000e+01  5.100333456105e-03
    4000  8.000000000000e+01  5.457483185359e-03
    4050  8.100000000000e+01  5.797458104514e-03
    4100  8.200000000000e+01  6.114800610353e-03
    4150  8.300000000000e+01  6.404082261984e-03
    4200  8.400000000000e+01  6.659985065838e-03
    4250  8.500000000000e+01  6.877425153168e-03
    4300  8.600000000000e+01  7.051638573406e-03
    4350  8.700000000000e+01  7.178317801598e-03
    4400  8.800000000000e+01  7.253749575871e-03
    4450  8.900000000000e+01  7.274895487007e-03
    4500  9.000000000000e+01  7.239517577309e-03
    4550  9.100000000000e+01  7.146241681531e-03
    4600  9.200000000000e+01  6.994666916784e-03
    4650  9.300000000000e+01  6.785447038068e-03
    4700  9.400000000000e+01  6.520328080482e-03
    4750  9.500000000000e+01  6.202186714998e-03
    4800  9.600000000000e+01  5.835046404399e-03
    4850  9.700000000000e+01  5.424111542987e-03
    4900  9.800000000000e+01  4.975757199768e-03
    4950  9.900000000000e+01  4.497495111385e-03
    5000  1.000000000000e+02  3.997909173590e-03
    5050  1.010000000000e+02  3.486570830908e-03
    5100  1.020000000000e+02  2.973960416134e-03
    5150  1.030000000000e+02  2.471343656130e-03
    5200  1.040000000000e+02  1.990622824905e-03
    5250  1.050000000000e+02  1.544155754898e-03
    5300  1.060000000000e+02  1.144585207057e-03
    5350  1.070000000000e+02  8.046431608544e-04
    5400  1.080000000000e+02  5.369512493814e-04
    5450  1.090000000000e+02  3.537959179949e-04
    5500  1.100000000000e+02  2.669037614177e-04
    5550  1.110000000000e+02  2.872184702993e-04
    5600  1.120000000000e+02  4.246785218653e-04
    5650  1.130000000000e+02  6.879976461771e-04
    5700  1.140000000000e+02  1.084452800553e-03
    5750  1.150000000000e+02  1.619684777041e-03
    5800  1.160000000000e+02  2.297523362414e-03
    5850  1.170000000000e+02  3.119828140072e-03
    5900  1.180000000000e+02  4.086349822231e-03
    5950  1.190000000000e+02  5.194622882543e-03
    6000  1.200000000000e+02  6.439908423145e-03
    6050  1.210000000000e+02  7.815164698509e-03
    6100  1.220000000000e+02  9.311039947258e-03
    6150  1.230000000000e+02  1.091590461806e-02
    6200  1.240000000000e+02  1.261591941691e-02
    6250  1.250000000000e+02  1.439517657534e-02
    6300  1.260000000000e+02  1.623584272052e-02
    6350  1.270000000000e+02  1.811835102790e-02
    6400  1.280000000000e+02  2.002162972975e-02
    6450  1.290000000000e+02  2.192334718805e-02
    6500  1.300000000000e+02  2.380025208360e-02
    6550  1.310000000000e+02  2.562847302131e-02
    6600  1.320000000000e+02  2.738387418148e-02
    6650  1.330000000000e+02  2.904241344145e-02
    6700  1.340000000000e+02  3.058052126849e-02
    6750  1.350000000000e+02  3.197548670021e-02
    6800  1.360000000000e+02  3.320583616887e-02
    6850  1.370000000000e+02  3.425170402235e-02
    6900  1.380000000000e+02  3.509521001609e-02
    6950  1.390000000000e+02  3.572079516064e-02
    7000  1.400000000000e+02  3.611554245790e-02
    7050  1.410000000000e+02  3.626949834806e-02
    7100  1.420000000000e+02  3.617592131787e-02
    7150  1.430000000000e+02  3.583150230995e-02
    7200  1.440000000000e+02  3.523652252577e-02
    7250  1.450000000000e+02  3.439505839241e-02
    7300  1.460000000000e+02  3.331496813718e-02
    7350  1.470000000000e+02  3.200797709176e-02
    7400  1.480000000000e+02  3.048963243629e-02
    7450  1.490000000000e+02  2.877919343258e-02
    7500  1.500000000000e+02  2.689951009797e-02
    7550  1.510000000000e+02  2.487679307355e-02
    7600  1.520000000000e+02  2.274033802683e-02
    7650  1.530000000000e+02  2.052220662174e-02
    7700  1.540000000000e+02  1.825681671414e-02
    7750  1.550000000000e+02  1.598049902916e-02
    7800  1.560000000000e+02  1.373101002954e-02
    7850  1.570000000000e+02  1.154701473786e-02
    7900  1.580000000000e+02  9.467530732389e-03
    7950  1.590000000000e+02  7.531310243464e-03
    8000  1.600000000000e+02  5.776275584761e-03
    8050  1.610000000000e+02  4.238907436476e-03
    8100  1.620000000000e+02  2.953676685527e-03
    8150  1.630000000000e+02  1.952451535396e-03
    8200  1.640000000000e+02  1.263929825849e-03
    8250  1.650000000000e+02  9.131305204450e-04
    8300  1.660000000000e+02  9.209059160673e-04
    8350  1.670000000000e+02  1.303516606407e-03
    8400  1.680000000000e+02  2.072260564736e-03
    8450  1.690000000000e+02  3.233169719069e-03
    8500  1.700000000000e+02  4.786778450758e-03
    8550  1.710000000000e+02  6.727975088632e-03
    8600  1.720000000000e+02  9.045920669026e-03
    8650  1.730000000000e+02  1.172406204318e-02
    8700  1.740000000000e+02  1.474024489387e-02
    8750  1.750000000000e+02  1.806689058597e-02
    8800  1.760000000000e+02  2.167130511495e-02
    8850  1.770000000000e+02  2.551602426962e-02
    8900  1.780000000000e+02  2.955926101734e-02
    8950  1.790000000000e+02  3.375541044864e-02
    9000  1.800000000000e+02  3.805568715913e-02
    9050  1.810000000000e+02  4.240874526661e-02
    9100  1.820000000000e+02  4.676135946938e-02
    9150  1.830000000000e+02  5.105913751511e-02
    9200  1.840000000000e+02  5.524726656651e-02
    9250  1.850000000000e+02  5.927134213519e-02
    9300  1.860000000000e+02  6.307814688783e-02
    9350  1.870000000000e+02  6.661638344392e-02
    9400  1.880000000000e+02  6.983742528475e-02
    9450  1.890000000000e+02  7.269606898431e-02
    9500  1.900000000000e+02  7.515126586477e-02
    9550  1.910000000000e+02  7.716675449312e-02
    9600  1.920000000000e+02  7.871169545500e-02
    9650  1.930000000000e+02  7.976113169725e-02
    9700  1.940000000000e+02  8.029647891423e-02
    9750  1.950000000000e+02  8.030596118223e-02
    9800  1.960000000000e+02  7.978487886389e-02
    9850  1.970000000000e+02  7.873581045135e-02
    9900  1.980000000000e+02  7.716863948351e-02
    9950  1.990000000000e+02  7.510058184555e-02
   10000  2.000000000000e+02  7.255614434147e-02
   10050  2.010000000000e+02  6.956681991025e-02
   10100  2.020000000000e+02  6.617077042255e-02
   10150  2.030000000000e+02  6.241240689560e-02
   10200  2.040000000000e+02  5.834177303621e-02
   10250  2.050000000000e+02  5.401408451525e-02
   10300  2.060000000000e+02  4.948890311473e-02
   10350  2.070000000000e+02  4.482937576668e-02
   10400  2.080000000000e+02  4.010138253629e-02
   10450  2.090000000000e+02  3.537263149031e-02
   10500  2.100000000000e+02  3.071173243241e-02
   10550  2.110000000000e+02  2.618723810829e-02
   10600  2.120000000000e+02  2.186665527456e-02
   10650  2.130000000000e+02  1.781542578169e-02
   10700  2.140000000000e+02  1.409597405533e-02
   10750  2.150000000000e+02  1.076675798152e-02
   10800  2.160000000000e+02  7.881367967739e-03
   10850  2.170000000000e+02  5.487693345389e-03
   10900  2.180000000000e+02  3.627148570574e-03
   10950  2.190000000000e+02  2.334024477209e-03
   11000  2.200000000000e+02  1.634927340522e-03
   11050  2.210000000000e+02  1.548315784812e-03
   11100  2.220000000000e+02  2.084154606730e-03
   11150  2.230000000000e+02  3.243695405843e-03
   11200  2.240000000000e+02  5.019385477830e-03
   11250  2.250000000000e+02  7.394896468983e-03
   11300  2.260000000000e+02  1.034530086455e-02
   11350  2.270000000000e+02  1.383736888036e-02
   11400  2.280000000000e+02  1.783001166864e-02
   11450  2.290000000000e+02  2.227483437365e-02
   11500  2.300000000000e+02  2.711680246685e-02
   11550  2.310000000000e+02  3.229501936762e-02
   11600  2.320000000000e+02  3.774353962303e-02
   11650  2.330000000000e+02  4.339227754388e-02
   11700  2.340000000000e+02  4.916797745148e-02
   11750  2.350000000000e+02  5.499524683679e-02
   11800  2.360000000000e+02  6.079760949807e-02
   11850  2.370000000000e+02  6.649849787115e-02
   11900  2.380000000000e+02  7.202239826698e-02
   11950  2.390000000000e+02  7.729588885456e-02
   12000  2.400000000000e+02  8.224867488384e-02
   12050  2.410000000000e+02  8.681455795049e-02
   12100  2.420000000000e+02  9.093239435687e-02
   12150  2.430000000000e+02  9.454693529571e-02
   12200  2.440000000000e+02  9.760953624983e-02
   12250  2.450000000000e+02  1.000788722697e-01
   12300  2.460000000000e+02  1.019214730534e-01
   12350  2.470000000000e+02  1.031122254024e-01
   12400  2.480000000000e+02  1.036347543511e-01
   12450  2.490000000000e+02  1.034816331555e-01
   12500  2.500000000000e+02  1.026545644033e-01
   12550  2.510000000000e+02  1.011643365825e-01
   12600  2.520000000000e+02  9.903070113409e-02
   12650  2.530000000000e+02  9.628213889246e-02
   12700  2.540000000000e+02  9.295547273382e-02
   12750  2.550000000000e+02  8.909531239005e-02
   12800  2.560000000000e+02  8.475342758218e-02
   12850  2.570000000000e+02  7.998804208954e-02
   12900  2.580000000000e+02  7.486301184396e-02
   12950  2.590000000000e+02  6.944694202007e-02
   13000  2.600000000000e+02  6.381224877566e-02
   13050  2.610000000000e+02  5.803410049957e-02
   13100  2.620000000000e+02  5.218936853161e-02
   13150  2.630000000000e+02  4.635557241632e-02
   13200  2.640000000000e+02  4.060979528410e-02
   13250  2.650000000000e+02  3.502758020914e-02
   13300  2.660000000000e+02  2.968187116013e-02
   13350  2.670000000000e+02  2.464193651927e-02
   13400  2.680000000000e+02  1.997242071129e-02
   13450  2.690000000000e+02  1.573241244995e-02
   13500  2.700000000000e+02  1.197465553300e-02
   13550  2.710000000000e+02  8.744820967821e-03
   13600  2.720000000000e+02  6.080866642293e-03
   13650  2.730000000000e+02  4.012557536282e-03
   13700  2.740000000000e+02  2.561085339038e-03
   13750  2.750000000000e+02  1.738849128824e-03
   13800  2.760000000000e+02  1.549337521850e-03
   13850  2.770000000000e+02  1.987152629102e-03
   13900  2.780000000000e+02  3.038168385643e-03
   13950  2.790000000000e+02  4.679821838635e-03
   14000  2.800000000000e+02  6.881508700135e-03
   14050  2.810000000000e+02  9.605110489499e-03
   14100  2.820000000000e+02  1.280563596389e-02
   14150  2.830000000000e+02  1.643190146403e-02
   14200  2.840000000000e+02  2.042735386215e-02
   14250  2.850000000000e+02  2.473092533035e-02
   14300  2.860000000000e+02  2.927794637280e-02
   14350  2.870000000000e+02  3.400109375530e-02
   14400  2.880000000000e+02  3.883137338660e-02
   14450  2.890000000000e+02  4.369911378643e-02
   14500  2.900000000000e+02  4.853491327611e-02
   14550  2.910000000000e+02  5.327064268908e-02
   14600  2.920000000000e+02  5.784036587087e-02
   14650  2.930000000000e+02  6.218122959704e-02
   14700  2.940000000000e+02  6.623428549504e-02
   14750  2.950000000000e+02  6.994522428727e-02
   14800  2.960000000000e+02  7.326508615150e-02
   14850  2.970000000000e+02  7.615085421093e-02
   14900  2.980000000000e+02  7.856594670588e-02
   14950  2.990000000000e+02  8.048068534155e-02
   15000  3.000000000000e+02  8.187253111903e-02
   15050  3.010000000000e+02  8.272634007677e-02
   15100  3.020000000000e+02  8.303450912481e-02
   15150  3.030000000000e+02  8.279690355612e-02
   15200  3.040000000000e+02  8.202082653478e-02
   15250  3.050000000000e+02  8.072073836105e-02
   15300  3.060000000000e+02  7.891804033433e-02
   15350  3.070000000000e+02  7.664061540361e-02
   15400  3.080000000000e+02  7.392234816484e-02
   15450  3.090000000000e+02  7.080259261670e-02
   15500  3.100000000000e+02  6.732549956165e-02
   15550  3.110000000000e+02  6.353935535355e-02
   15600  3.120000000000e+02  5.949585908157e-02
   15650  3.130000000000e+02  5.524928971866e-02
   15700  3.140000000000e+02  5.085574947873e-02
   15750  3.150000000000e+02  4.637226159602e-02
   15800  3.160000000000e+02  4.185596412288e-02
   15850  3.170000000000e+02  3.736330834359e-02
   15900  3.180000000000e+02  3.294926290624e-02
   15950  3.190000000000e+02  2.866654896259e-02
   16000  3.200000000000e+02  2.456491149985e-02
   16050  3.210000000000e+02  2.069047243071e-02
   16100  3.220000000000e+02  1.708515222786e-02
   16150  3.230000000000e+02  1.378614522748e-02
   16200  3.240000000000e+02  1.082549343481e-02
   16250  3.250000000000e+02  8.229726610940e-03
   16300  3.260000000000e+02  6.019592031538e-03
   16350  3.270000000000e+02  4.209880414702e-03
   16400  3.280000000000e+02  2.809341598989e-03
   16450  3.290000000000e+02  1.820718765705e-03
   16500  3.300000000000e+02  1.240848641233e-03
   16550  3.310000000000e+02  1.060855777448e-03
   16600  3.320000000000e+02  1.266443584668e-03
   16650  3.330000000000e+02  1.838256614690e-03
   16700  3.340000000000e+02  2.752312553504e-03
   16750  3.350000000000e+02  3.980490122769e-03
   16800  3.360000000000e+02  5.491069278673e-03
   16850  3.370000000000e+02  7.249304368146e-03
   16900  3.380000000000e+02  9.218025158914e-03
   16950  3.390000000000e+02  1.135825877579e-02
   17000  3.400000000000e+02  1.362984606787e-02
   17050  3.410000000000e+02  1.599207919054e-02
   17100  3.420000000000e+02  1.840428627253e-02
   17150  3.430000000000e+02  2.082641248141e-02
   17200  3.440000000000e+02  2.321959102155e-02
   17250  3.450000000000e+02  2.554663854701e-02
   17300  3.460000000000e+02  2.777253590756e-02
   17350  3.470000000000e+02  2.986485532908e-02
   17400  3.480000000000e+02  3.179412591908e-02
   17450  3.490000000000e+02  3.353416666417e-02
   17500  3.500000000000e+02  3.506236567336e-02
   17550  3.510000000000e+02  3.635983895608e-02
   17600  3.520000000000e+02  3.741160659052e-02
   17650  3.530000000000e+02  3.820668613965e-02
   17700  3.540000000000e+02  3.873808686649e-02
   17750  3.550000000000e+02  3.900275163872e-02
   17800  3.560000000000e+02  3.900152879926e-02
   17850  3.570000000000e+02  3.873900395316e-02
   17900  3.580000000000e+02  3.822331697346e-02
   17950  3.590000000000e+02  3.746593408016e-02
   18000  3.600000000000e+02  3.648137336172e-02
   18050  3.610000000000e+02  3.528690440688e-02
   18100  3.620000000000e+02  3.390221238358e-02
   18150  3.630000000000e+02  3.234897935465e-02
   18200  3.640000000000e+02  3.065053801906e-02
   18250  3.650000000000e+02  2.883144456351e-02
   18300  3.660000000000e+02  2.691704489564e-02
   18350  3.670000000000e+02  2.493309581007e-02
   18400  3.680000000000e+02  2.290537296418e-02
   18450  3.690000000000e+02  2.085930494601e-02
   18500  3.700000000000e+02  1.881958297534e-02
   18550  3.710000000000e+02  1.680984276143e-02
   18600  3.720000000000e+02  1.485236425104e-02
   18650  3.730000000000e+02  1.296776900171e-02
   18700  3.740000000000e+02  1.117482341553e-02
   18750  3.750000000000e+02  9.490181259826e-03
   18800  3.760000000000e+02  7.928232922924e-03
   18850  3.770000000000e+02  6.500981895108e-03
   18900  3.780000000000e+02  5.217942481336e-03
   18950  3.790000000000e+02  4.086122493097e-03
   19000  3.800000000000e+02  3.110007185999e-03
   19050  3.810000000000e+02  2.291610589339e-03
   19100  3.820000000000e+02  1.630547287535e-03
   19150  3.830000000000e+02  1.124156089123e-03
   19200  3.840000000000e+02  7.676374215881e-04
   19250  3.850000000000e+02  5.542266094682e-04
   19300  3.860000000000e+02  4.753964761717e-04
   19350  3.870000000000e+02  5.210766755495e-04
   19400  3.880000000000e+02  6.798934717131e-04
   19450  3.890000000000e+02  9.394204528353e-04
   19500  3.900000000000e+02  1.286434788873e-03
   19550  3.910000000000e+02  1.707177506092e-03
   19600  3.920000000000e+02  2.187603117619e-03
   19650  3.930000000000e+02  2.713625916290e-03
   19700  3.940000000000e+02  3.271348588546e-03
   19750  3.950000000000e+02  3.847274350085e-03
   19800  3.960000000000e+02  4.428509127705e-03
   19850  3.970000000000e+02  5.002932889527e-03
   19900  3.980000000000e+02  5.559337916511e-03
   19950  3.990000000000e+02  6.087557841489e-03
   20000  4.000000000000e+02  6.578569995779e-03
   20050  4.010000000000e+02  7.024551001726e-03
   20100  4.020000000000e+02  7.418940581837e-03
   20150  4.030000000000e+02  7.756455994898e-03
   20200  4.040000000000e+02  8.033109142470e-03
   20250  4.050000000000e+02  8.246178587642e-03
   20300  4.060000000000e+02  8.394169038378e-03
   20350  4.070000000000e+02  8.476766866215e-03
   20400  4.080000000000e+02  8.494772165809e-03
   20450  4.090000000000e+02  8.449999265789e-03
   20500  4.100000000000e+02  8.345198862712e-03
   20550  4.110000000000e+02  8.183945675285e-03
   20600  4.120000000000e+02  7.970526749792e-03
   20650  4.130000000000e+02  7.709817459768e-03
   20700  4.140000000000e+02  7.407165268448e-03
   20750  4.150000000000e+02  7.068267992311e-03
   20800  4.160000000000e+02  6.699078391315e-03
   20850  4.170000000000e+02  6.305649565798e-03
   20900  4.180000000000e+02  5.894057826494e-03
   20950  4.190000000000e+02  5.470299632121e-03
   21000  4.200000000000e+02  5.040179961439e-03
   21050  4.210000000000e+02  4.609240043005e-03
   21100  4.220000000000e+02  4.182677008644e-03
   21150  4.230000000000e+02  3.765265605334e-03
   21200  4.240000000000e+02  3.361317371166e-03
   21250  4.250000000000e+02  2.974623012306e-03
   21300  4.260000000000e+02  2.608432743056e-03
   21350  4.270000000000e+02  2.265438934437e-03
   21400  4.280000000000e+02  1.947758334357e-03
   21450  4.290000000000e+02  1.656942941874e-03
   21500  4.300000000000e+02  1.393996266382e-03
   21550  4.310000000000e+02  1.159400183517e-03
   21600  4.320000000000e+02  9.531451560605e-04
   21650  4.330000000000e+02  7.747730158037e-04
   21700  4.340000000000e+02  6.234204169726e-04
   21750  4.350000000000e+02  4.978661963749e-04
   21800  4.360000000000e+02  3.965890034401e-04
   21850  4.370000000000e+02  3.178223023712e-04
   21900  4.380000000000e+02  2.596072251057e-04
   21950  4.390000000000e+02  2.198433470211e-04
   22000  4.400000000000e+02  1.963404649614e-04
   22050  4.410000000000e+02  1.868677951465e-04
   22100  4.420000000000e+02  1.891995203832e-04
   22150  4.430000000000e+02  2.011562519363e-04
   22200  4.440000000000e+02  2.206425646394e-04
   22250  4.450000000000e+02  2.456800787311e-04
   22300  4.460000000000e+02  2.744353365517e-04
   22350  4.470000000000e+02  3.052421206996e-04
   22400  4.480000000000e+02  3.366162647020e-04
   22450  4.490000000000e+02  3.672654311795e-04
   22500  4.500000000000e+02  3.960967725254e-04
   22550  4.510000000000e+02  4.222159965233e-04
   22600  4.520000000000e+02  4.449237764590e-04
   22650  4.530000000000e+02  4.637105919961e-04
   22700  4.540000000000e+02  4.782459355878e-04
   22750  4.550000000000e+02  4.883637137194e-04
   22800  4.560000000000e+02  4.940465483409e-04
   22850  4.570000000000e+02  4.954086175030e-04
   22900  4.580000000000e+02  4.926761887901e-04
   22950  4.590000000000e+02  4.861675286341e-04
   23000  4.600000000000e+02  4.762687117920e-04
   23050  4.610000000000e+02  4.634194520313e-04
   23100  4.620000000000e+02  4.480927885161e-04
   23150  4.630000000000e+02  4.307769019894e-04
   23200  4.640000000000e+02  4.119608705850e-04
   23250  4.650000000000e+02  3.921229818876e-04
   23300  4.660000000000e+02  3.717194454177e-04
   23350  4.670000000000e+02  3.511734005487e-04
   23400  4.680000000000e+02  3.308665651548e-04
   23450  4.690000000000e+02  3.111342905125e-04
   23500  4.700000000000e+02  2.922612597857e-04
   23550  4.710000000000e+02  2.744778959681e-04
   23600  4.720000000000e+02  2.579622936307e-04
   23650  4.730000000000e+02  2.428406290594e-04
   23700  4.740000000000e+02  2.291881487986e-04
   23750  4.750000000000e+02  2.170357521600e-04
   23800  4.760000000000e+02  2.063745103953e-04
   23850  4.770000000000e+02  1.971606655440e-04
   23900  4.780000000000e+02  1.893217936285e-04
   23950  4.790000000000e+02  1.827620970402e-04
   24000  4.800000000000e+02  1.773696709205e-04
   24050  4.810000000000e+02  1.730217383673e-04
   24100  4.820000000000e+02  1.695892340530e-04
   24150  4.830000000000e+02  1.669425005617e-04
   24200  4.840000000000e+02  1.649549923688e-04
   24250  4.850000000000e+02  1.635066628816e-04
   24300  4.860000000000e+02  1.624871903610e-04
   24350  4.870000000000e+02  1.617979900231e-04
   24400  4.880000000000e+02  1.613539394055e-04
   24450  4.890000000000e+02  1.610838770555e-04
   24500  4.900000000000e+02  1.609306770950e-04
   24550  4.910000000000e+02  1.608506707605e-04
   24600  4.920000000000e+02  1.608123850153e-04
   24650  4.930000000000e+02  1.607948059528e-04
   24700  4.940000000000e+02  1.607854539781e-04
   24750  4.950000000000e+02  1.607782724576e-04
   24800  4.960000000000e+02  1.607714894256e-04
   24850  4.970000000000e+02  1.607657002110e-04
   24900  4.980000000000e+02  1.607622942501e-04
   24950  4.990000000000e+02  1.607623326322e-04
   25000  5.000000000000e+02  1.607659572035e-04
   25050  5.010000000000e+02  1.607724863861e-04
   25100  5.020000000000e+02  1.607811712769e-04
   25150  5.030000000000e+02  1.607910701057e-04
   25200  5.040000000000e+02  1.608011181147e-04
   25250  5.050000000000e+02  1.608102826519e-04
   25300  5.060000000000e+02  1.608176836436e-04
   25350  5.070000000000e+02  1.608226554607e-04
   25400  5.080000000000e+02  1.608247831213e-04
   25450  5.090000000000e+02  1.608239721128e-04
   25500  5.100000000000e+02  1.608204243719e-04
   25550  5.110000000000e+02  1.608145249785e-04
   25600  5.120000000000e+02  1.608067392414e-04
   25650  5.130000000000e+02  1.607975637964e-04
   25700  5.140000000000e+02  1.607875372068e-04
   25750  5.150000000000e+02  1.607772527107e-04
   25800  5.160000000000e+02  1.607673592096e-04
   25850  5.170000000000e+02  1.607585659351e-04
   25900  5.180000000000e+02  1.607516302317e-04
   25950  5.190000000000e+02  1.607473061301e-04
   26000  5.200000000000e+02  1.607462504858e-04
   26050  5.210000000000e+02  1.607488878142e-04
   26100  5.220000000000e+02  1.607553044683e-04
   26150  5.230000000000e+02  1.607651644832e-04
   26200  5.240000000000e+02  1.607776752618e-04
   26250  5.250000000000e+02  1.607916255059e-04
   26300  5.260000000000e+02  1.608055128346e-04
   26350  5.270000000000e+02  1.608177281552e-04
   26400  5.280000000000e+02  1.608267657075e-04
   26450  5.290000000000e+02  1.608314366739e-04
   26500  5.300000000000e+02  1.608310167898e-04
   26550  5.310000000000e+02  1.608253735897e-04
   26600  5.320000000000e+02  1.608150151496e-04
   26650  5.330000000000e+02  1.608010600162e-04
   26700  5.340000000000e+02  1.607850985154e-04
   26750  5.350000000000e+02  1.607689803166e-04
   26800  5.360000000000e+02  1.607545678767e-04
   26850  5.370000000000e+02  1.607435301312e-04
   26900  5.380000000000e+02  1.607371555151e-04
   26950  5.390000000000e+02  1.607361904939e-04
   27000  5.400000000000e+02  1.607407569497e-04
   27050  5.410000000000e+02  1.607503490077e-04
   27100  5.420000000000e+02  1.607639117055e-04
   27150  5.430000000000e+02  1.607799809887e-04
   27200  5.440000000000e+02  1.607968575097e-04
   27250  5.450000000000e+02  1.608127959716e-04
   27300  5.460000000000e+02  1.608261877046e-04
   27350  5.470000000000e+02  1.608357089587e-04
   27400  5.480000000000e+02  1.608404070466e-04
