################################################################################
# HEADER
# nspin         1
#%
# nik       217
#  st         1      26
# ust         1      26
# Iter             t            #  iter t Nex(t)  
################################################################################
       0  0.000000000000e+00  2.922662112326e-14
      50  7.500000000000e-01  1.096839679499e-08
     100  1.500000000000e+00  2.201707018784e-08
     150  2.250000000000e+00  3.394998322748e-08
     200  3.000000000000e+00  4.985970659954e-08
     250  3.750000000000e+00  7.688083090290e-08
     300  4.500000000000e+00  1.281194277544e-07
     350  5.250000000000e+00  2.234782870356e-07
     400  6.000000000000e+00  3.911237472162e-07
     450  6.750000000000e+00  6.683768649374e-07
     500  7.500000000000e+00  1.104412896594e-06
     550  8.250000000000e+00  1.760863992825e-06
     600  9.000000000000e+00  2.714457118740e-06
     650  9.750000000000e+00  4.057946268572e-06
     700  1.050000000000e+01  5.902267229796e-06
     750  1.125000000000e+01  8.380315248628e-06
     800  1.200000000000e+01  1.163864903151e-05
     850  1.275000000000e+01  1.584747926263e-05
     900  1.350000000000e+01  2.118505313844e-05
     950  1.425000000000e+01  2.784590076107e-05
    1000  1.500000000000e+01  3.602929350272e-05
    1050  1.575000000000e+01  4.594459787775e-05
    1100  1.650000000000e+01  5.780405379464e-05
    1150  1.725000000000e+01  7.182317337802e-05
    1200  1.800000000000e+01  8.822315904302e-05
    1250  1.875000000000e+01  1.072009288863e-04
    1300  1.950000000000e+01  1.289537417974e-04
    1350  2.025000000000e+01  1.536674876865e-04
    1400  2.100000000000e+01  1.814872095927e-04
    1450  2.175000000000e+01  2.125367652097e-04
    1500  2.250000000000e+01  2.468988985836e-04
    1550  2.325000000000e+01  2.845972686684e-04
    1600  2.400000000000e+01  3.256267609601e-04
    1650  2.475000000000e+01  3.699082037505e-04
    1700  2.550000000000e+01  4.172968433897e-04
    1750  2.625000000000e+01  4.675892245733e-04
    1800  2.700000000000e+01  5.205014096308e-04
    1850  2.775000000000e+01  5.756882970058e-04
    1900  2.850000000000e+01  6.327323145602e-04
    1950  2.925000000000e+01  6.911484788887e-04
    2000  3.000000000000e+01  7.503815263179e-04
    2050  3.075000000000e+01  8.098244437667e-04
    2100  3.150000000000e+01  8.687961157490e-04
    2150  3.225000000000e+01  9.265654724716e-04
    2200  3.300000000000e+01  9.823544514108e-04
    2250  3.375000000000e+01  1.035350541664e-03
    2300  3.450000000000e+01  1.084714256625e-03
    2350  3.525000000000e+01  1.129607009010e-03
    2400  3.600000000000e+01  1.169160842456e-03
    2450  3.675000000000e+01  1.202563494042e-03
    2500  3.750000000000e+01  1.229017154376e-03
    2550  3.825000000000e+01  1.247804911285e-03
    2600  3.900000000000e+01  1.258247546009e-03
    2650  3.975000000000e+01  1.259783824738e-03
    2700  4.050000000000e+01  1.251965427918e-03
    2750  4.125000000000e+01  1.234452931567e-03
    2800  4.200000000000e+01  1.207074929284e-03
    2850  4.275000000000e+01  1.169826646155e-03
    2900  4.350000000000e+01  1.122906764463e-03
    2950  4.425000000000e+01  1.066728418459e-03
    3000  4.500000000000e+01  1.001920899454e-03
    3050  4.575000000000e+01  9.293792795506e-04
    3100  4.650000000000e+01  8.502430181673e-04
    3150  4.725000000000e+01  7.659359689761e-04
    3200  4.800000000000e+01  6.781471680192e-04
    3250  4.875000000000e+01  5.888617601596e-04
    3300  4.950000000000e+01  5.003346792889e-04
    3350  5.025000000000e+01  4.151090565112e-04
    3400  5.100000000000e+01  3.360130075909e-04
    3450  5.175000000000e+01  2.661308453804e-04
    3500  5.250000000000e+01  2.088007340080e-04
    3550  5.325000000000e+01  1.675878257681e-04
    3600  5.400000000000e+01  1.462619337910e-04
    3650  5.475000000000e+01  1.487690569630e-04
    3700  5.550000000000e+01  1.791980703799e-04
    3750  5.625000000000e+01  2.417422791550e-04
    3800  5.700000000000e+01  3.406559744291e-04
    3850  5.775000000000e+01  4.802318920456e-04
    3900  5.850000000000e+01  6.647182790649e-04
    3950  5.925000000000e+01  8.982905052137e-04
    4000  6.000000000000e+01  1.184976998819e-03
    4050  6.075000000000e+01  1.528663249956e-03
    4100  6.150000000000e+01  1.932919677555e-03
    4150  6.225000000000e+01  2.401041997112e-03
    4200  6.300000000000e+01  2.935985764531e-03
    4250  6.375000000000e+01  3.540236994300e-03
    4300  6.450000000000e+01  4.215797996066e-03
    4350  6.525000000000e+01  4.964091685522e-03
    4400  6.600000000000e+01  5.785993767274e-03
    4450  6.675000000000e+01  6.681730617133e-03
    4500  6.750000000000e+01  7.650776335509e-03
    4550  6.825000000000e+01  8.691897101320e-03
    4600  6.900000000000e+01  9.803102653012e-03
    4650  6.975000000000e+01  1.098154407567e-02
    4700  7.050000000000e+01  1.222360809692e-02
    4750  7.125000000000e+01  1.352479690335e-02
    4800  7.200000000000e+01  1.487973123976e-02
    4850  7.275000000000e+01  1.628230080954e-02
    4900  7.350000000000e+01  1.772544690163e-02
    4950  7.425000000000e+01  1.920128359622e-02
    5000  7.500000000000e+01  2.070129928028e-02
    5050  7.575000000000e+01  2.221609484932e-02
    5100  7.650000000000e+01  2.373582142201e-02
    5150  7.725000000000e+01  2.524968577025e-02
    5200  7.800000000000e+01  2.674671829894e-02
    5250  7.875000000000e+01  2.821528117673e-02
    5300  7.950000000000e+01  2.964360544943e-02
    5350  8.025000000000e+01  3.101932815668e-02
    5400  8.100000000000e+01  3.233026445004e-02
    5450  8.175000000000e+01  3.356416908462e-02
    5500  8.250000000000e+01  3.470893135286e-02
    5550  8.325000000000e+01  3.575264726740e-02
    5600  8.400000000000e+01  3.668378365774e-02
    5650  8.475000000000e+01  3.749140209008e-02
    5700  8.550000000000e+01  3.816524740649e-02
    5750  8.625000000000e+01  3.869587829039e-02
    5800  8.700000000000e+01  3.907479438469e-02
    5850  8.775000000000e+01  3.929453297799e-02
    5900  8.850000000000e+01  3.934891787179e-02
    5950  8.925000000000e+01  3.923315378858e-02
    6000  9.000000000000e+01  3.894381541044e-02
    6050  9.075000000000e+01  3.847915837371e-02
    6100  9.150000000000e+01  3.783905918660e-02
    6150  9.225000000000e+01  3.702527533999e-02
    6200  9.300000000000e+01  3.604129257526e-02
    6250  9.375000000000e+01  3.489262060720e-02
    6300  9.450000000000e+01  3.358666383835e-02
    6350  9.525000000000e+01  3.213285576519e-02
    6400  9.600000000000e+01  3.054267383437e-02
    6450  9.675000000000e+01  2.882956583738e-02
    6500  9.750000000000e+01  2.700892047033e-02
    6550  9.825000000000e+01  2.509816463021e-02
    6600  9.900000000000e+01  2.311636811748e-02
    6650  9.975000000000e+01  2.108451757456e-02
    6700  1.005000000000e+02  1.902513793483e-02
    6750  1.012500000000e+02  1.696229273787e-02
    6800  1.020000000000e+02  1.492136331901e-02
    6850  1.027500000000e+02  1.292893844116e-02
    6900  1.035000000000e+02  1.101256991202e-02
    6950  1.042500000000e+02  9.200492663937e-03
    7000  1.050000000000e+02  7.521479392266e-03
    7050  1.057500000000e+02  6.004592698757e-03
    7100  1.065000000000e+02  4.678800502389e-03
    7150  1.072500000000e+02  3.572848729162e-03
    7200  1.080000000000e+02  2.714869984490e-03
    7250  1.087500000000e+02  2.132123602747e-03
    7300  1.095000000000e+02  1.850705771585e-03
    7350  1.102500000000e+02  1.895219761295e-03
    7400  1.110000000000e+02  2.288473682335e-03
    7450  1.117500000000e+02  3.051201509606e-03
    7500  1.125000000000e+02  4.201741321849e-03
    7550  1.132500000000e+02  5.755778377927e-03
    7600  1.140000000000e+02  7.726093497294e-03
    7650  1.147500000000e+02  1.012223969462e-02
    7700  1.155000000000e+02  1.295046684835e-02
    7750  1.162500000000e+02  1.621344160495e-02
    7800  1.170000000000e+02  1.991006427717e-02
    7850  1.177500000000e+02  2.403540293926e-02
    7900  1.185000000000e+02  2.858053113351e-02
    7950  1.192500000000e+02  3.353267189090e-02
    8000  1.200000000000e+02  3.887481371519e-02
    8050  1.207500000000e+02  4.458607956975e-02
    8100  1.215000000000e+02  5.064156551043e-02
    8150  1.222500000000e+02  5.701261943180e-02
    8200  1.230000000000e+02  6.366683517498e-02
    8250  1.237500000000e+02  7.056826663322e-02
    8300  1.245000000000e+02  7.767780998506e-02
    8350  1.252500000000e+02  8.495334234200e-02
    8400  1.260000000000e+02  9.234992271881e-02
    8450  1.267500000000e+02  9.982037300980e-02
    8500  1.275000000000e+02  1.073154585366e-01
    8550  1.282500000000e+02  1.147843634449e-01
    8600  1.290000000000e+02  1.221750160660e-01
    8650  1.297500000000e+02  1.294347240005e-01
    8700  1.305000000000e+02  1.365103045205e-01
    8750  1.312500000000e+02  1.433485541674e-01
    8800  1.320000000000e+02  1.498971313095e-01
    8850  1.327500000000e+02  1.561043450958e-01
    8900  1.335000000000e+02  1.619202351644e-01
    8950  1.342500000000e+02  1.672968065939e-01
    9000  1.350000000000e+02  1.721882351804e-01
    9050  1.357500000000e+02  1.765516153341e-01
    9100  1.365000000000e+02  1.803470452988e-01
    9150  1.372500000000e+02  1.835384803829e-01
    9200  1.380000000000e+02  1.860933946438e-01
    9250  1.387500000000e+02  1.879837201334e-01
    9300  1.395000000000e+02  1.891864267489e-01
    9350  1.402500000000e+02  1.896827297009e-01
    9400  1.410000000000e+02  1.894594534231e-01
    9450  1.417500000000e+02  1.885086122741e-01
    9500  1.425000000000e+02  1.868281363068e-01
    9550  1.432500000000e+02  1.844213907293e-01
    9600  1.440000000000e+02  1.812981989507e-01
    9650  1.447500000000e+02  1.774740149767e-01
    9700  1.455000000000e+02  1.729705417596e-01
    9750  1.462500000000e+02  1.678157682893e-01
    9800  1.470000000000e+02  1.620434425655e-01
    9850  1.477500000000e+02  1.556935242738e-01
    9900  1.485000000000e+02  1.488117959069e-01
    9950  1.492500000000e+02  1.414497119091e-01
   10000  1.500000000000e+02  1.336644772920e-01
   10050  1.507500000000e+02  1.255181213820e-01
   10100  1.515000000000e+02  1.170776402284e-01
   10150  1.522500000000e+02  1.084145978824e-01
   10200  1.530000000000e+02  9.960461973315e-02
   10250  1.537500000000e+02  9.072678368037e-02
   10300  1.545000000000e+02  8.186321165013e-02
   10350  1.552500000000e+02  7.309843478393e-02
   10400  1.560000000000e+02  6.451868571998e-02
   10450  1.567500000000e+02  5.621142849002e-02
   10500  1.575000000000e+02  4.826434623445e-02
   10550  1.582500000000e+02  4.076481248233e-02
   10600  1.590000000000e+02  3.379892709968e-02
   10650  1.597500000000e+02  2.745087279652e-02
   10700  1.605000000000e+02  2.180185591022e-02
   10750  1.612500000000e+02  1.692938838931e-02
   10800  1.620000000000e+02  1.290642412159e-02
   10850  1.627500000000e+02  9.800515841911e-03
   10900  1.635000000000e+02  7.672987033968e-03
   10950  1.642500000000e+02  6.578118964971e-03
   11000  1.650000000000e+02  6.562463123200e-03
   11050  1.657500000000e+02  7.664163374038e-03
   11100  1.665000000000e+02  9.912326338786e-03
   11150  1.672500000000e+02  1.332653701252e-02
   11200  1.680000000000e+02  1.791637522573e-02
   11250  1.687500000000e+02  2.368128604275e-02
   11300  1.695000000000e+02  3.060998135132e-02
   11350  1.702500000000e+02  3.868093173725e-02
   11400  1.710000000000e+02  4.786193099659e-02
   11450  1.717500000000e+02  5.811047027676e-02
   11500  1.725000000000e+02  6.937401569745e-02
   11550  1.732500000000e+02  8.159027344517e-02
   11600  1.740000000000e+02  9.468799752807e-02
   11650  1.747500000000e+02  1.085871217927e-01
   11700  1.755000000000e+02  1.231999265650e-01
   11750  1.762500000000e+02  1.384315816993e-01
   11800  1.770000000000e+02  1.541811308896e-01
   11850  1.777500000000e+02  1.703419796250e-01
   11900  1.785000000000e+02  1.868031866213e-01
   11950  1.792500000000e+02  2.034503700355e-01
   12000  1.800000000000e+02  2.201663771175e-01
   12050  1.807500000000e+02  2.368327490272e-01
   12100  1.815000000000e+02  2.533297596556e-01
   12150  1.822500000000e+02  2.695383373968e-01
   12200  1.830000000000e+02  2.853405888345e-01
   12250  1.837500000000e+02  3.006201012775e-01
   12300  1.845000000000e+02  3.152640538202e-01
   12350  1.852500000000e+02  3.291628087049e-01
   12400  1.860000000000e+02  3.422113533205e-01
   12450  1.867500000000e+02  3.543103815546e-01
   12500  1.875000000000e+02  3.653660046784e-01
   12550  1.882500000000e+02  3.752911816584e-01
   12600  1.890000000000e+02  3.840064026509e-01
   12650  1.897500000000e+02  3.914398764829e-01
   12700  1.905000000000e+02  3.975287711515e-01
   12750  1.912500000000e+02  4.022192892738e-01
   12800  1.920000000000e+02  4.054672559699e-01
   12850  1.927500000000e+02  4.072388848218e-01
   12900  1.935000000000e+02  4.075104354941e-01
   12950  1.942500000000e+02  4.062696431514e-01
   13000  1.950000000000e+02  4.035143374465e-01
   13050  1.957500000000e+02  3.992548709233e-01
   13100  1.965000000000e+02  3.935116990816e-01
   13150  1.972500000000e+02  3.863179290025e-01
   13200  1.980000000000e+02  3.777169693646e-01
   13250  1.987500000000e+02  3.677637941467e-01
   13300  1.995000000000e+02  3.565248873220e-01
   13350  2.002500000000e+02  3.440772866258e-01
   13400  2.010000000000e+02  3.305087355662e-01
   13450  2.017500000000e+02  3.159171526569e-01
   13500  2.025000000000e+02  3.004097063653e-01
   13550  2.032500000000e+02  2.841034137919e-01
   13600  2.040000000000e+02  2.671235543744e-01
   13650  2.047500000000e+02  2.496026037093e-01
   13700  2.055000000000e+02  2.316810434433e-01
   13750  2.062500000000e+02  2.135051478687e-01
   13800  2.070000000000e+02  1.952266546466e-01
   13850  2.077500000000e+02  1.770011926558e-01
   13900  2.085000000000e+02  1.589877798652e-01
   13950  2.092500000000e+02  1.413472525418e-01
   14000  2.100000000000e+02  1.242407458037e-01
   14050  2.107500000000e+02  1.078289405351e-01
   14100  2.115000000000e+02  9.226993239156e-02
   14150  2.122500000000e+02  7.771796240714e-02
   14200  2.130000000000e+02  6.432195616262e-02
   14250  2.137500000000e+02  5.222364342667e-02
   14300  2.145000000000e+02  4.155605075512e-02
   14350  2.152500000000e+02  3.244202958405e-02
   14400  2.160000000000e+02  2.499222807379e-02
   14450  2.167500000000e+02  1.930433457398e-02
   14500  2.175000000000e+02  1.546106939586e-02
   14550  2.182500000000e+02  1.352932615259e-02
   14600  2.190000000000e+02  1.355894206114e-02
   14650  2.197500000000e+02  1.558196151547e-02
   14700  2.205000000000e+02  1.961194610691e-02
   14750  2.212500000000e+02  2.564363224718e-02
   14800  2.220000000000e+02  3.365292716507e-02
   14850  2.227500000000e+02  4.359689597653e-02
   14900  2.235000000000e+02  5.541447045266e-02
   14950  2.242500000000e+02  6.902682470645e-02
   15000  2.250000000000e+02  8.433874294800e-02
   15050  2.257500000000e+02  1.012393849774e-01
   15100  2.265000000000e+02  1.196038528895e-01
   15150  2.272500000000e+02  1.392947066477e-01
   15200  2.280000000000e+02  1.601634288134e-01
   15250  2.287500000000e+02  1.820522106371e-01
   15300  2.295000000000e+02  2.047957436354e-01
   15350  2.302500000000e+02  2.282225257893e-01
   15400  2.310000000000e+02  2.521564646111e-01
   15450  2.317500000000e+02  2.764196519348e-01
   15500  2.325000000000e+02  3.008321900430e-01
   15550  2.332500000000e+02  3.252142617603e-01
   15600  2.340000000000e+02  3.493883197328e-01
   15650  2.347500000000e+02  3.731784458462e-01
   15700  2.355000000000e+02  3.964131789751e-01
   15750  2.362500000000e+02  4.189256808648e-01
   15800  2.370000000000e+02  4.405552766572e-01
   15850  2.377500000000e+02  4.611470737783e-01
   15900  2.385000000000e+02  4.805546068163e-01
   15950  2.392500000000e+02  4.986394119158e-01
   16000  2.400000000000e+02  5.152725507877e-01
   16050  2.407500000000e+02  5.303343124670e-01
   16100  2.415000000000e+02  5.437166034921e-01
   16150  2.422500000000e+02  5.553222787915e-01
   16200  2.430000000000e+02  5.650660370118e-01
   16250  2.437500000000e+02  5.728758563312e-01
   16300  2.445000000000e+02  5.786927917291e-01
   16350  2.452500000000e+02  5.824715023865e-01
   16400  2.460000000000e+02  5.841814603207e-01
   16450  2.467500000000e+02  5.838059391449e-01
   16500  2.475000000000e+02  5.813426226073e-01
   16550  2.482500000000e+02  5.768049796600e-01
   16600  2.490000000000e+02  5.702203985187e-01
   16650  2.497500000000e+02  5.616310580931e-01
   16700  2.505000000000e+02  5.510929626879e-01
   16750  2.512500000000e+02  5.386777937618e-01
   16800  2.520000000000e+02  5.244689813459e-01
   16850  2.527500000000e+02  5.085637615394e-01
   16900  2.535000000000e+02  4.910723063396e-01
   16950  2.542500000000e+02  4.721165129046e-01
   17000  2.550000000000e+02  4.518299682889e-01
   17050  2.557500000000e+02  4.303560424388e-01
   17100  2.565000000000e+02  4.078495001040e-01
   17150  2.572500000000e+02  3.844736470132e-01
   17200  2.580000000000e+02  3.604005704428e-01
   17250  2.587500000000e+02  3.358101130463e-01
   17300  2.595000000000e+02  3.108880744643e-01
   17350  2.602500000000e+02  2.858265643503e-01
   17400  2.610000000000e+02  2.608220367067e-01
   17450  2.617500000000e+02  2.360735455339e-01
   17500  2.625000000000e+02  2.117818947352e-01
   17550  2.632500000000e+02  1.881477415089e-01
   17600  2.640000000000e+02  1.653699420265e-01
   17650  2.647500000000e+02  1.436435786064e-01
   17700  2.655000000000e+02  1.231579344535e-01
   17750  2.662500000000e+02  1.040946985530e-01
   17800  2.670000000000e+02  8.662556324234e-02
   17850  2.677500000000e+02  7.091054952800e-02
   17900  2.685000000000e+02  5.709554793661e-02
   17950  2.692500000000e+02  4.531075834282e-02
   18000  2.700000000000e+02  3.566891997600e-02
   18050  2.707500000000e+02  2.826382869464e-02
   18100  2.715000000000e+02  2.316898689313e-02
   18150  2.722500000000e+02  2.043670867443e-02
   18200  2.730000000000e+02  2.009753939650e-02
   18250  2.737500000000e+02  2.215989686676e-02
   18300  2.745000000000e+02  2.661018724715e-02
   18350  2.752500000000e+02  3.341303465424e-02
   18400  2.760000000000e+02  4.251209049200e-02
   18450  2.767500000000e+02  5.383067903655e-02
   18500  2.775000000000e+02  6.727343718301e-02
   18550  2.782500000000e+02  8.272707085329e-02
   18600  2.790000000000e+02  1.000623185516e-01
   18650  2.797500000000e+02  1.191354197519e-01
   18700  2.805000000000e+02  1.397896555789e-01
   18750  2.812500000000e+02  1.618569797181e-01
   18800  2.820000000000e+02  1.851601516548e-01
   18850  2.827500000000e+02  2.095137279701e-01
   18900  2.835000000000e+02  2.347263140578e-01
   18950  2.842500000000e+02  2.606013444849e-01
   19000  2.850000000000e+02  2.869393634694e-01
   19050  2.857500000000e+02  3.135385599963e-01
   19100  2.865000000000e+02  3.401970920007e-01
   19150  2.872500000000e+02  3.667134886941e-01
   19200  2.880000000000e+02  3.928889535621e-01
   19250  2.887500000000e+02  4.185283812777e-01
   19300  2.895000000000e+02  4.434423175495e-01
   19350  2.902500000000e+02  4.674472089551e-01
   19400  2.910000000000e+02  4.903687417880e-01
   19450  2.917500000000e+02  5.120422695135e-01
   19500  2.925000000000e+02  5.323139019892e-01
   19550  2.932500000000e+02  5.510415504613e-01
   19600  2.940000000000e+02  5.680966984313e-01
   19650  2.947500000000e+02  5.833647534086e-01
   19700  2.955000000000e+02  5.967450443526e-01
   19750  2.962500000000e+02  6.081514444693e-01
   19800  2.970000000000e+02  6.175135504593e-01
   19850  2.977500000000e+02  6.247750358500e-01
   19900  2.985000000000e+02  6.298953689318e-01
   19950  2.992500000000e+02  6.328487265107e-01
   20000  3.000000000000e+02  6.336245817443e-01
   20050  3.007500000000e+02  6.322276983733e-01
   20100  3.015000000000e+02  6.286780994911e-01
   20150  3.022500000000e+02  6.230098413080e-01
   20200  3.030000000000e+02  6.152727396848e-01
   20250  3.037500000000e+02  6.055296211372e-01
   20300  3.045000000000e+02  5.938568329639e-01
   20350  3.052500000000e+02  5.803439723264e-01
   20400  3.060000000000e+02  5.650923390752e-01
   20450  3.067500000000e+02  5.482147458145e-01
   20500  3.075000000000e+02  5.298335050958e-01
   20550  3.082500000000e+02  5.100811581378e-01
   20600  3.090000000000e+02  4.890983006394e-01
   20650  3.097500000000e+02  4.670328538966e-01
   20700  3.105000000000e+02  4.440396919045e-01
   20750  3.112500000000e+02  4.202789183505e-01
   20800  3.120000000000e+02  3.959152082293e-01
   20850  3.127500000000e+02  3.711166963337e-01
   20900  3.135000000000e+02  3.460538058828e-01
   20950  3.142500000000e+02  3.208986511182e-01
   21000  3.150000000000e+02  2.958233823119e-01
   21050  3.157500000000e+02  2.709992061129e-01
   21100  3.165000000000e+02  2.465959241859e-01
   21150  3.172500000000e+02  2.227800042236e-01
   21200  3.180000000000e+02  1.997136186164e-01
   21250  3.187500000000e+02  1.775536690888e-01
   21300  3.195000000000e+02  1.564499130710e-01
   21350  3.202500000000e+02  1.365438487421e-01
   21400  3.210000000000e+02  1.179669909296e-01
   21450  3.217500000000e+02  1.008401853635e-01
   21500  3.225000000000e+02  8.527148530249e-02
   21550  3.232500000000e+02  7.135553107947e-02
   21600  3.240000000000e+02  5.917234822765e-02
   21650  3.247500000000e+02  4.878677248474e-02
   21700  3.255000000000e+02  4.024761580400e-02
   21750  3.262500000000e+02  3.358721492010e-02
   21800  3.270000000000e+02  2.882150734133e-02
   21850  3.277500000000e+02  2.594975359932e-02
   21900  3.285000000000e+02  2.495482041018e-02
   21950  3.292500000000e+02  2.580338377612e-02
   22000  3.300000000000e+02  2.844647724783e-02
   22050  3.307500000000e+02  3.282005905085e-02
   22100  3.315000000000e+02  3.884576857297e-02
   22150  3.322500000000e+02  4.643184334145e-02
   22200  3.330000000000e+02  5.547425392443e-02
   22250  3.337500000000e+02  6.585796856075e-02
   22300  3.345000000000e+02  7.745825591016e-02
   22350  3.352500000000e+02  9.014230507823e-02
   22400  3.360000000000e+02  1.037705148113e-01
   22450  3.367500000000e+02  1.181981439844e-01
   22500  3.375000000000e+02  1.332763377307e-01
   22550  3.382500000000e+02  1.488539700769e-01
   22600  3.390000000000e+02  1.647784748474e-01
   22650  3.397500000000e+02  1.808976901663e-01
   22700  3.405000000000e+02  1.970601775641e-01
   22750  3.412500000000e+02  2.131170007999e-01
   22800  3.420000000000e+02  2.289230957591e-01
   22850  3.427500000000e+02  2.443384667053e-01
   22900  3.435000000000e+02  2.592290987111e-01
   22950  3.442500000000e+02  2.734693426060e-01
   23000  3.450000000000e+02  2.869418239319e-01
   23050  3.457500000000e+02  2.995401925794e-01
   23100  3.465000000000e+02  3.111685574388e-01
   23150  3.472500000000e+02  3.217425472368e-01
   23200  3.480000000000e+02  3.311907869440e-01
   23250  3.487500000000e+02  3.394531103627e-01
   23300  3.495000000000e+02  3.464822344950e-01
   23350  3.502500000000e+02  3.522421833847e-01
   23400  3.510000000000e+02  3.567088432858e-01
   23450  3.517500000000e+02  3.598687587581e-01
   23500  3.525000000000e+02  3.617182430940e-01
   23550  3.532500000000e+02  3.622635573797e-01
   23600  3.540000000000e+02  3.615209005568e-01
   23650  3.547500000000e+02  3.595139309503e-01
   23700  3.555000000000e+02  3.562754084318e-01
   23750  3.562500000000e+02  3.518456711474e-01
   23800  3.570000000000e+02  3.462734377546e-01
   23850  3.577500000000e+02  3.396150601009e-01
   23900  3.585000000000e+02  3.319325366438e-01
   23950  3.592500000000e+02  3.232951425067e-01
   24000  3.600000000000e+02  3.137769174328e-01
   24050  3.607500000000e+02  3.034566034809e-01
   24100  3.615000000000e+02  2.924167678299e-01
   24150  3.622500000000e+02  2.807424022526e-01
   24200  3.630000000000e+02  2.685210200418e-01
   24250  3.637500000000e+02  2.558409965565e-01
   24300  3.645000000000e+02  2.427916664098e-01
   24350  3.652500000000e+02  2.294628326504e-01
   24400  3.660000000000e+02  2.159438213771e-01
   24450  3.667500000000e+02  2.023236950394e-01
   24500  3.675000000000e+02  1.886906721389e-01
   24550  3.682500000000e+02  1.751318809271e-01
   24600  3.690000000000e+02  1.617333814060e-01
   24650  3.697500000000e+02  1.485789766343e-01
   24700  3.705000000000e+02  1.357506675115e-01
   24750  3.712500000000e+02  1.233269633411e-01
   24800  3.720000000000e+02  1.113831942079e-01
   24850  3.727500000000e+02  9.999056769266e-02
   24900  3.735000000000e+02  8.921583762426e-02
   24950  3.742500000000e+02  7.912099466352e-02
   25000  3.750000000000e+02  6.976282658333e-02
   25050  3.757500000000e+02  6.119292934149e-02
   25100  3.765000000000e+02  5.345731184099e-02
   25150  3.772500000000e+02  4.659654760724e-02
   25200  3.780000000000e+02  4.064532756218e-02
   25250  3.787500000000e+02  3.563236184567e-02
   25300  3.795000000000e+02  3.158006051535e-02
   25350  3.802500000000e+02  2.850436202430e-02
   25400  3.810000000000e+02  2.641445023306e-02
   25450  3.817500000000e+02  2.531254565383e-02
   25500  3.825000000000e+02  2.519378408069e-02
   25550  3.832500000000e+02  2.604602732209e-02
   25600  3.840000000000e+02  2.784999932383e-02
   25650  3.847500000000e+02  3.057929321534e-02
   25700  3.855000000000e+02  3.420049877209e-02
   25750  3.862500000000e+02  3.867366575384e-02
   25800  3.870000000000e+02  4.395266356815e-02
   25850  3.877500000000e+02  4.998542306465e-02
   25900  3.885000000000e+02  5.671492728942e-02
   25950  3.892500000000e+02  6.407919666725e-02
   26000  3.900000000000e+02  7.201216299989e-02
   26050  3.907500000000e+02  8.044404236313e-02
   26100  3.915000000000e+02  8.930207785710e-02
   26150  3.922500000000e+02  9.851074887382e-02
   26200  3.930000000000e+02  1.079927258226e-01
   26250  3.937500000000e+02  1.176692113728e-01
   26300  3.945000000000e+02  1.274608940120e-01
   26350  3.952500000000e+02  1.372888224441e-01
   26400  3.960000000000e+02  1.470746017733e-01
   26450  3.967500000000e+02  1.567424814888e-01
   26500  3.975000000000e+02  1.662185084434e-01
   26550  3.982500000000e+02  1.754330398432e-01
   26600  3.990000000000e+02  1.843202171123e-01
   26650  3.997500000000e+02  1.928190634955e-01
   26700  4.005000000000e+02  2.008749867155e-01
   26750  4.012500000000e+02  2.084384904365e-01
   26800  4.020000000000e+02  2.154673012317e-01
   26850  4.027500000000e+02  2.219248140784e-01
   26900  4.035000000000e+02  2.277817042342e-01
   26950  4.042500000000e+02  2.330143256250e-01
   27000  4.050000000000e+02  2.376049199119e-01
   27050  4.057500000000e+02  2.415410346777e-01
   27100  4.065000000000e+02  2.448148782250e-01
   27150  4.072500000000e+02  2.474231449535e-01
   27200  4.080000000000e+02  2.493671276337e-01
   27250  4.087500000000e+02  2.506519580370e-01
   27300  4.095000000000e+02  2.512871963913e-01
   27350  4.102500000000e+02  2.512868105625e-01
   27400  4.110000000000e+02  2.506689640293e-01
   27450  4.117500000000e+02  2.494560762734e-01
   27500  4.125000000000e+02  2.476745042424e-01
   27550  4.132500000000e+02  2.453544289503e-01
   27600  4.140000000000e+02  2.425285442051e-01
   27650  4.147500000000e+02  2.392323891825e-01
   27700  4.155000000000e+02  2.355032998759e-01
   27750  4.162500000000e+02  2.313800429609e-01
   27800  4.170000000000e+02  2.269014503109e-01
   27850  4.177500000000e+02  2.221066100737e-01
   27900  4.185000000000e+02  2.170345041368e-01
   27950  4.192500000000e+02  2.117236905335e-01
   28000  4.200000000000e+02  2.062111950449e-01
   28050  4.207500000000e+02  2.005329921828e-01
   28100  4.215000000000e+02  1.947236138164e-01
   28150  4.222500000000e+02  1.888158885219e-01
   28200  4.230000000000e+02  1.828406088153e-01
   28250  4.237500000000e+02  1.768262958040e-01
   28300  4.245000000000e+02  1.707988584351e-01
   28350  4.252500000000e+02  1.647817676419e-01
   28400  4.260000000000e+02  1.587961206858e-01
   28450  4.267500000000e+02  1.528602298570e-01
   28500  4.275000000000e+02  1.469900297652e-01
   28550  4.282500000000e+02  1.411986927923e-01
   28600  4.290000000000e+02  1.354974401000e-01
   28650  4.297500000000e+02  1.298954067340e-01
   28700  4.305000000000e+02  1.244000671881e-01
   28750  4.312500000000e+02  1.190174506321e-01
   28800  4.320000000000e+02  1.137526884686e-01
   28850  4.327500000000e+02  1.086102841428e-01
   28900  4.335000000000e+02  1.035943240018e-01
   28950  4.342500000000e+02  9.870826939085e-02
   29000  4.350000000000e+02  9.395561680984e-02
   29050  4.357500000000e+02  8.933940859556e-02
   29100  4.365000000000e+02  8.486279449052e-02
   29150  4.372500000000e+02  8.052851021982e-02
   29200  4.380000000000e+02  7.633923496528e-02
   29250  4.387500000000e+02  7.229740022184e-02
   29300  4.395000000000e+02  6.840516515683e-02
   29350  4.402500000000e+02  6.466484622824e-02
   29400  4.410000000000e+02  6.107831100031e-02
   29450  4.417500000000e+02  5.764739990242e-02
   29500  4.425000000000e+02  5.437381857998e-02
   29550  4.432500000000e+02  5.125892219356e-02
   29600  4.440000000000e+02  4.830398126336e-02
   29650  4.447500000000e+02  4.550984739393e-02
   29700  4.455000000000e+02  4.287710181207e-02
   29750  4.462500000000e+02  4.040581473382e-02
   29800  4.470000000000e+02  3.809556968711e-02
   29850  4.477500000000e+02  3.594548981162e-02
   29900  4.485000000000e+02  3.395396623144e-02
   29950  4.492500000000e+02  3.211886288991e-02
   30000  4.500000000000e+02  3.043766769447e-02
   30050  4.507500000000e+02  2.890712778483e-02
   30100  4.515000000000e+02  2.752378585467e-02
   30150  4.522500000000e+02  2.628374014137e-02
   30200  4.530000000000e+02  2.518267657799e-02
   30250  4.537500000000e+02  2.421605312855e-02
   30300  4.545000000000e+02  2.337904509460e-02
   30350  4.552500000000e+02  2.266653492327e-02
   30400  4.560000000000e+02  2.207320360542e-02
   30450  4.567500000000e+02  2.159348918728e-02
   30500  4.575000000000e+02  2.122168026625e-02
   30550  4.582500000000e+02  2.095197697919e-02
   30600  4.590000000000e+02  2.077857754440e-02
   30650  4.597500000000e+02  2.069575439110e-02
   30700  4.605000000000e+02  2.069791919281e-02
   30750  4.612500000000e+02  2.077967259270e-02
   30800  4.620000000000e+02  2.093583011017e-02
   30850  4.627500000000e+02  2.116140104849e-02
   30900  4.635000000000e+02  2.145157687919e-02
   30950  4.642500000000e+02  2.180171140771e-02
   31000  4.650000000000e+02  2.220726709042e-02
   31050  4.657500000000e+02  2.266378312895e-02
   31100  4.665000000000e+02  2.316697819898e-02
   31150  4.672500000000e+02  2.371270640845e-02
   31200  4.680000000000e+02  2.429707958811e-02
   31250  4.687500000000e+02  2.491641857137e-02
   31300  4.695000000000e+02  2.556746025619e-02
   31350  4.702500000000e+02  2.624736089398e-02
   31400  4.710000000000e+02  2.695374665407e-02
   31450  4.717500000000e+02  2.768473970242e-02
   31500  4.725000000000e+02  2.843896376614e-02
   31550  4.732500000000e+02  2.921565153893e-02
   31600  4.740000000000e+02  3.001454692842e-02
   31650  4.747500000000e+02  3.083589463793e-02
   31700  4.755000000000e+02  3.168055552603e-02
   31750  4.762500000000e+02  3.254983463685e-02
   31800  4.770000000000e+02  3.344559154897e-02
   31850  4.777500000000e+02  3.437027401466e-02
   31900  4.785000000000e+02  3.532664882099e-02
   31950  4.792500000000e+02  3.631817302136e-02
   32000  4.800000000000e+02  3.734856840982e-02
   32050  4.807500000000e+02  3.842189998822e-02
   32100  4.815000000000e+02  3.954250866107e-02
   32150  4.822500000000e+02  4.071491256144e-02
   32200  4.830000000000e+02  4.194366177702e-02
   32250  4.837500000000e+02  4.323319385310e-02
   32300  4.845000000000e+02  4.458781414558e-02
   32350  4.852500000000e+02  4.601160486127e-02
   32400  4.860000000000e+02  4.750823652188e-02
   32450  4.867500000000e+02  4.908108910364e-02
   32500  4.875000000000e+02  5.073301298693e-02
   32550  4.882500000000e+02  5.246604259133e-02
   32600  4.890000000000e+02  5.428190154672e-02
   32650  4.897500000000e+02  5.618130944514e-02
   32700  4.905000000000e+02  5.816423729330e-02
   32750  4.912500000000e+02  6.022971485541e-02
   32800  4.920000000000e+02  6.237594795015e-02
   32850  4.927500000000e+02  6.460032984079e-02
   32900  4.935000000000e+02  6.689899612043e-02
   32950  4.942500000000e+02  6.926720149268e-02
   33000  4.950000000000e+02  7.169931683794e-02
   33050  4.957500000000e+02  7.418866264704e-02
   33100  4.965000000000e+02  7.672733987571e-02
   33150  4.972500000000e+02  7.930660028711e-02
   33200  4.980000000000e+02  8.191675596541e-02
   33250  4.987500000000e+02  8.454726675974e-02
   33300  4.995000000000e+02  8.718689096358e-02
   33350  5.002500000000e+02  8.982397298431e-02
   33400  5.010000000000e+02  9.244937376841e-02
   33450  5.017500000000e+02  9.505680475958e-02
   33500  5.025000000000e+02  9.763813874628e-02
   33550  5.032500000000e+02  1.001842999433e-01
   33600  5.040000000000e+02  1.026860109006e-01
   33650  5.047500000000e+02  1.051343117880e-01
   33700  5.055000000000e+02  1.075205560041e-01
   33750  5.062500000000e+02  1.098366140387e-01
   33800  5.070000000000e+02  1.120753219246e-01
   33850  5.077500000000e+02  1.142306167737e-01
   33900  5.085000000000e+02  1.162972632984e-01
   33950  5.092500000000e+02  1.182712484444e-01
   34000  5.100000000000e+02  1.201500149638e-01
   34050  5.107500000000e+02  1.219322361742e-01
   34100  5.115000000000e+02  1.236178174462e-01
   34150  5.122500000000e+02  1.252076232362e-01
   34200  5.130000000000e+02  1.267034669303e-01
   34250  5.137500000000e+02  1.281077983937e-01
   34300  5.145000000000e+02  1.294237028822e-01
   34350  5.152500000000e+02  1.306549756438e-01
   34400  5.160000000000e+02  1.318059998619e-01
   34450  5.167500000000e+02  1.328815672834e-01
   34500  5.175000000000e+02  1.338867159717e-01
   34550  5.182500000000e+02  1.348265248582e-01
   34600  5.190000000000e+02  1.357060666892e-01
   34650  5.197500000000e+02  1.365305514122e-01
   34700  5.205000000000e+02  1.373052981687e-01
   34750  5.212500000000e+02  1.380354321345e-01
   34800  5.220000000000e+02  1.387259573260e-01
   34850  5.227500000000e+02  1.393817088086e-01
   34900  5.235000000000e+02  1.400069735000e-01
   34950  5.242500000000e+02  1.406052958737e-01
   35000  5.250000000000e+02  1.411793242674e-01
   35050  5.257500000000e+02  1.417305337117e-01
   35100  5.265000000000e+02  1.422591279101e-01
   35150  5.272500000000e+02  1.427641370302e-01
   35200  5.280000000000e+02  1.432434320470e-01
   35250  5.287500000000e+02  1.436938596766e-01
   35300  5.295000000000e+02  1.441113534185e-01
   35350  5.302500000000e+02  1.444912257055e-01
   35400  5.310000000000e+02  1.448283020705e-01
   35450  5.317500000000e+02  1.451171229013e-01
   35500  5.325000000000e+02  1.453522454139e-01
   35550  5.332500000000e+02  1.455283941776e-01
   35600  5.340000000000e+02  1.456406070325e-01
   35650  5.347500000000e+02  1.456842271644e-01
   35700  5.355000000000e+02  1.456549556435e-01
   35750  5.362500000000e+02  1.455487500605e-01
   35800  5.370000000000e+02  1.453617626820e-01
   35850  5.377500000000e+02  1.450904665918e-01
   35900  5.385000000000e+02  1.447316408239e-01
   35950  5.392500000000e+02  1.442823484540e-01
   36000  5.400000000000e+02  1.437399775700e-01
   36050  5.407500000000e+02  1.431024213466e-01
   36100  5.415000000000e+02  1.423681442453e-01
   36150  5.422500000000e+02  1.415363050252e-01
   36200  5.430000000000e+02  1.406067468535e-01
   36250  5.437500000000e+02  1.395799120058e-01
   36300  5.445000000000e+02  1.384567613500e-01
   36350  5.452500000000e+02  1.372386118378e-01
   36400  5.460000000000e+02  1.359270078799e-01
   36450  5.467500000000e+02  1.345236094199e-01
   36500  5.475000000000e+02  1.330299562016e-01
   36550  5.482500000000e+02  1.314473370915e-01
   36600  5.490000000000e+02  1.297767677355e-01
   36650  5.497500000000e+02  1.280188346060e-01
   36700  5.505000000000e+02  1.261739771576e-01
   36750  5.512500000000e+02  1.242426059858e-01
   36800  5.520000000000e+02  1.222252190673e-01
   36850  5.527500000000e+02  1.201226042088e-01
   36900  5.535000000000e+02  1.179361087302e-01
   36950  5.542500000000e+02  1.156678463504e-01
   37000  5.550000000000e+02  1.133208911396e-01
   37050  5.557500000000e+02  1.108993114970e-01
   37100  5.565000000000e+02  1.084081882390e-01
   37150  5.572500000000e+02  1.058536010059e-01
   37200  5.580000000000e+02  1.032424973004e-01
   37250  5.587500000000e+02  1.005824643763e-01
   37300  5.595000000000e+02  9.788144676491e-02
   37350  5.602500000000e+02  9.514755869996e-02
   37400  5.610000000000e+02  9.238902415396e-02
   37450  5.617500000000e+02  8.961411469077e-02
   37500  5.625000000000e+02  8.683106460892e-02
   37550  5.632500000000e+02  8.404815342539e-02
   37600  5.640000000000e+02  8.127366661317e-02
   37650  5.647500000000e+02  7.851582400499e-02
   37700  5.655000000000e+02  7.578269461744e-02
   37750  5.662500000000e+02  7.308207423080e-02
   37800  5.670000000000e+02  7.042145652545e-02
   37850  5.677500000000e+02  6.780788791376e-02
   37900  5.685000000000e+02  6.524792699166e-02
   37950  5.692500000000e+02  6.274759204941e-02
   38000  5.700000000000e+02  6.031232121997e-02
   38050  5.707500000000e+02  5.794693132898e-02
   38100  5.715000000000e+02  5.565555381281e-02
   38150  5.722500000000e+02  5.344166188714e-02
   38200  5.730000000000e+02  5.130808146002e-02
   38250  5.737500000000e+02  4.925695939122e-02
   38300  5.745000000000e+02  4.728978581244e-02
   38350  5.752500000000e+02  4.540743333189e-02
   38400  5.760000000000e+02  4.361021074529e-02
   38450  5.767500000000e+02  4.189794164936e-02
   38500  5.775000000000e+02  4.026998108661e-02
   38550  5.782500000000e+02  3.872527837853e-02
   38600  5.790000000000e+02  3.726244866280e-02
   38650  5.797500000000e+02  3.587978799822e-02
   38700  5.805000000000e+02  3.457532037703e-02
   38750  5.812500000000e+02  3.334686368283e-02
   38800  5.820000000000e+02  3.219206827890e-02
   38850  5.827500000000e+02  3.110849969668e-02
   38900  5.835000000000e+02  3.009368978476e-02
   38950  5.842500000000e+02  2.914518334579e-02
   39000  5.850000000000e+02  2.826058248144e-02
   39050  5.857500000000e+02  2.743758849982e-02
   39100  5.865000000000e+02  2.667401489962e-02
   39150  5.872500000000e+02  2.596781037719e-02
   39200  5.880000000000e+02  2.531707917779e-02
   39250  5.887500000000e+02  2.472009191583e-02
   39300  5.895000000000e+02  2.417528443875e-02
   39350  5.902500000000e+02  2.368125648919e-02
   39400  5.910000000000e+02  2.323677028591e-02
   39450  5.917500000000e+02  2.284073876438e-02
   39500  5.925000000000e+02  2.249223324264e-02
   39550  5.932500000000e+02  2.219047825575e-02
   39600  5.940000000000e+02  2.193486530194e-02
   39650  5.947500000000e+02  2.172496264534e-02
   39700  5.955000000000e+02  2.156052127803e-02
   39750  5.962500000000e+02  2.144149330444e-02
   39800  5.970000000000e+02  2.136804155762e-02
   39850  5.977500000000e+02  2.134054961222e-02
   39900  5.985000000000e+02  2.135962786527e-02
   39950  5.992500000000e+02  2.142611643864e-02
   40000  6.000000000000e+02  2.154108850284e-02
