################################################################################
# HEADER
# nspin         1
#%
# nik       217
#  st         1      26
# ust         1      26
# Iter             t            #  iter t Nex(t)  
################################################################################
       0  0.000000000000e+00 -2.560451850542e-15
      50  1.000000000000e+00  1.162155302548e-10
     100  2.000000000000e+00  1.894615783704e-10
     150  3.000000000000e+00  2.749397862156e-10
     200  4.000000000000e+00  5.768704611220e-10
     250  5.000000000000e+00  1.821914945299e-09
     300  6.000000000000e+00  5.703746155938e-09
     350  7.000000000000e+00  1.511709437491e-08
     400  8.000000000000e+00  3.504657276887e-08
     450  9.000000000000e+00  7.304055179430e-08
     500  1.000000000000e+01  1.399343984576e-07
     550  1.100000000000e+01  2.501193647128e-07
     600  1.200000000000e+01  4.217552852306e-07
     650  1.300000000000e+01  6.765231844660e-07
     700  1.400000000000e+01  1.039938097219e-06
     750  1.500000000000e+01  1.541120756725e-06
     800  1.600000000000e+01  2.212802126443e-06
     850  1.700000000000e+01  3.090171010821e-06
     900  1.800000000000e+01  4.210425865792e-06
     950  1.900000000000e+01  5.611484376424e-06
    1000  2.000000000000e+01  7.329279747184e-06
    1050  2.100000000000e+01  9.396394978808e-06
    1100  2.200000000000e+01  1.184100061601e-05
    1150  2.300000000000e+01  1.468378038819e-05
    1200  2.400000000000e+01  1.793642343527e-05
    1250  2.500000000000e+01  2.160101142517e-05
    1300  2.600000000000e+01  2.566618927795e-05
    1350  2.700000000000e+01  3.010806824876e-05
    1400  2.800000000000e+01  3.488964696624e-05
    1450  2.900000000000e+01  3.995929671650e-05
    1500  3.000000000000e+01  4.524999819647e-05
    1550  3.100000000000e+01  5.067780903131e-05
    1600  3.200000000000e+01  5.614327790868e-05
    1650  3.300000000000e+01  6.153225037556e-05
    1700  3.400000000000e+01  6.671662708977e-05
    1750  3.500000000000e+01  7.156000622738e-05
    1800  3.600000000000e+01  7.591934074738e-05
    1850  3.700000000000e+01  7.964820208890e-05
    1900  3.800000000000e+01  8.260310485506e-05
    1950  3.900000000000e+01  8.465043577464e-05
    2000  4.000000000000e+01  8.567173908686e-05
    2050  4.100000000000e+01  8.556952688017e-05
    2100  4.200000000000e+01  8.427199891187e-05
    2150  4.300000000000e+01  8.174271572322e-05
    2200  4.400000000000e+01  7.798241030035e-05
    2250  4.500000000000e+01  7.303588780711e-05
    2300  4.600000000000e+01  6.699799258240e-05
    2350  4.700000000000e+01  6.001769636651e-05
    2400  4.800000000000e+01  5.230294563813e-05
    2450  4.900000000000e+01  4.412285063744e-05
    2500  5.000000000000e+01  3.580835977032e-05
    2550  5.100000000000e+01  2.775299915291e-05
    2600  5.200000000000e+01  2.041164481395e-05
    2650  5.300000000000e+01  1.429617261307e-05
    2700  5.400000000000e+01  9.972100009394e-06
    2750  5.500000000000e+01  8.050776069433e-06
    2800  5.600000000000e+01  9.181848637456e-06
    2850  5.700000000000e+01  1.404323666000e-05
    2900  5.800000000000e+01  2.332987925998e-05
    2950  5.900000000000e+01  3.773931304796e-05
    3000  6.000000000000e+01  5.795750177767e-05
    3050  6.100000000000e+01  8.464263634327e-05
    3100  6.200000000000e+01  1.184078991060e-04
    3150  6.300000000000e+01  1.598050645617e-04
    3200  6.400000000000e+01  2.093070674303e-04
    3250  6.500000000000e+01  2.672890829345e-04
    3300  6.600000000000e+01  3.340115858763e-04
    3350  6.700000000000e+01  4.096075286983e-04
    3400  6.800000000000e+01  4.940683385223e-04
    3450  6.900000000000e+01  5.872295903350e-04
    3500  7.000000000000e+01  6.887580061914e-04
    3550  7.100000000000e+01  7.981416633186e-04
    3600  7.200000000000e+01  9.146926060290e-04
    3650  7.300000000000e+01  1.037538321095e-03
    3700  7.400000000000e+01  1.165632042082e-03
    3750  7.500000000000e+01  1.297749884199e-03
    3800  7.600000000000e+01  1.432496848282e-03
    3850  7.700000000000e+01  1.568328399524e-03
    3900  7.800000000000e+01  1.703571304179e-03
    3950  7.900000000000e+01  1.836441776794e-03
    4000  8.000000000000e+01  1.965070640798e-03
    4050  8.100000000000e+01  2.087518235443e-03
    4100  8.200000000000e+01  2.201816634402e-03
    4150  8.300000000000e+01  2.306011849112e-03
    4200  8.400000000000e+01  2.398187714171e-03
    4250  8.500000000000e+01  2.476514702075e-03
    4300  8.600000000000e+01  2.539273502267e-03
    4350  8.700000000000e+01  2.584909570266e-03
    4400  8.800000000000e+01  2.612086682267e-03
    4450  8.900000000000e+01  2.619709329502e-03
    4500  9.000000000000e+01  2.606973778632e-03
    4550  9.100000000000e+01  2.573382620643e-03
    4600  9.200000000000e+01  2.518789650543e-03
    4650  9.300000000000e+01  2.443431840156e-03
    4700  9.400000000000e+01  2.347940031660e-03
    4750  9.500000000000e+01  2.233352202247e-03
    4800  9.600000000000e+01  2.101115954304e-03
    4850  9.700000000000e+01  1.953106832319e-03
    4900  9.800000000000e+01  1.791622491187e-03
    4950  9.900000000000e+01  1.619371577470e-03
    5000  1.000000000000e+02  1.439447463289e-03
    5050  1.010000000000e+02  1.255295264501e-03
    5100  1.020000000000e+02  1.070689514736e-03
    5150  1.030000000000e+02  8.896886093910e-04
    5200  1.040000000000e+02  7.165803145953e-04
    5250  1.050000000000e+02  5.558132313864e-04
    5300  1.060000000000e+02  4.119380984030e-04
    5350  1.070000000000e+02  2.895369380566e-04
    5400  1.080000000000e+02  1.931533226757e-04
    5450  1.090000000000e+02  1.272096610941e-04
    5500  1.100000000000e+02  9.592627665463e-05
    5550  1.110000000000e+02  1.032417170626e-04
    5600  1.120000000000e+02  1.527335418344e-04
    5650  1.130000000000e+02  2.475392690981e-04
    5700  1.140000000000e+02  3.902797643246e-04
    5750  1.150000000000e+02  5.829873410422e-04
    5800  1.160000000000e+02  8.270447708413e-04
    5850  1.170000000000e+02  1.123127460412e-03
    5900  1.180000000000e+02  1.471152422232e-03
    5950  1.190000000000e+02  1.870238474420e-03
    6000  1.200000000000e+02  2.318687223079e-03
    6050  1.210000000000e+02  2.813973833574e-03
    6100  1.220000000000e+02  3.352742433595e-03
    6150  1.230000000000e+02  3.930814707410e-03
    6200  1.240000000000e+02  4.543212719329e-03
    6250  1.250000000000e+02  5.184215627338e-03
    6300  1.260000000000e+02  5.847407615034e-03
    6350  1.270000000000e+02  6.525745365300e-03
    6400  1.280000000000e+02  7.211639661859e-03
    6450  1.290000000000e+02  7.897039112251e-03
    6500  1.300000000000e+02  8.573563419961e-03
    6550  1.310000000000e+02  9.232603895831e-03
    6600  1.320000000000e+02  9.865454865391e-03
    6650  1.330000000000e+02  1.046343892850e-02
    6700  1.340000000000e+02  1.101804358122e-02
    6750  1.350000000000e+02  1.152106740280e-02
    6800  1.360000000000e+02  1.196475216272e-02
    6850  1.370000000000e+02  1.234192057230e-02
    6900  1.380000000000e+02  1.264611186475e-02
    6950  1.390000000000e+02  1.287170239874e-02
    7000  1.400000000000e+02  1.301402395090e-02
    7050  1.410000000000e+02  1.306948128591e-02
    7100  1.420000000000e+02  1.303564157341e-02
    7150  1.430000000000e+02  1.291131570765e-02
    7200  1.440000000000e+02  1.269660647810e-02
    7250  1.450000000000e+02  1.239300122171e-02
    7300  1.460000000000e+02  1.200334382203e-02
    7350  1.470000000000e+02  1.153188035155e-02
    7400  1.480000000000e+02  1.098424028411e-02
    7450  1.490000000000e+02  1.036738462943e-02
    7500  1.500000000000e+02  9.689574691574e-03
    7550  1.510000000000e+02  8.960277895457e-03
    7600  1.520000000000e+02  8.190070141602e-03
    7650  1.530000000000e+02  7.390524772271e-03
    7700  1.540000000000e+02  6.574055157784e-03
    7750  1.550000000000e+02  5.753759063672e-03
    7800  1.560000000000e+02  4.943236587868e-03
    7850  1.570000000000e+02  4.156412759174e-03
    7900  1.580000000000e+02  3.407335067120e-03
    7950  1.590000000000e+02  2.709943843219e-03
    8000  1.600000000000e+02  2.077878674753e-03
    8050  1.610000000000e+02  1.524252662794e-03
    8100  1.620000000000e+02  1.061460012064e-03
    8150  1.630000000000e+02  7.009560251919e-04
    8200  1.640000000000e+02  4.530551089624e-04
    8250  1.650000000000e+02  3.267532599256e-04
    8300  1.660000000000e+02  3.295521715250e-04
    8350  1.670000000000e+02  4.673085230446e-04
    8400  1.680000000000e+02  7.441008450380e-04
    8450  1.690000000000e+02  1.162120696540e-03
    8500  1.700000000000e+02  1.721589190435e-03
    8550  1.710000000000e+02  2.420704119640e-03
    8600  1.720000000000e+02  3.255606916105e-03
    8650  1.730000000000e+02  4.220383304856e-03
    8700  1.740000000000e+02  5.307107160187e-03
    8750  1.750000000000e+02  6.505895327893e-03
    8800  1.760000000000e+02  7.805023266028e-03
    8850  1.770000000000e+02  9.191035135535e-03
    8900  1.780000000000e+02  1.064891144137e-02
    8950  1.790000000000e+02  1.216223381040e-02
    9000  1.800000000000e+02  1.371342929275e-02
    9050  1.810000000000e+02  1.528399040777e-02
    9100  1.820000000000e+02  1.685471283042e-02
    9150  1.830000000000e+02  1.840595487528e-02
    9200  1.840000000000e+02  1.991789778965e-02
    9250  1.850000000000e+02  2.137086327554e-02
    9300  1.860000000000e+02  2.274559261923e-02
    9350  1.870000000000e+02  2.402350505269e-02
    9400  1.880000000000e+02  2.518697662499e-02
    9450  1.890000000000e+02  2.621961383642e-02
    9500  1.900000000000e+02  2.710652955730e-02
    9550  1.910000000000e+02  2.783456903994e-02
    9600  1.920000000000e+02  2.839255104018e-02
    9650  1.930000000000e+02  2.877142352437e-02
    9700  1.940000000000e+02  2.896444402560e-02
    9750  1.950000000000e+02  2.896735601308e-02
    9800  1.960000000000e+02  2.877848021509e-02
    9850  1.970000000000e+02  2.839878800027e-02
    9900  1.980000000000e+02  2.783188512931e-02
    9950  1.990000000000e+02  2.708403898498e-02
   10000  2.000000000000e+02  2.616417359645e-02
   10050  2.010000000000e+02  2.508373539485e-02
   10100  2.020000000000e+02  2.385659112961e-02
   10150  2.030000000000e+02  2.249884779187e-02
   10200  2.040000000000e+02  2.102863599649e-02
   10250  2.050000000000e+02  1.946595656237e-02
   10300  2.060000000000e+02  1.783236192647e-02
   10350  2.070000000000e+02  1.615068179641e-02
   10400  2.080000000000e+02  1.444470828821e-02
   10450  2.090000000000e+02  1.273887338793e-02
   10500  2.100000000000e+02  1.105790639006e-02
   10550  2.110000000000e+02  9.426499325787e-03
   10600  2.120000000000e+02  7.868945918264e-03
   10650  2.130000000000e+02  6.408779486408e-03
   10700  2.140000000000e+02  5.068429200125e-03
   10750  2.150000000000e+02  3.868889120006e-03
   10800  2.160000000000e+02  2.829401065774e-03
   10850  2.170000000000e+02  1.967150368925e-03
   10900  2.180000000000e+02  1.297000827625e-03
   10950  2.190000000000e+02  8.312587080133e-04
   11000  2.200000000000e+02  5.794800319792e-04
   11050  2.210000000000e+02  5.483022480193e-04
   11100  2.220000000000e+02  7.413221113521e-04
   11150  2.230000000000e+02  1.159016628858e-03
   11200  2.240000000000e+02  1.798711049029e-03
   11250  2.250000000000e+02  2.654582800778e-03
   11300  2.260000000000e+02  3.717724009563e-03
   11350  2.270000000000e+02  4.976239385247e-03
   11400  2.280000000000e+02  6.415404191283e-03
   11450  2.290000000000e+02  8.017854379143e-03
   11500  2.300000000000e+02  9.763822728488e-03
   11550  2.310000000000e+02  1.163141441799e-02
   11600  2.320000000000e+02  1.359689132305e-02
   11650  2.330000000000e+02  1.563500598549e-02
   11700  2.340000000000e+02  1.771933344858e-02
   11750  2.350000000000e+02  1.982265883871e-02
   11800  2.360000000000e+02  2.191736309054e-02
   11850  2.370000000000e+02  2.397575422420e-02
   11900  2.380000000000e+02  2.597050968847e-02
   11950  2.390000000000e+02  2.787504757817e-02
   12000  2.400000000000e+02  2.966390215348e-02
   12050  2.410000000000e+02  3.131308220200e-02
   12100  2.420000000000e+02  3.280042661161e-02
   12150  2.430000000000e+02  3.410590325090e-02
   12200  2.440000000000e+02  3.521188827253e-02
   12250  2.450000000000e+02  3.610339405755e-02
   12300  2.460000000000e+02  3.676829836220e-02
   12350  2.470000000000e+02  3.719751142827e-02
   12400  2.480000000000e+02  3.738512117800e-02
   12450  2.490000000000e+02  3.732845697533e-02
   12500  2.500000000000e+02  3.702817597194e-02
   12550  2.510000000000e+02  3.648822730223e-02
   12600  2.520000000000e+02  3.571581712044e-02
   12650  2.530000000000e+02  3.472131925422e-02
   12700  2.540000000000e+02  3.351813462567e-02
   12750  2.550000000000e+02  3.212247868145e-02
   12800  2.560000000000e+02  3.055314375708e-02
   12850  2.570000000000e+02  2.883124595163e-02
   12900  2.580000000000e+02  2.697992315593e-02
   12950  2.590000000000e+02  2.502401419117e-02
   13000  2.600000000000e+02  2.298970905541e-02
   13050  2.610000000000e+02  2.090417274122e-02
   13100  2.620000000000e+02  1.879514532375e-02
   13150  2.630000000000e+02  1.669058664847e-02
   13200  2.640000000000e+02  1.461826321263e-02
   13250  2.650000000000e+02  1.260537070419e-02
   13300  2.660000000000e+02  1.067814991279e-02
   13350  2.670000000000e+02  8.861486975444e-03
   13400  2.680000000000e+02  7.178603528039e-03
   13450  2.690000000000e+02  5.650703778513e-03
   13500  2.700000000000e+02  4.296711676579e-03
   13550  2.710000000000e+02  3.133021036621e-03
   13600  2.720000000000e+02  2.173252264957e-03
   13650  2.730000000000e+02  1.428093010688e-03
   13700  2.740000000000e+02  9.051599587230e-04
   13750  2.750000000000e+02  6.089227766965e-04
   13800  2.760000000000e+02  5.406596659413e-04
   13850  2.770000000000e+02  6.984626149279e-04
   13900  2.780000000000e+02  1.077290402576e-03
   13950  2.790000000000e+02  1.669071110100e-03
   14000  2.800000000000e+02  2.462835319711e-03
   14050  2.810000000000e+02  3.444904323575e-03
   14100  2.820000000000e+02  4.599115767408e-03
   14150  2.830000000000e+02  5.907057837306e-03
   14200  2.840000000000e+02  7.348371471007e-03
   14250  2.850000000000e+02  8.901048591256e-03
   14300  2.860000000000e+02  1.054175890822e-02
   14350  2.870000000000e+02  1.224619743603e-02
   14400  2.880000000000e+02  1.398942818255e-02
   14450  2.890000000000e+02  1.574625493034e-02
   14500  2.900000000000e+02  1.749155818260e-02
   14550  2.910000000000e+02  1.920066496005e-02
   14600  2.920000000000e+02  2.084969846237e-02
   14650  2.930000000000e+02  2.241589083633e-02
   14700  2.940000000000e+02  2.387789388364e-02
   14750  2.950000000000e+02  2.521603384315e-02
   14800  2.960000000000e+02  2.641259369469e-02
   14850  2.970000000000e+02  2.745202115177e-02
   14900  2.980000000000e+02  2.832111724174e-02
   14950  2.990000000000e+02  2.900919163696e-02
   15000  3.000000000000e+02  2.950814702506e-02
   15050  3.010000000000e+02  2.981257756520e-02
   15100  3.020000000000e+02  2.991981531519e-02
   15150  3.030000000000e+02  2.982990998422e-02
   15200  3.040000000000e+02  2.954559410643e-02
   15250  3.050000000000e+02  2.907220656682e-02
   15300  3.060000000000e+02  2.841758281727e-02
   15350  3.070000000000e+02  2.759189489674e-02
   15400  3.080000000000e+02  2.660747783219e-02
   15450  3.090000000000e+02  2.547862920510e-02
   15500  3.100000000000e+02  2.422136479794e-02
   15550  3.110000000000e+02  2.285317309602e-02
   15600  3.120000000000e+02  2.139275633267e-02
   15650  3.130000000000e+02  1.985973112553e-02
   15700  3.140000000000e+02  1.827434319728e-02
   15750  3.150000000000e+02  1.665714582714e-02
   15800  3.160000000000e+02  1.502871759448e-02
   15850  3.170000000000e+02  1.340936608491e-02
   15900  3.180000000000e+02  1.181884834930e-02
   15950  3.190000000000e+02  1.027609283758e-02
   16000  3.200000000000e+02  8.798937931755e-03
   16050  3.210000000000e+02  7.403912494867e-03
   16100  3.220000000000e+02  6.106024176897e-03
   16150  3.230000000000e+02  4.918579821296e-03
   16200  3.240000000000e+02  3.853038566876e-03
   16250  3.250000000000e+02  2.918883094358e-03
   16300  3.260000000000e+02  2.123528520914e-03
   16350  3.270000000000e+02  1.472263660779e-03
   16400  3.280000000000e+02  9.682211985605e-04
   16450  3.290000000000e+02  6.123933396572e-04
   16500  3.300000000000e+02  4.036649793153e-04
   16550  3.310000000000e+02  3.388818504922e-04
   16600  3.320000000000e+02  4.129505934635e-04
   16650  3.330000000000e+02  6.189649244273e-04
   16700  3.340000000000e+02  9.483540681707e-04
   16750  3.350000000000e+02  1.391056684006e-03
   16800  3.360000000000e+02  1.935707622924e-03
   16850  3.370000000000e+02  2.569841725912e-03
   16900  3.380000000000e+02  3.280103202706e-03
   16950  3.390000000000e+02  4.052467643158e-03
   17000  3.400000000000e+02  4.872462259089e-03
   17050  3.410000000000e+02  5.725394418017e-03
   17100  3.420000000000e+02  6.596562023540e-03
   17150  3.430000000000e+02  7.471456555248e-03
   17200  3.440000000000e+02  8.335981433132e-03
   17250  3.450000000000e+02  9.176634172896e-03
   17300  3.460000000000e+02  9.980681444946e-03
   17350  3.470000000000e+02  1.073632919311e-02
   17400  3.480000000000e+02  1.143285226801e-02
   17450  3.490000000000e+02  1.206072021445e-02
   17500  3.500000000000e+02  1.261171042232e-02
   17550  3.510000000000e+02  1.307896060515e-02
   17600  3.520000000000e+02  1.345704561454e-02
   17650  3.530000000000e+02  1.374201232326e-02
   17700  3.540000000000e+02  1.393136769070e-02
   17750  3.550000000000e+02  1.402406448897e-02
   17800  3.560000000000e+02  1.402048128213e-02
   17850  3.570000000000e+02  1.392236363259e-02
   17900  3.580000000000e+02  1.373275294768e-02
   17950  3.590000000000e+02  1.345589529329e-02
   18000  3.600000000000e+02  1.309713640602e-02
   18050  3.610000000000e+02  1.266281110838e-02
   18100  3.620000000000e+02  1.216011589613e-02
   18150  3.630000000000e+02  1.159695947806e-02
   18200  3.640000000000e+02  1.098182721678e-02
   18250  3.650000000000e+02  1.032363113288e-02
   18300  3.660000000000e+02  9.631556583254e-03
   18350  3.670000000000e+02  8.914913235150e-03
   18400  3.680000000000e+02  8.183001561688e-03
   18450  3.690000000000e+02  7.444985079254e-03
   18500  3.700000000000e+02  6.709741475089e-03
   18550  3.710000000000e+02  5.985751967555e-03
   18600  3.720000000000e+02  5.281002411838e-03
   18650  3.730000000000e+02  4.602864905810e-03
   18700  3.740000000000e+02  3.958035686810e-03
   18750  3.750000000000e+02  3.352440321632e-03
   18800  3.760000000000e+02  2.791186641902e-03
   18850  3.770000000000e+02  2.278521104057e-03
   18900  3.780000000000e+02  1.817799750203e-03
   18950  3.790000000000e+02  1.411479856157e-03
   19000  3.800000000000e+02  1.061119650906e-03
   19050  3.810000000000e+02  7.674030416124e-04
   19100  3.820000000000e+02  5.301621190903e-04
   19150  3.830000000000e+02  3.484244994727e-04
   19200  3.840000000000e+02  2.204629635326e-04
   19250  3.850000000000e+02  1.438568279801e-04
   19300  3.860000000000e+02  1.155627979707e-04
   19350  3.870000000000e+02  1.319930315281e-04
   19400  3.880000000000e+02  1.890983672026e-04
   19450  3.890000000000e+02  2.824553052820e-04
   19500  3.900000000000e+02  4.073551714419e-04
   19550  3.910000000000e+02  5.588943113477e-04
   19600  3.920000000000e+02  7.320610069803e-04
   19650  3.930000000000e+02  9.218193543155e-04
   19700  3.940000000000e+02  1.123191654097e-03
   19750  3.950000000000e+02  1.331330430969e-03
   19800  3.960000000000e+02  1.541592708134e-03
   19850  3.970000000000e+02  1.749597913415e-03
   19900  3.980000000000e+02  1.951285476672e-03
   19950  3.990000000000e+02  2.142956562702e-03
   20000  4.000000000000e+02  2.321316056450e-03
   20050  4.010000000000e+02  2.483497414709e-03
   20100  4.020000000000e+02  2.627086604139e-03
   20150  4.030000000000e+02  2.750129485224e-03
   20200  4.040000000000e+02  2.851142013453e-03
   20250  4.050000000000e+02  2.929101645816e-03
   20300  4.060000000000e+02  2.983431621974e-03
   20350  4.070000000000e+02  3.013994109423e-03
   20400  4.080000000000e+02  3.021054854084e-03
   20450  4.090000000000e+02  3.005261576861e-03
   20500  4.100000000000e+02  2.967607439260e-03
   20550  4.110000000000e+02  2.909390228238e-03
   20600  4.120000000000e+02  2.832173722566e-03
   20650  4.130000000000e+02  2.737740217952e-03
   20700  4.140000000000e+02  2.628046505606e-03
   20750  4.150000000000e+02  2.505179467051e-03
   20800  4.160000000000e+02  2.371318589917e-03
   20850  4.170000000000e+02  2.228677818382e-03
   20900  4.180000000000e+02  2.079476443100e-03
   20950  4.190000000000e+02  1.925904003691e-03
   21000  4.200000000000e+02  1.770075332104e-03
   21050  4.210000000000e+02  1.614007010664e-03
   21100  4.220000000000e+02  1.459586972660e-03
   21150  4.230000000000e+02  1.308543716496e-03
   21200  4.240000000000e+02  1.162436877725e-03
   21250  4.250000000000e+02  1.022633263523e-03
   21300  4.260000000000e+02  8.903041637696e-04
   21350  4.270000000000e+02  7.664159868369e-04
   21400  4.280000000000e+02  6.517268241351e-04
   21450  4.290000000000e+02  5.467890006180e-04
   21500  4.300000000000e+02  4.519541384116e-04
   21550  4.310000000000e+02  3.673884017480e-04
   21600  4.320000000000e+02  2.930784213060e-04
   21650  4.330000000000e+02  2.288496521967e-04
   21700  4.340000000000e+02  1.743803407586e-04
   21750  4.350000000000e+02  1.292202916158e-04
   21800  4.360000000000e+02  9.281322997359e-05
   21850  4.370000000000e+02  6.451517186417e-05
   21900  4.380000000000e+02  4.361383430869e-05
   21950  4.390000000000e+02  2.934694837842e-05
   22000  4.400000000000e+02  2.092099865443e-05
   22050  4.410000000000e+02  1.752921160256e-05
   22100  4.420000000000e+02  1.836764966383e-05
   22150  4.430000000000e+02  2.265017591392e-05
   22200  4.440000000000e+02  2.962193673295e-05
   22250  4.450000000000e+02  3.857158982446e-05
   22300  4.460000000000e+02  4.884091035431e-05
   22350  4.470000000000e+02  5.983298324696e-05
   22400  4.480000000000e+02  7.101740546861e-05
   22450  4.490000000000e+02  8.193360230109e-05
   22500  4.500000000000e+02  9.219307653168e-05
   22550  4.510000000000e+02  1.014800355219e-04
   22600  4.520000000000e+02  1.095471873280e-04
   22650  4.530000000000e+02  1.162159222338e-04
   22700  4.540000000000e+02  1.213711656259e-04
   22750  4.550000000000e+02  1.249557123795e-04
   22800  4.560000000000e+02  1.269656918316e-04
   22850  4.570000000000e+02  1.274421574265e-04
   22900  4.580000000000e+02  1.264658447231e-04
   22950  4.590000000000e+02  1.241510886919e-04
   23000  4.600000000000e+02  1.206345755435e-04
   23050  4.610000000000e+02  1.160726455114e-04
   23100  4.620000000000e+02  1.106331180161e-04
   23150  4.630000000000e+02  1.044887620326e-04
   23200  4.640000000000e+02  9.781342359795e-05
   23250  4.650000000000e+02  9.077677696033e-05
   23300  4.660000000000e+02  8.354094485553e-05
   23350  4.670000000000e+02  7.625560117029e-05
   23400  4.680000000000e+02  6.905614496560e-05
   23450  4.690000000000e+02  6.206152248238e-05
   23500  4.700000000000e+02  5.537309356637e-05
   23550  4.710000000000e+02  4.907277308378e-05
   23600  4.720000000000e+02  4.322374001809e-05
   23650  4.730000000000e+02  3.787044672661e-05
   23700  4.740000000000e+02  3.303911455182e-05
   23750  4.750000000000e+02  2.874030457417e-05
   23800  4.760000000000e+02  2.497022295900e-05
   23850  4.770000000000e+02  2.171257754328e-05
   23900  4.780000000000e+02  1.894074683462e-05
   23950  4.790000000000e+02  1.661995616702e-05
   24000  4.800000000000e+02  1.470999673271e-05
   24050  4.810000000000e+02  1.316693690599e-05
   24100  4.820000000000e+02  1.194501732685e-05
   24150  4.830000000000e+02  1.099852329433e-05
   24200  4.840000000000e+02  1.028315390019e-05
   24250  4.850000000000e+02  9.757273652697e-06
   24300  4.860000000000e+02  9.382717657068e-06
   24350  4.870000000000e+02  9.125597776674e-06
   24400  4.880000000000e+02  8.956641399556e-06
   24450  4.890000000000e+02  8.851330780657e-06
   24500  4.900000000000e+02  8.789846767776e-06
   24550  4.910000000000e+02  8.756833354891e-06
   24600  4.920000000000e+02  8.740959272266e-06
   24650  4.930000000000e+02  8.734361473126e-06
   24700  4.940000000000e+02  8.732023828187e-06
   24750  4.950000000000e+02  8.731142690538e-06
   24800  4.960000000000e+02  8.730463820543e-06
   24850  4.970000000000e+02  8.729682477858e-06
   24900  4.980000000000e+02  8.728950182155e-06
   24950  4.990000000000e+02  8.728498452508e-06
   25000  5.000000000000e+02  8.728429608799e-06
   25050  5.010000000000e+02  8.728698326917e-06
   25100  5.020000000000e+02  8.729282508738e-06
   25150  5.030000000000e+02  8.730126303653e-06
   25200  5.040000000000e+02  8.731134863091e-06
   25250  5.050000000000e+02  8.732195278298e-06
   25300  5.060000000000e+02  8.733197015116e-06
   25350  5.070000000000e+02  8.734035346722e-06
   25400  5.080000000000e+02  8.734614542545e-06
   25450  5.090000000000e+02  8.734887099723e-06
   25500  5.100000000000e+02  8.734850422742e-06
   25550  5.110000000000e+02  8.734533761323e-06
   25600  5.120000000000e+02  8.733977326196e-06
   25650  5.130000000000e+02  8.733224493074e-06
   25700  5.140000000000e+02  8.732329520887e-06
   25750  5.150000000000e+02  8.731345639057e-06
   25800  5.160000000000e+02  8.730323993879e-06
   25850  5.170000000000e+02  8.729317079258e-06
   25900  5.180000000000e+02  8.728385400961e-06
   25950  5.190000000000e+02  8.727598638833e-06
   26000  5.200000000000e+02  8.727023197840e-06
   26050  5.210000000000e+02  8.726714857014e-06
   26100  5.220000000000e+02  8.726712256713e-06
   26150  5.230000000000e+02  8.727031065837e-06
   26200  5.240000000000e+02  8.727652410993e-06
   26250  5.250000000000e+02  8.728520219520e-06
   26300  5.260000000000e+02  8.729548798554e-06
   26350  5.270000000000e+02  8.730635335345e-06
   26400  5.280000000000e+02  8.731667892690e-06
   26450  5.290000000000e+02  8.732543235593e-06
   26500  5.300000000000e+02  8.733170963948e-06
   26550  5.310000000000e+02  8.733491654506e-06
   26600  5.320000000000e+02  8.733481260279e-06
   26650  5.330000000000e+02  8.733152267064e-06
   26700  5.340000000000e+02  8.732552790984e-06
   26750  5.350000000000e+02  8.731759314526e-06
   26800  5.360000000000e+02  8.730867577508e-06
   26850  5.370000000000e+02  8.729978077084e-06
   26900  5.380000000000e+02  8.729189193049e-06
   26950  5.390000000000e+02  8.728586419204e-06
   27000  5.400000000000e+02  8.728231700512e-06
   27050  5.410000000000e+02  8.728161748364e-06
   27100  5.420000000000e+02  8.728379192191e-06
   27150  5.430000000000e+02  8.728861063720e-06
   27200  5.440000000000e+02  8.729566839734e-06
   27250  5.450000000000e+02  8.730430662740e-06
   27300  5.460000000000e+02  8.731366627407e-06
   27350  5.470000000000e+02  8.732273688347e-06
   27400  5.480000000000e+02  8.733059387554e-06
   27450  5.490000000000e+02  8.733642256280e-06
   27500  5.500000000000e+02  8.733958273818e-06
   27550  5.510000000000e+02  8.733967349017e-06
   27600  5.520000000000e+02  8.733645287973e-06
   27650  5.530000000000e+02  8.732999838952e-06
   27700  5.540000000000e+02  8.732071591321e-06
   27750  5.550000000000e+02  8.730925955110e-06
   27800  5.560000000000e+02  8.729655515273e-06
   27850  5.570000000000e+02  8.728371588461e-06
   27900  5.580000000000e+02  8.727188374871e-06
   27950  5.590000000000e+02  8.726207529425e-06
   28000  5.600000000000e+02  8.725517812253e-06
   28050  5.610000000000e+02  8.725193765886e-06
   28100  5.620000000000e+02  8.725281717005e-06
   28150  5.630000000000e+02  8.725785569194e-06
   28200  5.640000000000e+02  8.726663191988e-06
   28250  5.650000000000e+02  8.727834645762e-06
   28300  5.660000000000e+02  8.729187856271e-06
   28350  5.670000000000e+02  8.730586117112e-06
   28400  5.680000000000e+02  8.731882117849e-06
   28450  5.690000000000e+02  8.732941242970e-06
   28500  5.700000000000e+02  8.733661351117e-06
   28550  5.710000000000e+02  8.733978037162e-06
   28600  5.720000000000e+02  8.733862745178e-06
   28650  5.730000000000e+02  8.733337044112e-06
   28700  5.740000000000e+02  8.732473018240e-06
   28750  5.750000000000e+02  8.731380104418e-06
   28800  5.760000000000e+02  8.730184780960e-06
   28850  5.770000000000e+02  8.729022037038e-06
   28900  5.780000000000e+02  8.728022927590e-06
   28950  5.790000000000e+02  8.727302309268e-06
   29000  5.800000000000e+02  8.726936662547e-06
   29050  5.810000000000e+02  8.726960205624e-06
