################################################################################
# HEADER
# nspin         1
#%
# nik       217
#  st         1      26
# ust         1      26
# Iter             t            #  iter t Nex(t)  
################################################################################
       0  0.000000000000e+00 -2.560451850542e-15
      50  1.000000000000e+00  1.160820328749e-10
     100  2.000000000000e+00  1.855957401653e-10
     150  3.000000000000e+00  2.142158603280e-10
     200  4.000000000000e+00  1.786461187314e-10
     250  5.000000000000e+00  1.294843191002e-10
     300  6.000000000000e+00  2.017148670319e-10
     350  7.000000000000e+00  4.029190037169e-10
     400  8.000000000000e+00  8.279773186515e-10
     450  9.000000000000e+00  1.546763439553e-09
     500  1.000000000000e+01  2.824100502063e-09
     550  1.100000000000e+01  4.990968277552e-09
     600  1.200000000000e+01  8.531923056943e-09
     650  1.300000000000e+01  1.400705208765e-08
     700  1.400000000000e+01  2.210450639889e-08
     750  1.500000000000e+01  3.370617864679e-08
     800  1.600000000000e+01  4.994882564502e-08
     850  1.700000000000e+01  7.219978909179e-08
     900  1.800000000000e+01  1.021347900906e-07
     950  1.900000000000e+01  1.417808306869e-07
    1000  2.000000000000e+01  1.933665885051e-07
    1050  2.100000000000e+01  2.594852009374e-07
    1100  2.200000000000e+01  3.433143977577e-07
    1150  2.300000000000e+01  4.483908402075e-07
    1200  2.400000000000e+01  5.787022819698e-07
    1250  2.500000000000e+01  7.389085209114e-07
    1300  2.600000000000e+01  9.339411774570e-07
    1350  2.700000000000e+01  1.169410690872e-06
    1400  2.800000000000e+01  1.451718699232e-06
    1450  2.900000000000e+01  1.787967943791e-06
    1500  3.000000000000e+01  2.186059278327e-06
    1550  3.100000000000e+01  2.654493879289e-06
    1600  3.200000000000e+01  3.202611803192e-06
    1650  3.300000000000e+01  3.840629139218e-06
    1700  3.400000000000e+01  4.579302815527e-06
    1750  3.500000000000e+01  5.430679737711e-06
    1800  3.600000000000e+01  6.407755604496e-06
    1850  3.700000000000e+01  7.524132619695e-06
    1900  3.800000000000e+01  8.794334222885e-06
    1950  3.900000000000e+01  1.023415680688e-05
    2000  4.000000000000e+01  1.186035828018e-05
    2050  4.100000000000e+01  1.369076174538e-05
    2100  4.200000000000e+01  1.574401532454e-05
    2150  4.300000000000e+01  1.804107920153e-05
    2200  4.400000000000e+01  2.060331232585e-05
    2250  4.500000000000e+01  2.345299133604e-05
    2300  4.600000000000e+01  2.661365233542e-05
    2350  4.700000000000e+01  3.010992074452e-05
    2400  4.800000000000e+01  3.396822469086e-05
    2450  4.900000000000e+01  3.821629506526e-05
    2500  5.000000000000e+01  4.288232992310e-05
    2550  5.100000000000e+01  4.799561264255e-05
    2600  5.200000000000e+01  5.358726075353e-05
    2650  5.300000000000e+01  5.968864173533e-05
    2700  5.400000000000e+01  6.633423333868e-05
    2750  5.500000000000e+01  7.355797769348e-05
    2800  5.600000000000e+01  8.139483323177e-05
    2850  5.700000000000e+01  8.988213794565e-05
    2900  5.800000000000e+01  9.905590598657e-05
    2950  5.900000000000e+01  1.089560186165e-04
    3000  6.000000000000e+01  1.196223564858e-04
    3050  6.100000000000e+01  1.310954393801e-04
    3100  6.200000000000e+01  1.434172324594e-04
    3150  6.300000000000e+01  1.566302111369e-04
    3200  6.400000000000e+01  1.707770525417e-04
    3250  6.500000000000e+01  1.859022392555e-04
    3300  6.600000000000e+01  2.020520452742e-04
    3350  6.700000000000e+01  2.192720235864e-04
    3400  6.800000000000e+01  2.376074332334e-04
    3450  6.900000000000e+01  2.571041849301e-04
    3500  7.000000000000e+01  2.778095154172e-04
    3550  7.100000000000e+01  2.997730036319e-04
    3600  7.200000000000e+01  3.230411778426e-04
    3650  7.300000000000e+01  3.476625767402e-04
    3700  7.400000000000e+01  3.736828780148e-04
    3750  7.500000000000e+01  4.011494527549e-04
    3800  7.600000000000e+01  4.301126769296e-04
    3850  7.700000000000e+01  4.606213738078e-04
    3900  7.800000000000e+01  4.927212836646e-04
    3950  7.900000000000e+01  5.264572369064e-04
    4000  8.000000000000e+01  5.618728018309e-04
    4050  8.100000000000e+01  5.990163138458e-04
    4100  8.200000000000e+01  6.379346544376e-04
    4150  8.300000000000e+01  6.786690381689e-04
    4200  8.400000000000e+01  7.212623439424e-04
    4250  8.500000000000e+01  7.657530980871e-04
    4300  8.600000000000e+01  8.121857321703e-04
    4350  8.700000000000e+01  8.606025582628e-04
    4400  8.800000000000e+01  9.110384642078e-04
    4450  8.900000000000e+01  9.635297626922e-04
    4500  9.000000000000e+01  1.018105521923e-03
    4550  9.100000000000e+01  1.074800828518e-03
    4600  9.200000000000e+01  1.133648121916e-03
    4650  9.300000000000e+01  1.194672606477e-03
    4700  9.400000000000e+01  1.257896688779e-03
    4750  9.500000000000e+01  1.323341406757e-03
    4800  9.600000000000e+01  1.391032053954e-03
    4850  9.700000000000e+01  1.460986870788e-03
    4900  9.800000000000e+01  1.533220859538e-03
    4950  9.900000000000e+01  1.607741768070e-03
    5000  1.000000000000e+02  1.684556102993e-03
    5050  1.010000000000e+02  1.763677297821e-03
    5100  1.020000000000e+02  1.845109342446e-03
    5150  1.030000000000e+02  1.928847559512e-03
    5200  1.040000000000e+02  2.014879836534e-03
    5250  1.050000000000e+02  2.103198765756e-03
    5300  1.060000000000e+02  2.193794545995e-03
    5350  1.070000000000e+02  2.286657379865e-03
    5400  1.080000000000e+02  2.381763605338e-03
    5450  1.090000000000e+02  2.479084368785e-03
    5500  1.100000000000e+02  2.578588192215e-03
    5550  1.110000000000e+02  2.680248135992e-03
    5600  1.120000000000e+02  2.784028093720e-03
    5650  1.130000000000e+02  2.889888876476e-03
    5700  1.140000000000e+02  2.997780302692e-03
    5750  1.150000000000e+02  3.107645729112e-03
    5800  1.160000000000e+02  3.219434327904e-03
    5850  1.170000000000e+02  3.333090689327e-03
    5900  1.180000000000e+02  3.448551107801e-03
    5950  1.190000000000e+02  3.565739893216e-03
    6000  1.200000000000e+02  3.684579165584e-03
    6050  1.210000000000e+02  3.804995696704e-03
    6100  1.220000000000e+02  3.926909417445e-03
    6150  1.230000000000e+02  4.050231798874e-03
    6200  1.240000000000e+02  4.174860778215e-03
    6250  1.250000000000e+02  4.300700228331e-03
    6300  1.260000000000e+02  4.427653314394e-03
    6350  1.270000000000e+02  4.555612060969e-03
    6400  1.280000000000e+02  4.684467800546e-03
    6450  1.290000000000e+02  4.814093020436e-03
    6500  1.300000000000e+02  4.944370026780e-03
    6550  1.310000000000e+02  5.075175288005e-03
    6600  1.320000000000e+02  5.206382369971e-03
    6650  1.330000000000e+02  5.337858162385e-03
    6700  1.340000000000e+02  5.469459829860e-03
    6750  1.350000000000e+02  5.601049358930e-03
    6800  1.360000000000e+02  5.732479252721e-03
    6850  1.370000000000e+02  5.863602757999e-03
    6900  1.380000000000e+02  5.994267649295e-03
    6950  1.390000000000e+02  6.124318363440e-03
    7000  1.400000000000e+02  6.253595256227e-03
    7050  1.410000000000e+02  6.381935377469e-03
    7100  1.420000000000e+02  6.509176831998e-03
    7150  1.430000000000e+02  6.635153339829e-03
    7200  1.440000000000e+02  6.759686685226e-03
    7250  1.450000000000e+02  6.882611922488e-03
    7300  1.460000000000e+02  7.003746383885e-03
    7350  1.470000000000e+02  7.122910840468e-03
    7400  1.480000000000e+02  7.239929899744e-03
    7450  1.490000000000e+02  7.354615718775e-03
    7500  1.500000000000e+02  7.466789059334e-03
    7550  1.510000000000e+02  7.576263682211e-03
    7600  1.520000000000e+02  7.682854302176e-03
    7650  1.530000000000e+02  7.786386251105e-03
    7700  1.540000000000e+02  7.886675825191e-03
    7750  1.550000000000e+02  7.983549010790e-03
    7800  1.560000000000e+02  8.076818937724e-03
    7850  1.570000000000e+02  8.166311298082e-03
    7900  1.580000000000e+02  8.251861613122e-03
    7950  1.590000000000e+02  8.333290016329e-03
    8000  1.600000000000e+02  8.410424411725e-03
    8050  1.610000000000e+02  8.483081500115e-03
    8100  1.620000000000e+02  8.551106368914e-03
    8150  1.630000000000e+02  8.614342398987e-03
    8200  1.640000000000e+02  8.672622103214e-03
    8250  1.650000000000e+02  8.725788638995e-03
    8300  1.660000000000e+02  8.773683996126e-03
    8350  1.670000000000e+02  8.816162765956e-03
    8400  1.680000000000e+02  8.853081778661e-03
    8450  1.690000000000e+02  8.884307168634e-03
    8500  1.700000000000e+02  8.909702597968e-03
    8550  1.710000000000e+02  8.929137416409e-03
    8600  1.720000000000e+02  8.942493481390e-03
    8650  1.730000000000e+02  8.949663735037e-03
    8700  1.740000000000e+02  8.950542073365e-03
    8750  1.750000000000e+02  8.945040447303e-03
    8800  1.760000000000e+02  8.933062448620e-03
    8850  1.770000000000e+02  8.914529403983e-03
    8900  1.780000000000e+02  8.889369564022e-03
    8950  1.790000000000e+02  8.857535010140e-03
    9000  1.800000000000e+02  8.818976110399e-03
    9050  1.810000000000e+02  8.773640768085e-03
    9100  1.820000000000e+02  8.721490482250e-03
    9150  1.830000000000e+02  8.662504235174e-03
    9200  1.840000000000e+02  8.596682177306e-03
    9250  1.850000000000e+02  8.524026676013e-03
    9300  1.860000000000e+02  8.444547978224e-03
    9350  1.870000000000e+02  8.358268248197e-03
    9400  1.880000000000e+02  8.265230620316e-03
    9450  1.890000000000e+02  8.165489058961e-03
    9500  1.900000000000e+02  8.059109704465e-03
    9550  1.910000000000e+02  7.946168337442e-03
    9600  1.920000000000e+02  7.826754606809e-03
    9650  1.930000000000e+02  7.700973995351e-03
    9700  1.940000000000e+02  7.568964594198e-03
    9750  1.950000000000e+02  7.430861158720e-03
    9800  1.960000000000e+02  7.286805606863e-03
    9850  1.970000000000e+02  7.136953467303e-03
    9900  1.980000000000e+02  6.981496782602e-03
    9950  1.990000000000e+02  6.820638220568e-03
   10000  2.000000000000e+02  6.654586533576e-03
   10050  2.010000000000e+02  6.483562798573e-03
   10100  2.020000000000e+02  6.307792172729e-03
   10150  2.030000000000e+02  6.127546416691e-03
   10200  2.040000000000e+02  5.943095405420e-03
   10250  2.050000000000e+02  5.754729023856e-03
   10300  2.060000000000e+02  5.562744257459e-03
   10350  2.070000000000e+02  5.367457290368e-03
   10400  2.080000000000e+02  5.169204820394e-03
   10450  2.090000000000e+02  4.968341010797e-03
   10500  2.100000000000e+02  4.765234695640e-03
   10550  2.110000000000e+02  4.560266184403e-03
   10600  2.120000000000e+02  4.353834246649e-03
   10650  2.130000000000e+02  4.146346850986e-03
   10700  2.140000000000e+02  3.938237107203e-03
   10750  2.150000000000e+02  3.729955216939e-03
   10800  2.160000000000e+02  3.521958016661e-03
   10850  2.170000000000e+02  3.314717417406e-03
   10900  2.180000000000e+02  3.108727075925e-03
   10950  2.190000000000e+02  2.904495073973e-03
   11000  2.200000000000e+02  2.702534338827e-03
   11050  2.210000000000e+02  2.503381042492e-03
   11100  2.220000000000e+02  2.307579914455e-03
   11150  2.230000000000e+02  2.115689273185e-03
   11200  2.240000000000e+02  1.928283617811e-03
   11250  2.250000000000e+02  1.745948007005e-03
   11300  2.260000000000e+02  1.569276621746e-03
   11350  2.270000000000e+02  1.398875479967e-03
   11400  2.280000000000e+02  1.235364884809e-03
   11450  2.290000000000e+02  1.079374115913e-03
   11500  2.300000000000e+02  9.315443353376e-04
   11550  2.310000000000e+02  7.925263038185e-04
   11600  2.320000000000e+02  6.629782875127e-04
   11650  2.330000000000e+02  5.435678899740e-04
   11700  2.340000000000e+02  4.349694948750e-04
   11750  2.350000000000e+02  3.378657586601e-04
   11800  2.360000000000e+02  2.529479938599e-04
   11850  2.370000000000e+02  1.809103609710e-04
   11900  2.380000000000e+02  1.224519280803e-04
   11950  2.390000000000e+02  7.827889575845e-05
   12000  2.400000000000e+02  4.909896722238e-05
   12050  2.410000000000e+02  3.562429840297e-05
   12100  2.420000000000e+02  3.856875139192e-05
   12150  2.430000000000e+02  5.864772452351e-05
   12200  2.440000000000e+02  9.657656883750e-05
   12250  2.450000000000e+02  1.530718573565e-04
   12300  2.460000000000e+02  2.288480592976e-04
   12350  2.470000000000e+02  3.246184474025e-04
   12400  2.480000000000e+02  4.410941423308e-04
   12450  2.490000000000e+02  5.789823561100e-04
   12500  2.500000000000e+02  7.389856161144e-04
   12550  2.510000000000e+02  9.218023387329e-04
   12600  2.520000000000e+02  1.128124767280e-03
   12650  2.530000000000e+02  1.358638536174e-03
   12700  2.540000000000e+02  1.614016418244e-03
   12750  2.550000000000e+02  1.894925554610e-03
   12800  2.560000000000e+02  2.202021528962e-03
   12850  2.570000000000e+02  2.535950969462e-03
   12900  2.580000000000e+02  2.897350804591e-03
   12950  2.590000000000e+02  3.286838047648e-03
   13000  2.600000000000e+02  3.705017968924e-03
   13050  2.610000000000e+02  4.152485499780e-03
   13100  2.620000000000e+02  4.629815220527e-03
   13150  2.630000000000e+02  5.137568634431e-03
   13200  2.640000000000e+02  5.676292655540e-03
   13250  2.650000000000e+02  6.246509612505e-03
   13300  2.660000000000e+02  6.848715448812e-03
   13350  2.670000000000e+02  7.483393704158e-03
   13400  2.680000000000e+02  8.151005604836e-03
   13450  2.690000000000e+02  8.852001587942e-03
   13500  2.700000000000e+02  9.586798824275e-03
   13550  2.710000000000e+02  1.035578591335e-02
   13600  2.720000000000e+02  1.115932952137e-02
   13650  2.730000000000e+02  1.199776881390e-02
   13700  2.740000000000e+02  1.287142936538e-02
   13750  2.750000000000e+02  1.378060627509e-02
   13800  2.760000000000e+02  1.472555283520e-02
   13850  2.770000000000e+02  1.570649889905e-02
   13900  2.780000000000e+02  1.672363800840e-02
   13950  2.790000000000e+02  1.777715660078e-02
   14000  2.800000000000e+02  1.886719399853e-02
   14050  2.810000000000e+02  1.999384535246e-02
   14100  2.820000000000e+02  2.115718791844e-02
   14150  2.830000000000e+02  2.235725858259e-02
   14200  2.840000000000e+02  2.359407347123e-02
   14250  2.850000000000e+02  2.486759311172e-02
   14300  2.860000000000e+02  2.617775263106e-02
   14350  2.870000000000e+02  2.752444878564e-02
   14400  2.880000000000e+02  2.890754388247e-02
   14450  2.890000000000e+02  3.032687293584e-02
   14500  2.900000000000e+02  3.178221823385e-02
   14550  2.910000000000e+02  3.327330963427e-02
   14600  2.920000000000e+02  3.479988256254e-02
   14650  2.930000000000e+02  3.636161577380e-02
   14700  2.940000000000e+02  3.795815105984e-02
   14750  2.950000000000e+02  3.958908598065e-02
   14800  2.960000000000e+02  4.125396395513e-02
   14850  2.970000000000e+02  4.295231717496e-02
   14900  2.980000000000e+02  4.468363815170e-02
   14950  2.990000000000e+02  4.644738701011e-02
   15000  3.000000000000e+02  4.824296217534e-02
   15050  3.010000000000e+02  5.006971233127e-02
   15100  3.020000000000e+02  5.192697427955e-02
   15150  3.030000000000e+02  5.381403573065e-02
   15200  3.040000000000e+02  5.573014120022e-02
   15250  3.050000000000e+02  5.767450553026e-02
   15300  3.060000000000e+02  5.964629951818e-02
   15350  3.070000000000e+02  6.164464280906e-02
   15400  3.080000000000e+02  6.366861818655e-02
   15450  3.090000000000e+02  6.571728430523e-02
   15500  3.100000000000e+02  6.778965993597e-02
   15550  3.110000000000e+02  6.988472011957e-02
   15600  3.120000000000e+02  7.200140885438e-02
   15650  3.130000000000e+02  7.413864493802e-02
   15700  3.140000000000e+02  7.629530205407e-02
   15750  3.150000000000e+02  7.847021720616e-02
   15800  3.160000000000e+02  8.066219992801e-02
   15850  3.170000000000e+02  8.287002420244e-02
   15900  3.180000000000e+02  8.509242008353e-02
   15950  3.190000000000e+02  8.732813112897e-02
   16000  3.200000000000e+02  8.957582838810e-02
   16050  3.210000000000e+02  9.183414826812e-02
   16100  3.220000000000e+02  9.410171590351e-02
   16150  3.230000000000e+02  9.637710271694e-02
   16200  3.240000000000e+02  9.865889347986e-02
   16250  3.250000000000e+02  1.009456182536e-01
   16300  3.260000000000e+02  1.032358156543e-01
   16350  3.270000000000e+02  1.055279681375e-01
   16400  3.280000000000e+02  1.078205136119e-01
   16450  3.290000000000e+02  1.101119167265e-01
   16500  3.300000000000e+02  1.124006160155e-01
   16550  3.310000000000e+02  1.146850340613e-01
   16600  3.320000000000e+02  1.169635623231e-01
   16650  3.330000000000e+02  1.192345717549e-01
   16700  3.340000000000e+02  1.214964367418e-01
   16750  3.350000000000e+02  1.237475051181e-01
   16800  3.360000000000e+02  1.259860840139e-01
   16850  3.370000000000e+02  1.282105097201e-01
   16900  3.380000000000e+02  1.304190818913e-01
   16950  3.390000000000e+02  1.326101077859e-01
   17000  3.400000000000e+02  1.347819181762e-01
   17050  3.410000000000e+02  1.369327777906e-01
   17100  3.420000000000e+02  1.390609598997e-01
   17150  3.430000000000e+02  1.411647678043e-01
   17200  3.440000000000e+02  1.432425103725e-01
   17250  3.450000000000e+02  1.452924866486e-01
   17300  3.460000000000e+02  1.473130083292e-01
   17350  3.470000000000e+02  1.493023843300e-01
   17400  3.480000000000e+02  1.512589254943e-01
   17450  3.490000000000e+02  1.531809476639e-01
   17500  3.500000000000e+02  1.550668126335e-01
   17550  3.510000000000e+02  1.569148867461e-01
   17600  3.520000000000e+02  1.587235311269e-01
   17650  3.530000000000e+02  1.604911116877e-01
   17700  3.540000000000e+02  1.622160097843e-01
   17750  3.550000000000e+02  1.638966300213e-01
   17800  3.560000000000e+02  1.655314420904e-01
   17850  3.570000000000e+02  1.671188900384e-01
   17900  3.580000000000e+02  1.686574273075e-01
   17950  3.590000000000e+02  1.701455811462e-01
   18000  3.600000000000e+02  1.715818520182e-01
   18050  3.610000000000e+02  1.729648240293e-01
   18100  3.620000000000e+02  1.742930578011e-01
   18150  3.630000000000e+02  1.755651786358e-01
   18200  3.640000000000e+02  1.767798646278e-01
   18250  3.650000000000e+02  1.779357955536e-01
   18300  3.660000000000e+02  1.790316920207e-01
   18350  3.670000000000e+02  1.800663125686e-01
   18400  3.680000000000e+02  1.810384891811e-01
   18450  3.690000000000e+02  1.819470659205e-01
   18500  3.700000000000e+02  1.827909390064e-01
   18550  3.710000000000e+02  1.835690432718e-01
   18600  3.720000000000e+02  1.842803510845e-01
   18650  3.730000000000e+02  1.849238850461e-01
   18700  3.740000000000e+02  1.854985058815e-01
   18750  3.750000000000e+02  1.860041048882e-01
   18800  3.760000000000e+02  1.864392111002e-01
   18850  3.770000000000e+02  1.868029865801e-01
   18900  3.780000000000e+02  1.870947945447e-01
   18950  3.790000000000e+02  1.873139986574e-01
   19000  3.800000000000e+02  1.874600402821e-01
   19050  3.810000000000e+02  1.875323373893e-01
   19100  3.820000000000e+02  1.875304548568e-01
   19150  3.830000000000e+02  1.874540272606e-01
   19200  3.840000000000e+02  1.873026319714e-01
   19250  3.850000000000e+02  1.870760735764e-01
   19300  3.860000000000e+02  1.867740785918e-01
   19350  3.870000000000e+02  1.863963688031e-01
   19400  3.880000000000e+02  1.859428239751e-01
   19450  3.890000000000e+02  1.854133775537e-01
   19500  3.900000000000e+02  1.848081288910e-01
   19550  3.910000000000e+02  1.841271841616e-01
   19600  3.920000000000e+02  1.833707472838e-01
   19650  3.930000000000e+02  1.825389426850e-01
   19700  3.940000000000e+02  1.816320447959e-01
   19750  3.950000000000e+02  1.806503952502e-01
   19800  3.960000000000e+02  1.795945065556e-01
   19850  3.970000000000e+02  1.784648930234e-01
   19900  3.980000000000e+02  1.772619816997e-01
   19950  3.990000000000e+02  1.759863633984e-01
   20000  4.000000000000e+02  1.746388177306e-01
   20050  4.010000000000e+02  1.732202490534e-01
   20100  4.020000000000e+02  1.717315314079e-01
   20150  4.030000000000e+02  1.701734791563e-01
   20200  4.040000000000e+02  1.685469794874e-01
   20250  4.050000000000e+02  1.668530725246e-01
   20300  4.060000000000e+02  1.650928878093e-01
   20350  4.070000000000e+02  1.632676761230e-01
   20400  4.080000000000e+02  1.613787410346e-01
   20450  4.090000000000e+02  1.594274393054e-01
   20500  4.100000000000e+02  1.574150733490e-01
   20550  4.110000000000e+02  1.553430513109e-01
   20600  4.120000000000e+02  1.532129490360e-01
   20650  4.130000000000e+02  1.510264078041e-01
   20700  4.140000000000e+02  1.487850472765e-01
   20750  4.150000000000e+02  1.464905299867e-01
   20800  4.160000000000e+02  1.441446856060e-01
   20850  4.170000000000e+02  1.417494476379e-01
   20900  4.180000000000e+02  1.393066958138e-01
   20950  4.190000000000e+02  1.368183454361e-01
   21000  4.200000000000e+02  1.342864682999e-01
   21050  4.210000000000e+02  1.317131543154e-01
   21100  4.220000000000e+02  1.291005470304e-01
   21150  4.230000000000e+02  1.264508857907e-01
   21200  4.240000000000e+02  1.237663684565e-01
   21250  4.250000000000e+02  1.210492804313e-01
   21300  4.260000000000e+02  1.183020214310e-01
   21350  4.270000000000e+02  1.155270471971e-01
   21400  4.280000000000e+02  1.127267950780e-01
   21450  4.290000000000e+02  1.099037540222e-01
   21500  4.300000000000e+02  1.070604311390e-01
   21550  4.310000000000e+02  1.041994486382e-01
   21600  4.320000000000e+02  1.013234157817e-01
   21650  4.330000000000e+02  9.843493490706e-02
   21700  4.340000000000e+02  9.553673872954e-02
   21750  4.350000000000e+02  9.263157890322e-02
   21800  4.360000000000e+02  8.972217457845e-02
   21850  4.370000000000e+02  8.681133790146e-02
   21900  4.380000000000e+02  8.390191575053e-02
   21950  4.390000000000e+02  8.099673716236e-02
   22000  4.400000000000e+02  7.809866627672e-02
   22050  4.410000000000e+02  7.521057444795e-02
   22100  4.420000000000e+02  7.233534841608e-02
   22150  4.430000000000e+02  6.947590233967e-02
   22200  4.440000000000e+02  6.663515048068e-02
   22250  4.450000000000e+02  6.381602441881e-02
   22300  4.460000000000e+02  6.102145277594e-02
   22350  4.470000000000e+02  5.825438184905e-02
   22400  4.480000000000e+02  5.551776427884e-02
   22450  4.490000000000e+02  5.281457060315e-02
   22500  4.500000000000e+02  5.014773946396e-02
   22550  4.510000000000e+02  4.752016053510e-02
   22600  4.520000000000e+02  4.493475262395e-02
   22650  4.530000000000e+02  4.239444360023e-02
   22700  4.540000000000e+02  3.990212087174e-02
   22750  4.550000000000e+02  3.746065949709e-02
   22800  4.560000000000e+02  3.507291210719e-02
   22850  4.570000000000e+02  3.274169572718e-02
   22900  4.580000000000e+02  3.046983648539e-02
   22950  4.590000000000e+02  2.826010057172e-02
   23000  4.600000000000e+02  2.611520872060e-02
   23050  4.610000000000e+02  2.403786320134e-02
   23100  4.620000000000e+02  2.203072091082e-02
   23150  4.630000000000e+02  2.009638678388e-02
   23200  4.640000000000e+02  1.823744494278e-02
   23250  4.650000000000e+02  1.645641471387e-02
   23300  4.660000000000e+02  1.475576080493e-02
   23350  4.670000000000e+02  1.313791619441e-02
   23400  4.680000000000e+02  1.160524497507e-02
   23450  4.690000000000e+02  1.016005779784e-02
   23500  4.700000000000e+02  8.804599852951e-03
   23550  4.710000000000e+02  7.541046983041e-03
   23600  4.720000000000e+02  6.371518570141e-03
   23650  4.730000000000e+02  5.298059910683e-03
   23700  4.740000000000e+02  4.322647598545e-03
   23750  4.750000000000e+02  3.447186386454e-03
   23800  4.760000000000e+02  2.673506305156e-03
   23850  4.770000000000e+02  2.003351429236e-03
   23900  4.780000000000e+02  1.438392791693e-03
   23950  4.790000000000e+02  9.802229562578e-04
   24000  4.800000000000e+02  6.303413694634e-04
   24050  4.810000000000e+02  3.901592595461e-04
   24100  4.820000000000e+02  2.609974952057e-04
   24150  4.830000000000e+02  2.440901100089e-04
   24200  4.840000000000e+02  3.405799814163e-04
   24250  4.850000000000e+02  5.515160540081e-04
   24300  4.860000000000e+02  8.778506930346e-04
   24350  4.870000000000e+02  1.320439459940e-03
   24400  4.880000000000e+02  1.880039818187e-03
   24450  4.890000000000e+02  2.557305709061e-03
   24500  4.900000000000e+02  3.352786241371e-03
   24550  4.910000000000e+02  4.266934574918e-03
   24600  4.920000000000e+02  5.300114789995e-03
   24650  4.930000000000e+02  6.452570353887e-03
   24700  4.940000000000e+02  7.724436487937e-03
   24750  4.950000000000e+02  9.115753483425e-03
   24800  4.960000000000e+02  1.062645381629e-02
   24850  4.970000000000e+02  1.225636750719e-02
   24900  4.980000000000e+02  1.400520440249e-02
   24950  4.990000000000e+02  1.587257429439e-02
   25000  5.000000000000e+02  1.785797501682e-02
   25050  5.010000000000e+02  1.996080421728e-02
   25100  5.020000000000e+02  2.218036300374e-02
   25150  5.030000000000e+02  2.451583853550e-02
   25200  5.040000000000e+02  2.696630635831e-02
   25250  5.050000000000e+02  2.953073241515e-02
   25300  5.060000000000e+02  3.220799485692e-02
   25350  5.070000000000e+02  3.499687816037e-02
   25400  5.080000000000e+02  3.789602811514e-02
   25450  5.090000000000e+02  4.090398909901e-02
   25500  5.100000000000e+02  4.401920951004e-02
   25550  5.110000000000e+02  4.724005820185e-02
   25600  5.120000000000e+02  5.056479877137e-02
   25650  5.130000000000e+02  5.399157298040e-02
   25700  5.140000000000e+02  5.751846342029e-02
   25750  5.150000000000e+02  6.114344248697e-02
   25800  5.160000000000e+02  6.486437193568e-02
   25850  5.170000000000e+02  6.867902795589e-02
   25900  5.180000000000e+02  7.258511954679e-02
   25950  5.190000000000e+02  7.658026237783e-02
   26000  5.200000000000e+02  8.066200232497e-02
   26050  5.210000000000e+02  8.482777642776e-02
   26100  5.220000000000e+02  8.907494251946e-02
   26150  5.230000000000e+02  9.340080169628e-02
   26200  5.240000000000e+02  9.780255832259e-02
   26250  5.250000000000e+02  1.022773259480e-01
   26300  5.260000000000e+02  1.068221695921e-01
   26350  5.270000000000e+02  1.114341137321e-01
   26400  5.280000000000e+02  1.161100859918e-01
   26450  5.290000000000e+02  1.208469330445e-01
   26500  5.300000000000e+02  1.256414422804e-01
   26550  5.310000000000e+02  1.304903650531e-01
   26600  5.320000000000e+02  1.353903837061e-01
   26650  5.330000000000e+02  1.403381365166e-01
   26700  5.340000000000e+02  1.453301949828e-01
   26750  5.350000000000e+02  1.503630846234e-01
   26800  5.360000000000e+02  1.554332531493e-01
   26850  5.370000000000e+02  1.605371677782e-01
   26900  5.380000000000e+02  1.656712670344e-01
   26950  5.390000000000e+02  1.708319360156e-01
   27000  5.400000000000e+02  1.760154569309e-01
   27050  5.410000000000e+02  1.812181203597e-01
   27100  5.420000000000e+02  1.864362273838e-01
   27150  5.430000000000e+02  1.916660492138e-01
   27200  5.440000000000e+02  1.969038111086e-01
   27250  5.450000000000e+02  2.021457294880e-01
   27300  5.460000000000e+02  2.073879662100e-01
   27350  5.470000000000e+02  2.126268019717e-01
   27400  5.480000000000e+02  2.178584990522e-01
   27450  5.490000000000e+02  2.230792528135e-01
   27500  5.500000000000e+02  2.282852738533e-01
   27550  5.510000000000e+02  2.334727024792e-01
   27600  5.520000000000e+02  2.386377841667e-01
   27650  5.530000000000e+02  2.437767714016e-01
   27700  5.540000000000e+02  2.488859026813e-01
   27750  5.550000000000e+02  2.539614399815e-01
   27800  5.560000000000e+02  2.589996984241e-01
   27850  5.570000000000e+02  2.639969471921e-01
   27900  5.580000000000e+02  2.689495135615e-01
   27950  5.590000000000e+02  2.738538335050e-01
   28000  5.600000000000e+02  2.787062953140e-01
   28050  5.610000000000e+02  2.835032707719e-01
   28100  5.620000000000e+02  2.882412404551e-01
   28150  5.630000000000e+02  2.929167170870e-01
   28200  5.640000000000e+02  2.975263313731e-01
   28250  5.650000000000e+02  3.020666660341e-01
   28300  5.660000000000e+02  3.065343402340e-01
   28350  5.670000000000e+02  3.109260915411e-01
   28400  5.680000000000e+02  3.152386877006e-01
   28450  5.690000000000e+02  3.194689445094e-01
   28500  5.700000000000e+02  3.236137816817e-01
   28550  5.710000000000e+02  3.276701242082e-01
   28600  5.720000000000e+02  3.316349590112e-01
   28650  5.730000000000e+02  3.355053539741e-01
   28700  5.740000000000e+02  3.392784629305e-01
   28750  5.750000000000e+02  3.429514856561e-01
   28800  5.760000000000e+02  3.465216431952e-01
   28850  5.770000000000e+02  3.499862512976e-01
   28900  5.780000000000e+02  3.533428102586e-01
   28950  5.790000000000e+02  3.565888285662e-01
   29000  5.800000000000e+02  3.597218737459e-01
   29050  5.810000000000e+02  3.627396323323e-01
   29100  5.820000000000e+02  3.656398606517e-01
   29150  5.830000000000e+02  3.684203756178e-01
   29200  5.840000000000e+02  3.710791187495e-01
   29250  5.850000000000e+02  3.736141019397e-01
   29300  5.860000000000e+02  3.760234227211e-01
   29350  5.870000000000e+02  3.783052690290e-01
   29400  5.880000000000e+02  3.804579426638e-01
   29450  5.890000000000e+02  3.824799567729e-01
   29500  5.900000000000e+02  3.843697925346e-01
   29550  5.910000000000e+02  3.861259635284e-01
   29600  5.920000000000e+02  3.877470984428e-01
   29650  5.930000000000e+02  3.892320573731e-01
   29700  5.940000000000e+02  3.905797891580e-01
   29750  5.950000000000e+02  3.917892844215e-01
   29800  5.960000000000e+02  3.928596581058e-01
   29850  5.970000000000e+02  3.937900811057e-01
   29900  5.980000000000e+02  3.945798561823e-01
   29950  5.990000000000e+02  3.952284054465e-01
   30000  6.000000000000e+02  3.957353954700e-01
   30050  6.010000000000e+02  3.961004798958e-01
   30100  6.020000000000e+02  3.963233603743e-01
   30150  6.030000000000e+02  3.964038683325e-01
   30200  6.040000000000e+02  3.963419296003e-01
   30250  6.050000000000e+02  3.961377055535e-01
   30300  6.060000000000e+02  3.957913823667e-01
   30350  6.070000000000e+02  3.953032442796e-01
   30400  6.080000000000e+02  3.946736034075e-01
   30450  6.090000000000e+02  3.939029950837e-01
   30500  6.100000000000e+02  3.929919787565e-01
   30550  6.110000000000e+02  3.919412419636e-01
   30600  6.120000000000e+02  3.907515594697e-01
   30650  6.130000000000e+02  3.894237241685e-01
   30700  6.140000000000e+02  3.879588010658e-01
   30750  6.150000000000e+02  3.863579325594e-01
   30800  6.160000000000e+02  3.846222996096e-01
   30850  6.170000000000e+02  3.827531719341e-01
   30900  6.180000000000e+02  3.807519099096e-01
   30950  6.190000000000e+02  3.786200825111e-01
   31000  6.200000000000e+02  3.763592699201e-01
   31050  6.210000000000e+02  3.739711650563e-01
   31100  6.220000000000e+02  3.714575104037e-01
   31150  6.230000000000e+02  3.688201169582e-01
   31200  6.240000000000e+02  3.660609967905e-01
   31250  6.250000000000e+02  3.631822371243e-01
   31300  6.260000000000e+02  3.601860643706e-01
   31350  6.270000000000e+02  3.570746113594e-01
   31400  6.280000000000e+02  3.538500796208e-01
   31450  6.290000000000e+02  3.505148606479e-01
   31500  6.300000000000e+02  3.470715588174e-01
   31550  6.310000000000e+02  3.435227606813e-01
   31600  6.320000000000e+02  3.398710702028e-01
   31650  6.330000000000e+02  3.361192135621e-01
   31700  6.340000000000e+02  3.322699371262e-01
   31750  6.350000000000e+02  3.283261440329e-01
   31800  6.360000000000e+02  3.242907480861e-01
   31850  6.370000000000e+02  3.201667125783e-01
   31900  6.380000000000e+02  3.159571864046e-01
   31950  6.390000000000e+02  3.116652409839e-01
   32000  6.400000000000e+02  3.072940087087e-01
   32050  6.410000000000e+02  3.028467247066e-01
   32100  6.420000000000e+02  2.983267847683e-01
   32150  6.430000000000e+02  2.937374387680e-01
   32200  6.440000000000e+02  2.890821224973e-01
   32250  6.450000000000e+02  2.843643310635e-01
   32300  6.460000000000e+02  2.795874898927e-01
   32350  6.470000000000e+02  2.747551152744e-01
   32400  6.480000000000e+02  2.698707813902e-01
   32450  6.490000000000e+02  2.649380919448e-01
   32500  6.500000000000e+02  2.599606758421e-01
   32550  6.510000000000e+02  2.549421452209e-01
   32600  6.520000000000e+02  2.498861842162e-01
   32650  6.530000000000e+02  2.447964836768e-01
   32700  6.540000000000e+02  2.396767628769e-01
   32750  6.550000000000e+02  2.345307309550e-01
   32800  6.560000000000e+02  2.293621673319e-01
   32850  6.570000000000e+02  2.241748117645e-01
   32900  6.580000000000e+02  2.189723414796e-01
   32950  6.590000000000e+02  2.137585386705e-01
   33000  6.600000000000e+02  2.085371468596e-01
   33050  6.610000000000e+02  2.033119736304e-01
   33100  6.620000000000e+02  1.980867837344e-01
   33150  6.630000000000e+02  1.928652992109e-01
   33200  6.640000000000e+02  1.876512132923e-01
   33250  6.650000000000e+02  1.824482401761e-01
   33300  6.660000000000e+02  1.772600568787e-01
   33350  6.670000000000e+02  1.720904115691e-01
   33400  6.680000000000e+02  1.669429390842e-01
   33450  6.690000000000e+02  1.618212318208e-01
   33500  6.700000000000e+02  1.567288701810e-01
   33550  6.710000000000e+02  1.516694694619e-01
   33600  6.720000000000e+02  1.466465328828e-01
   33650  6.730000000000e+02  1.416635207206e-01
   33700  6.740000000000e+02  1.367238947613e-01
   33750  6.750000000000e+02  1.318310805561e-01
   33800  6.760000000000e+02  1.269883858845e-01
   33850  6.770000000000e+02  1.221990475471e-01
   33900  6.780000000000e+02  1.174663195850e-01
   33950  6.790000000000e+02  1.127934066309e-01
   34000  6.800000000000e+02  1.081834224677e-01
   34050  6.810000000000e+02  1.036393978801e-01
   34100  6.820000000000e+02  9.916430796310e-02
   34150  6.830000000000e+02  9.476106607080e-02
   34200  6.840000000000e+02  9.043251335538e-02
   34250  6.850000000000e+02  8.618143637677e-02
   34300  6.860000000000e+02  8.201053129350e-02
   34350  6.870000000000e+02  7.792239196272e-02
   34400  6.880000000000e+02  7.391954314094e-02
   34450  6.890000000000e+02  7.000441988578e-02
   34500  6.900000000000e+02  6.617937631849e-02
   34550  6.910000000000e+02  6.244669266621e-02
   34600  6.920000000000e+02  5.880853453603e-02
   34650  6.930000000000e+02  5.526701085135e-02
   34700  6.940000000000e+02  5.182413114545e-02
   34750  6.950000000000e+02  4.848176894462e-02
   34800  6.960000000000e+02  4.524173726749e-02
   34850  6.970000000000e+02  4.210576309792e-02
   34900  6.980000000000e+02  3.907545522645e-02
   34950  6.990000000000e+02  3.615232482380e-02
   35000  7.000000000000e+02  3.333779305442e-02
   35050  7.010000000000e+02  3.063314744663e-02
   35100  7.020000000000e+02  2.803959785619e-02
   35150  7.030000000000e+02  2.555826518870e-02
   35200  7.040000000000e+02  2.319016366589e-02
   35250  7.050000000000e+02  2.093619826628e-02
   35300  7.060000000000e+02  1.879716284203e-02
   35350  7.070000000000e+02  1.677374314932e-02
   35400  7.080000000000e+02  1.486654713578e-02
   35450  7.090000000000e+02  1.307605449164e-02
   35500  7.100000000000e+02  1.140262902781e-02
   35550  7.110000000000e+02  9.846546179039e-03
   35600  7.120000000000e+02  8.407974102331e-03
   35650  7.130000000000e+02  7.086976191376e-03
   35700  7.140000000000e+02  5.883505690996e-03
   35750  7.150000000000e+02  4.797419607744e-03
   35800  7.160000000000e+02  3.828478770408e-03
   35850  7.170000000000e+02  2.976336935298e-03
   35900  7.180000000000e+02  2.240547826748e-03
   35950  7.190000000000e+02  1.620562466147e-03
   36000  7.200000000000e+02  1.115731477659e-03
   36050  7.210000000000e+02  7.253029765809e-04
   36100  7.220000000000e+02  4.484366551375e-04
   36150  7.230000000000e+02  2.841967419157e-04
   36200  7.240000000000e+02  2.315506507594e-04
   36250  7.250000000000e+02  2.893736236348e-04
   36300  7.260000000000e+02  4.564507153792e-04
   36350  7.270000000000e+02  7.314759585674e-04
   36400  7.280000000000e+02  1.113056327690e-03
   36450  7.290000000000e+02  1.599715119298e-03
   36500  7.300000000000e+02  2.189888769593e-03
   36550  7.310000000000e+02  2.881931665056e-03
   36600  7.320000000000e+02  3.674122188661e-03
   36650  7.330000000000e+02  4.564665063094e-03
   36700  7.340000000000e+02  5.551687788990e-03
   36750  7.350000000000e+02  6.633244528000e-03
   36800  7.360000000000e+02  7.807325563563e-03
   36850  7.370000000000e+02  9.071844293858e-03
   36900  7.380000000000e+02  1.042464201006e-02
   36950  7.390000000000e+02  1.186351012725e-02
   37000  7.400000000000e+02  1.338619563647e-02
   37050  7.410000000000e+02  1.499036693832e-02
   37100  7.420000000000e+02  1.667364248061e-02
   37150  7.430000000000e+02  1.843358337542e-02
   37200  7.440000000000e+02  2.026771044846e-02
   37250  7.450000000000e+02  2.217350061559e-02
   37300  7.460000000000e+02  2.414837739099e-02
   37350  7.470000000000e+02  2.618975654290e-02
   37400  7.480000000000e+02  2.829497734349e-02
   37450  7.490000000000e+02  3.046135924537e-02
   37500  7.500000000000e+02  3.268617310463e-02
   37550  7.510000000000e+02  3.496670780553e-02
   37600  7.520000000000e+02  3.730021805812e-02
   37650  7.530000000000e+02  3.968390055914e-02
   37700  7.540000000000e+02  4.211494035364e-02
   37750  7.550000000000e+02  4.459051896754e-02
   37800  7.560000000000e+02  4.710779675075e-02
   37850  7.570000000000e+02  4.966392463000e-02
   37900  7.580000000000e+02  5.225605417549e-02
   37950  7.590000000000e+02  5.488131652019e-02
   38000  7.600000000000e+02  5.753683152935e-02
   38050  7.610000000000e+02  6.021970845485e-02
   38100  7.620000000000e+02  6.292708053070e-02
   38150  7.630000000000e+02  6.565609127667e-02
   38200  7.640000000000e+02  6.840386543850e-02
   38250  7.650000000000e+02  7.116754481730e-02
   38300  7.660000000000e+02  7.394429884601e-02
   38350  7.670000000000e+02  7.673128948580e-02
   38400  7.680000000000e+02  7.952567193370e-02
   38450  7.690000000000e+02  8.232461593135e-02
   38500  7.700000000000e+02  8.512539668807e-02
   38550  7.710000000000e+02  8.792525677197e-02
   38600  7.720000000000e+02  9.072147809128e-02
   38650  7.730000000000e+02  9.351137215853e-02
   38700  7.740000000000e+02  9.629229002115e-02
   38750  7.750000000000e+02  9.906158866490e-02
   38800  7.760000000000e+02  1.018166334419e-01
   38850  7.770000000000e+02  1.045548605278e-01
   38900  7.780000000000e+02  1.072737783393e-01
   38950  7.790000000000e+02  1.099708752539e-01
   39000  7.800000000000e+02  1.126436717280e-01
   39050  7.810000000000e+02  1.152897874721e-01
   39100  7.820000000000e+02  1.179068737142e-01
   39150  7.830000000000e+02  1.204926292804e-01
   39200  7.840000000000e+02  1.230448251603e-01
   39250  7.850000000000e+02  1.255612740157e-01
   39300  7.860000000000e+02  1.280398352284e-01
   39350  7.870000000000e+02  1.304784225422e-01
   39400  7.880000000000e+02  1.328750074139e-01
   39450  7.890000000000e+02  1.352276559462e-01
   39500  7.900000000000e+02  1.375344351802e-01
   39550  7.910000000000e+02  1.397934679940e-01
   39600  7.920000000000e+02  1.420029795604e-01
   39650  7.930000000000e+02  1.441612625718e-01
   39700  7.940000000000e+02  1.462666219927e-01
   39750  7.950000000000e+02  1.483174761666e-01
   39800  7.960000000000e+02  1.503123428842e-01
   39850  7.970000000000e+02  1.522497812414e-01
   39900  7.980000000000e+02  1.541283391804e-01
   39950  7.990000000000e+02  1.559466695566e-01
   40000  8.000000000000e+02  1.577035211965e-01
   40050  8.010000000000e+02  1.593976497345e-01
   40100  8.020000000000e+02  1.610279313794e-01
   40150  8.030000000000e+02  1.625932799993e-01
   40200  8.040000000000e+02  1.640927236948e-01
   40250  8.050000000000e+02  1.655252777106e-01
   40300  8.060000000000e+02  1.668900624445e-01
   40350  8.070000000000e+02  1.681863343139e-01
   40400  8.080000000000e+02  1.694133597309e-01
   40450  8.090000000000e+02  1.705704402183e-01
   40500  8.100000000000e+02  1.716570024124e-01
   40550  8.110000000000e+02  1.726725048560e-01
   40600  8.120000000000e+02  1.736164269630e-01
   40650  8.130000000000e+02  1.744883121577e-01
   40700  8.140000000000e+02  1.752878287016e-01
   40750  8.150000000000e+02  1.760147216247e-01
   40800  8.160000000000e+02  1.766687853816e-01
   40850  8.170000000000e+02  1.772498625180e-01
   40900  8.180000000000e+02  1.777579012444e-01
   40950  8.190000000000e+02  1.781929153857e-01
   41000  8.200000000000e+02  1.785549072600e-01
   41050  8.210000000000e+02  1.788439720948e-01
   41100  8.220000000000e+02  1.790603261878e-01
   41150  8.230000000000e+02  1.792041569342e-01
   41200  8.240000000000e+02  1.792757603229e-01
   41250  8.250000000000e+02  1.792755305638e-01
   41300  8.260000000000e+02  1.792039033413e-01
   41350  8.270000000000e+02  1.790613122969e-01
   41400  8.280000000000e+02  1.788483140419e-01
   41450  8.290000000000e+02  1.785655235016e-01
   41500  8.300000000000e+02  1.782136366893e-01
   41550  8.310000000000e+02  1.777933875885e-01
   41600  8.320000000000e+02  1.773054711989e-01
   41650  8.330000000000e+02  1.767507094126e-01
   41700  8.340000000000e+02  1.761299583540e-01
   41750  8.350000000000e+02  1.754441179218e-01
   41800  8.360000000000e+02  1.746942022345e-01
   41850  8.370000000000e+02  1.738812353963e-01
   41900  8.380000000000e+02  1.730062723467e-01
   41950  8.390000000000e+02  1.720703473133e-01
   42000  8.400000000000e+02  1.710746088676e-01
   42050  8.410000000000e+02  1.700202503867e-01
   42100  8.420000000000e+02  1.689084651074e-01
   42150  8.430000000000e+02  1.677404672192e-01
   42200  8.440000000000e+02  1.665175380561e-01
   42250  8.450000000000e+02  1.652410312665e-01
   42300  8.460000000000e+02  1.639122155797e-01
   42350  8.470000000000e+02  1.625324840025e-01
   42400  8.480000000000e+02  1.611032658148e-01
   42450  8.490000000000e+02  1.596259679004e-01
   42500  8.500000000000e+02  1.581019991679e-01
   42550  8.510000000000e+02  1.565328449878e-01
   42600  8.520000000000e+02  1.549199943031e-01
   42650  8.530000000000e+02  1.532648819434e-01
   42700  8.540000000000e+02  1.515690446507e-01
   42750  8.550000000000e+02  1.498340681464e-01
   42800  8.560000000000e+02  1.480615772637e-01
   42850  8.570000000000e+02  1.462531296933e-01
   42900  8.580000000000e+02  1.444102807830e-01
   42950  8.590000000000e+02  1.425346698868e-01
   43000  8.600000000000e+02  1.406279256585e-01
   43050  8.610000000000e+02  1.386916540219e-01
   43100  8.620000000000e+02  1.367274764849e-01
   43150  8.630000000000e+02  1.347370843224e-01
   43200  8.640000000000e+02  1.327221153576e-01
   43250  8.650000000000e+02  1.306841592171e-01
   43300  8.660000000000e+02  1.286248759487e-01
   43350  8.670000000000e+02  1.265459031445e-01
   43400  8.680000000000e+02  1.244488721623e-01
   43450  8.690000000000e+02  1.223354110626e-01
   43500  8.700000000000e+02  1.202071780613e-01
   43550  8.710000000000e+02  1.180657872430e-01
   43600  8.720000000000e+02  1.159127801736e-01
   43650  8.730000000000e+02  1.137497176111e-01
   43700  8.740000000000e+02  1.115782311816e-01
   43750  8.750000000000e+02  1.093998901014e-01
   43800  8.760000000000e+02  1.072161862339e-01
   43850  8.770000000000e+02  1.050286816173e-01
   43900  8.780000000000e+02  1.028389328607e-01
   43950  8.790000000000e+02  1.006484194956e-01
   44000  8.800000000000e+02  9.845861701237e-02
   44050  8.810000000000e+02  9.627101498805e-02
   44100  8.820000000000e+02  9.408704897054e-02
   44150  8.830000000000e+02  9.190808275371e-02
   44200  8.840000000000e+02  8.973554322997e-02
   44250  8.850000000000e+02  8.757081929593e-02
   44300  8.860000000000e+02  8.541526208652e-02
   44350  8.870000000000e+02  8.327015213702e-02
   44400  8.880000000000e+02  8.113679812007e-02
   44450  8.890000000000e+02  7.901647665878e-02
   44500  8.900000000000e+02  7.691041819537e-02
   44550  8.910000000000e+02  7.481980489402e-02
   44600  8.920000000000e+02  7.274585170032e-02
   44650  8.930000000000e+02  7.068970776747e-02
   44700  8.940000000000e+02  6.865243155379e-02
   44750  8.950000000000e+02  6.663506543215e-02
   44800  8.960000000000e+02  6.463865314513e-02
   44850  8.970000000000e+02  6.266420824185e-02
   44900  8.980000000000e+02  6.071268893260e-02
   44950  8.990000000000e+02  5.878500915261e-02
   45000  9.000000000000e+02  5.688206751768e-02
   45050  9.010000000000e+02  5.500471404747e-02
   45100  9.020000000000e+02  5.315373833107e-02
   45150  9.030000000000e+02  5.132990406698e-02
   45200  9.040000000000e+02  4.953397313985e-02
   45250  9.050000000000e+02  4.776662346594e-02
   45300  9.060000000000e+02  4.602848502063e-02
   45350  9.070000000000e+02  4.432018544084e-02
   45400  9.080000000000e+02  4.264233139586e-02
   45450  9.090000000000e+02  4.099546034360e-02
   45500  9.100000000000e+02  3.938008876242e-02
   45550  9.110000000000e+02  3.779671040685e-02
   45600  9.120000000000e+02  3.624575882630e-02
   45650  9.130000000000e+02  3.472762034157e-02
   45700  9.140000000000e+02  3.324265221341e-02
   45750  9.150000000000e+02  3.179120954962e-02
   45800  9.160000000000e+02  3.037358763264e-02
   45850  9.170000000000e+02  2.899001651917e-02
   45900  9.180000000000e+02  2.764070437012e-02
   45950  9.190000000000e+02  2.632586859558e-02
   46000  9.200000000000e+02  2.504565908503e-02
   46050  9.210000000000e+02  2.380017844246e-02
   46100  9.220000000000e+02  2.258952833160e-02
   46150  9.230000000000e+02  2.141375819168e-02
   46200  9.240000000000e+02  2.027287111488e-02
   46250  9.250000000000e+02  1.916683534582e-02
   46300  9.260000000000e+02  1.809563107916e-02
   46350  9.270000000000e+02  1.705916846553e-02
   46400  9.280000000000e+02  1.605732156027e-02
   46450  9.290000000000e+02  1.508994302562e-02
   46500  9.300000000000e+02  1.415688171482e-02
   46550  9.310000000000e+02  1.325793243635e-02
   46600  9.320000000000e+02  1.239284768921e-02
   46650  9.330000000000e+02  1.156138431361e-02
   46700  9.340000000000e+02  1.076326537582e-02
   46750  9.350000000000e+02  9.998170569031e-03
   46800  9.360000000000e+02  9.265750546272e-03
   46850  9.370000000000e+02  8.565654104057e-03
   46900  9.380000000000e+02  7.897508808038e-03
   46950  9.390000000000e+02  7.260892897990e-03
   47000  9.400000000000e+02  6.655370537877e-03
   47050  9.410000000000e+02  6.080502845685e-03
   47100  9.420000000000e+02  5.535820806596e-03
   47150  9.430000000000e+02  5.020822431471e-03
   47200  9.440000000000e+02  4.534998992566e-03
   47250  9.450000000000e+02  4.077836776200e-03
   47300  9.460000000000e+02  3.648789375800e-03
   47350  9.470000000000e+02  3.247286532896e-03
   47400  9.480000000000e+02  2.872769875410e-03
   47450  9.490000000000e+02  2.524662912740e-03
   47500  9.500000000000e+02  2.202360806982e-03
   47550  9.510000000000e+02  1.905254169781e-03
   47600  9.520000000000e+02  1.632732838841e-03
   47650  9.530000000000e+02  1.384170561586e-03
   47700  9.540000000000e+02  1.158923779177e-03
   47750  9.550000000000e+02  9.563502059847e-04
   47800  9.560000000000e+02  7.758031123057e-04
   47850  9.570000000000e+02  6.166251092011e-04
   47900  9.580000000000e+02  4.781510484662e-04
   47950  9.590000000000e+02  3.597169664311e-04
   48000  9.600000000000e+02  2.606554987085e-04
   48050  9.610000000000e+02  1.802913717807e-04
   48100  9.620000000000e+02  1.179493312254e-04
   48150  9.630000000000e+02  7.295556970702e-05
   48200  9.640000000000e+02  4.463348067959e-05
   48250  9.650000000000e+02  3.230621909421e-05
   48300  9.660000000000e+02  3.529948329062e-05
   48350  9.670000000000e+02  5.294047098248e-05
   48400  9.680000000000e+02  8.455866287110e-05
   48450  9.690000000000e+02  1.294884633219e-04
   48500  9.700000000000e+02  1.870674388198e-04
   48550  9.710000000000e+02  2.566363860808e-04
   48600  9.720000000000e+02  3.375417329123e-04
   48650  9.730000000000e+02  4.291392721155e-04
   48700  9.740000000000e+02  5.307884138992e-04
   48750  9.750000000000e+02  6.418541010445e-04
   48800  9.760000000000e+02  7.617159761517e-04
   48850  9.770000000000e+02  8.897598202578e-04
   48900  9.780000000000e+02  1.025371523302e-03
   48950  9.790000000000e+02  1.167950556746e-03
   49000  9.800000000000e+02  1.316916909219e-03
   49050  9.810000000000e+02  1.471695175452e-03
   49100  9.820000000000e+02  1.631709449977e-03
   49150  9.830000000000e+02  1.796402606295e-03
   49200  9.840000000000e+02  1.965240946073e-03
   49250  9.850000000000e+02  2.137691649769e-03
   49300  9.860000000000e+02  2.313230183042e-03
   49350  9.870000000000e+02  2.491350272001e-03
   49400  9.880000000000e+02  2.671570658497e-03
   49450  9.890000000000e+02  2.853402699592e-03
   49500  9.900000000000e+02  3.036375203644e-03
   49550  9.910000000000e+02  3.220041541677e-03
   49600  9.920000000000e+02  3.403972074452e-03
   49650  9.930000000000e+02  3.587734315216e-03
   49700  9.940000000000e+02  3.770916473366e-03
   49750  9.950000000000e+02  3.953137893995e-03
   49800  9.960000000000e+02  4.134012652833e-03
   49850  9.970000000000e+02  4.313161967654e-03
   49900  9.980000000000e+02  4.490239119388e-03
   49950  9.990000000000e+02  4.664925093038e-03
   50000  1.000000000000e+03  4.836896714090e-03
   50050  1.001000000000e+03  5.005837073890e-03
   50100  1.002000000000e+03  5.171466628213e-03
   50150  1.003000000000e+03  5.333517370784e-03
   50200  1.004000000000e+03  5.491723052132e-03
   50250  1.005000000000e+03  5.645832624430e-03
   50300  1.006000000000e+03  5.795628040673e-03
   50350  1.007000000000e+03  5.940901286527e-03
   50400  1.008000000000e+03  6.081428018418e-03
   50450  1.009000000000e+03  6.217028525779e-03
   50500  1.010000000000e+03  6.347545849014e-03
   50550  1.011000000000e+03  6.472821254180e-03
   50600  1.012000000000e+03  6.592692810076e-03
   50650  1.013000000000e+03  6.707039078234e-03
   50700  1.014000000000e+03  6.815757576963e-03
   50750  1.015000000000e+03  6.918727087616e-03
   50800  1.016000000000e+03  7.015843966700e-03
   50850  1.017000000000e+03  7.107041217553e-03
   50900  1.018000000000e+03  7.192259979205e-03
   50950  1.019000000000e+03  7.271429136475e-03
   51000  1.020000000000e+03  7.344505927411e-03
   51050  1.021000000000e+03  7.411487343108e-03
   51100  1.022000000000e+03  7.472360112835e-03
   51150  1.023000000000e+03  7.527091235475e-03
   51200  1.024000000000e+03  7.575688278245e-03
   51250  1.025000000000e+03  7.618183859981e-03
   51300  1.026000000000e+03  7.654586324331e-03
   51350  1.027000000000e+03  7.684919986388e-03
   51400  1.028000000000e+03  7.709236672613e-03
   51450  1.029000000000e+03  7.727603066668e-03
   51500  1.030000000000e+03  7.740064033492e-03
   51550  1.031000000000e+03  7.746681428941e-03
   51600  1.032000000000e+03  7.747558089842e-03
   51650  1.033000000000e+03  7.742790936571e-03
   51700  1.034000000000e+03  7.732435733521e-03
   51750  1.035000000000e+03  7.716592765332e-03
   51800  1.036000000000e+03  7.695392979224e-03
   51850  1.037000000000e+03  7.668941673316e-03
   51900  1.038000000000e+03  7.637336956771e-03
   51950  1.039000000000e+03  7.600712020515e-03
   52000  1.040000000000e+03  7.559219841125e-03
   52050  1.041000000000e+03  7.512980498965e-03
   52100  1.042000000000e+03  7.462118310826e-03
   52150  1.043000000000e+03  7.406786637271e-03
   52200  1.044000000000e+03  7.347147742645e-03
   52250  1.045000000000e+03  7.283333232982e-03
   52300  1.046000000000e+03  7.215487548072e-03
   52350  1.047000000000e+03  7.143794392527e-03
   52400  1.048000000000e+03  7.068416490858e-03
   52450  1.049000000000e+03  6.989486894370e-03
   52500  1.050000000000e+03  6.907180517322e-03
   52550  1.051000000000e+03  6.821685855799e-03
   52600  1.052000000000e+03  6.733151393892e-03
   52650  1.053000000000e+03  6.641730636679e-03
   52700  1.054000000000e+03  6.547602396810e-03
   52750  1.055000000000e+03  6.450943720381e-03
   52800  1.056000000000e+03  6.351899777230e-03
   52850  1.057000000000e+03  6.250623000354e-03
   52900  1.058000000000e+03  6.147305291144e-03
   52950  1.059000000000e+03  6.042120561569e-03
   53000  1.060000000000e+03  5.935206719699e-03
   53050  1.061000000000e+03  5.826716293722e-03
   53100  1.062000000000e+03  5.716832447213e-03
   53150  1.063000000000e+03  5.605706276033e-03
   53200  1.064000000000e+03  5.493468163068e-03
   53250  1.065000000000e+03  5.380283115694e-03
   53300  1.066000000000e+03  5.266317975468e-03
   53350  1.067000000000e+03  5.151706784212e-03
   53400  1.068000000000e+03  5.036583511144e-03
   53450  1.069000000000e+03  4.921097030951e-03
   53500  1.070000000000e+03  4.805399731227e-03
   53550  1.071000000000e+03  4.689605685080e-03
   53600  1.072000000000e+03  4.573832585465e-03
   53650  1.073000000000e+03  4.458233609831e-03
   53700  1.074000000000e+03  4.342933768026e-03
   53750  1.075000000000e+03  4.228029122009e-03
   53800  1.076000000000e+03  4.113638755946e-03
   53850  1.077000000000e+03  3.999900687570e-03
   53900  1.078000000000e+03  3.886916214202e-03
   53950  1.079000000000e+03  3.774766730963e-03
   54000  1.080000000000e+03  3.663561889738e-03
   54050  1.081000000000e+03  3.553408203450e-03
   54100  1.082000000000e+03  3.444385925958e-03
   54150  1.083000000000e+03  3.336568256868e-03
   54200  1.084000000000e+03  3.230053585971e-03
   54250  1.085000000000e+03  3.124930744216e-03
   54300  1.086000000000e+03  3.021250677314e-03
   54350  1.087000000000e+03  2.919076877163e-03
   54400  1.088000000000e+03  2.818492690625e-03
   54450  1.089000000000e+03  2.719563324731e-03
   54500  1.090000000000e+03  2.622323269337e-03
   54550  1.091000000000e+03  2.526830733926e-03
   54600  1.092000000000e+03  2.433153449996e-03
   54650  1.093000000000e+03  2.341319544665e-03
   54700  1.094000000000e+03  2.251364009248e-03
   54750  1.095000000000e+03  2.163333250217e-03
   54800  1.096000000000e+03  2.077266479183e-03
   54850  1.097000000000e+03  1.993178335879e-03
   54900  1.098000000000e+03  1.911082309086e-03
   54950  1.099000000000e+03  1.831012754068e-03
   55000  1.100000000000e+03  1.752994822805e-03
   55050  1.101000000000e+03  1.677022649762e-03
   55100  1.102000000000e+03  1.603100649380e-03
   55150  1.103000000000e+03  1.531250407387e-03
   55200  1.104000000000e+03  1.461468347391e-03
   55250  1.105000000000e+03  1.393740342442e-03
   55300  1.106000000000e+03  1.328072370775e-03
   55350  1.107000000000e+03  1.264464271503e-03
   55400  1.108000000000e+03  1.202895483304e-03
   55450  1.109000000000e+03  1.143343596007e-03
   55500  1.110000000000e+03  1.085803697597e-03
   55550  1.111000000000e+03  1.030262545846e-03
   55600  1.112000000000e+03  9.766858149909e-04
   55650  1.113000000000e+03  9.250487398116e-04
   55700  1.114000000000e+03  8.753378599653e-04
   55750  1.115000000000e+03  8.275264495637e-04
   55800  1.116000000000e+03  7.815713019767e-04
   55850  1.117000000000e+03  7.374450823984e-04
   55900  1.118000000000e+03  6.951273204300e-04
   55950  1.119000000000e+03  6.545767441286e-04
   56000  1.120000000000e+03  6.157478632883e-04
   56050  1.121000000000e+03  5.786098064921e-04
   56100  1.122000000000e+03  5.431308679378e-04
   56150  1.123000000000e+03  5.092671188967e-04
   56200  1.124000000000e+03  4.769762311629e-04
   56250  1.125000000000e+03  4.462247312462e-04
   56300  1.126000000000e+03  4.169728856128e-04
   56350  1.127000000000e+03  3.891706003501e-04
   56400  1.128000000000e+03  3.627744363224e-04
   56450  1.129000000000e+03  3.377515378076e-04
   56500  1.130000000000e+03  3.140568380423e-04
   56550  1.131000000000e+03  2.916377489488e-04
   56600  1.132000000000e+03  2.704551098067e-04
   56650  1.133000000000e+03  2.504716969447e-04
   56700  1.134000000000e+03  2.316402116257e-04
   56750  1.135000000000e+03  2.139137740046e-04
   56800  1.136000000000e+03  1.972533517100e-04
   56850  1.137000000000e+03  1.816181300345e-04
   56900  1.138000000000e+03  1.669607443452e-04
   56950  1.139000000000e+03  1.532374596521e-04
   57000  1.140000000000e+03  1.404110641436e-04
   57050  1.141000000000e+03  1.284427061541e-04
   57100  1.142000000000e+03  1.172862630207e-04
   57150  1.143000000000e+03  1.069035285381e-04
   57200  1.144000000000e+03  9.726074206725e-05
   57250  1.145000000000e+03  8.831829887267e-05
   57300  1.146000000000e+03  8.003569189813e-05
   57350  1.147000000000e+03  7.238118524278e-05
   57400  1.148000000000e+03  6.532281332562e-05
   57450  1.149000000000e+03  5.882302781410e-05
   57500  1.150000000000e+03  5.284764792049e-05
   57550  1.151000000000e+03  4.736774138942e-05
   57600  1.152000000000e+03  4.235348216872e-05
   57650  1.153000000000e+03  3.777319542685e-05
   57700  1.154000000000e+03  3.359784543608e-05
   57750  1.155000000000e+03  2.980311072458e-05
   57800  1.156000000000e+03  2.636224012832e-05
   57850  1.157000000000e+03  2.324727730940e-05
   57900  1.158000000000e+03  2.043560748763e-05
   57950  1.159000000000e+03  1.790701761747e-05
   58000  1.160000000000e+03  1.563792546764e-05
   58050  1.161000000000e+03  1.360641338818e-05
   58100  1.162000000000e+03  1.179475404823e-05
   58150  1.163000000000e+03  1.018503372773e-05
   58200  1.164000000000e+03  8.758480502156e-06
   58250  1.165000000000e+03  7.498312278545e-06
   58300  1.166000000000e+03  6.390479604969e-06
   58350  1.167000000000e+03  5.420673091554e-06
   58400  1.168000000000e+03  4.574224105762e-06
   58450  1.169000000000e+03  3.838868260393e-06
   58500  1.170000000000e+03  3.204210661273e-06
   58550  1.171000000000e+03  2.658966969778e-06
   58600  1.172000000000e+03  2.192119152804e-06
   58650  1.173000000000e+03  1.795264322452e-06
   58700  1.174000000000e+03  1.460444297906e-06
   58750  1.175000000000e+03  1.179302431542e-06
   58800  1.176000000000e+03  9.446141322686e-07
   58850  1.177000000000e+03  7.505603073360e-07
   58900  1.178000000000e+03  5.915479075261e-07
   58950  1.179000000000e+03  4.621901138202e-07
   59000  1.180000000000e+03  3.579028684184e-07
   59050  1.181000000000e+03  2.749360001886e-07
   59100  1.182000000000e+03  2.097521244124e-07
   59150  1.183000000000e+03  1.589633721738e-07
   59200  1.184000000000e+03  1.199518645800e-07
   59250  1.185000000000e+03  9.061509702313e-08
   59300  1.186000000000e+03  6.887619514312e-08
   59350  1.187000000000e+03  5.299223155425e-08
   59400  1.188000000000e+03  4.170024907324e-08
   59450  1.189000000000e+03  3.392428731680e-08
   59500  1.190000000000e+03  2.868821017549e-08
   59550  1.191000000000e+03  2.527706813304e-08
   59600  1.192000000000e+03  2.317633483739e-08
   59650  1.193000000000e+03  2.195690776419e-08
   59700  1.194000000000e+03  2.128196176926e-08
   59750  1.195000000000e+03  2.093509174350e-08
   59800  1.196000000000e+03  2.078045850673e-08
   59850  1.197000000000e+03  2.072279418203e-08
   59900  1.198000000000e+03  2.070460097814e-08
   59950  1.199000000000e+03  2.069921246212e-08
   60000  1.200000000000e+03  2.069573521585e-08
   60050  1.201000000000e+03  2.069175052133e-08
   60100  1.202000000000e+03  2.068695881957e-08
   60150  1.203000000000e+03  2.068473405059e-08
   60200  1.204000000000e+03  2.068813535067e-08
   60250  1.205000000000e+03  2.069460591086e-08
   60300  1.206000000000e+03  2.070027060180e-08
   60350  1.207000000000e+03  2.070278312671e-08
   60400  1.208000000000e+03  2.070631811152e-08
   60450  1.209000000000e+03  2.071336797915e-08
   60500  1.210000000000e+03  2.072204987463e-08
   60550  1.211000000000e+03  2.072971827527e-08
   60600  1.212000000000e+03  2.073578305589e-08
   60650  1.213000000000e+03  2.074250123052e-08
   60700  1.214000000000e+03  2.074962397042e-08
   60750  1.215000000000e+03  2.075618644320e-08
   60800  1.216000000000e+03  2.076180639216e-08
   60850  1.217000000000e+03  2.076831303460e-08
   60900  1.218000000000e+03  2.077444391513e-08
   60950  1.219000000000e+03  2.077922497956e-08
   61000  1.220000000000e+03  2.078164124120e-08
   61050  1.221000000000e+03  2.078231848418e-08
   61100  1.222000000000e+03  2.078347052792e-08
   61150  1.223000000000e+03  2.078451114690e-08
   61200  1.224000000000e+03  2.078494357183e-08
   61250  1.225000000000e+03  2.078412388723e-08
   61300  1.226000000000e+03  2.078253255600e-08
   61350  1.227000000000e+03  2.078027024066e-08
   61400  1.228000000000e+03  2.077714189586e-08
   61450  1.229000000000e+03  2.077234668302e-08
   61500  1.230000000000e+03  2.076746288132e-08
   61550  1.231000000000e+03  2.076275096990e-08
   61600  1.232000000000e+03  2.075723412598e-08
   61650  1.233000000000e+03  2.075078604780e-08
   61700  1.234000000000e+03  2.074348485342e-08
   61750  1.235000000000e+03  2.073664023133e-08
   61800  1.236000000000e+03  2.072918726947e-08
   61850  1.237000000000e+03  2.072130755176e-08
   61900  1.238000000000e+03  2.071575979506e-08
   61950  1.239000000000e+03  2.071212469590e-08
   62000  1.240000000000e+03  2.070844976054e-08
   62050  1.241000000000e+03  2.070198067139e-08
   62100  1.242000000000e+03  2.069682236705e-08
   62150  1.243000000000e+03  2.069545938788e-08
   62200  1.244000000000e+03  2.069796143506e-08
   62250  1.245000000000e+03  2.070169329016e-08
   62300  1.246000000000e+03  2.070276964444e-08
   62350  1.247000000000e+03  2.070298672774e-08
   62400  1.248000000000e+03  2.070434343415e-08
   62450  1.249000000000e+03  2.070899392942e-08
   62500  1.250000000000e+03  2.071523855229e-08
   62550  1.251000000000e+03  2.072042102480e-08
   62600  1.252000000000e+03  2.072526468500e-08
   62650  1.253000000000e+03  2.072976452300e-08
   62700  1.254000000000e+03  2.073540934788e-08
   62750  1.255000000000e+03  2.074072587288e-08
   62800  1.256000000000e+03  2.074735270391e-08
   62850  1.257000000000e+03  2.075479911545e-08
   62900  1.258000000000e+03  2.076037655674e-08
   62950  1.259000000000e+03  2.076436594889e-08
   63000  1.260000000000e+03  2.076810255019e-08
   63050  1.261000000000e+03  2.077331116845e-08
   63100  1.262000000000e+03  2.077823117036e-08
   63150  1.263000000000e+03  2.078055146709e-08
   63200  1.264000000000e+03  2.078158402308e-08
   63250  1.265000000000e+03  2.078230806890e-08
   63300  1.266000000000e+03  2.078393331051e-08
   63350  1.267000000000e+03  2.078538183237e-08
   63400  1.268000000000e+03  2.078575551956e-08
   63450  1.269000000000e+03  2.078371286185e-08
   63500  1.270000000000e+03  2.077886362972e-08
   63550  1.271000000000e+03  2.077363255720e-08
   63600  1.272000000000e+03  2.076964323444e-08
   63650  1.273000000000e+03  2.076762060932e-08
   63700  1.274000000000e+03  2.076333027734e-08
   63750  1.275000000000e+03  2.075545565278e-08
   63800  1.276000000000e+03  2.074599545626e-08
   63850  1.277000000000e+03  2.073923996426e-08
   63900  1.278000000000e+03  2.073642552114e-08
   63950  1.279000000000e+03  2.073375444944e-08
   64000  1.280000000000e+03  2.072892594379e-08
   64050  1.281000000000e+03  2.072194266178e-08
   64100  1.282000000000e+03  2.071749698879e-08
   64150  1.283000000000e+03  2.071586712588e-08
   64200  1.284000000000e+03  2.071484750399e-08
   64250  1.285000000000e+03  2.071309008339e-08
   64300  1.286000000000e+03  2.071098150619e-08
   64350  1.287000000000e+03  2.070988158048e-08
   64400  1.288000000000e+03  2.071003350756e-08
   64450  1.289000000000e+03  2.071093670869e-08
   64500  1.290000000000e+03  2.071323357972e-08
   64550  1.291000000000e+03  2.071600926218e-08
   64600  1.292000000000e+03  2.071909105394e-08
   64650  1.293000000000e+03  2.072356165839e-08
   64700  1.294000000000e+03  2.072860968289e-08
   64750  1.295000000000e+03  2.073415270726e-08
   64800  1.296000000000e+03  2.073789594215e-08
   64850  1.297000000000e+03  2.074142804037e-08
   64900  1.298000000000e+03  2.074724154283e-08
   64950  1.299000000000e+03  2.075316215405e-08
   65000  1.300000000000e+03  2.075827109510e-08
