################################################################################
# HEADER
# nspin         1
#%
# nik       217
#  st         1      26
# ust         1      26
# Iter             t            #  iter t Nex(t)  
################################################################################
       0  0.000000000000e+00 -2.560451850542e-15
      50  1.000000000000e+00  1.243299282971e-10
     100  2.000000000000e+00  9.326654656916e-10
     150  3.000000000000e+00  1.123548330761e-08
     200  4.000000000000e+00  7.243849807492e-08
     250  5.000000000000e+00  3.071968855614e-07
     300  6.000000000000e+00  9.939867522610e-07
     350  7.000000000000e+00  2.661293224918e-06
     400  8.000000000000e+00  6.198429501982e-06
     450  9.000000000000e+00  1.296475352886e-05
     500  1.000000000000e+01  2.488302622780e-05
     550  1.100000000000e+01  4.449971095558e-05
     600  1.200000000000e+01  7.501384360172e-05
     650  1.300000000000e+01  1.202910013924e-04
     700  1.400000000000e+01  1.848818904636e-04
     750  1.500000000000e+01  2.739866999962e-04
     800  1.600000000000e+01  3.933879241847e-04
     850  1.700000000000e+01  5.493502488294e-04
     900  1.800000000000e+01  7.484670703280e-04
     950  1.900000000000e+01  9.974277212059e-04
    1000  2.000000000000e+01  1.302694017137e-03
    1050  2.100000000000e+01  1.670133713364e-03
    1100  2.200000000000e+01  2.104650715715e-03
    1150  2.300000000000e+01  2.609874571591e-03
    1200  2.400000000000e+01  3.187891706443e-03
    1250  2.500000000000e+01  3.838954097604e-03
    1300  2.600000000000e+01  4.561179516906e-03
    1350  2.700000000000e+01  5.350391196170e-03
    1400  2.800000000000e+01  6.199974783181e-03
    1450  2.900000000000e+01  7.100712623014e-03
    1500  3.000000000000e+01  8.040631854327e-03
    1550  3.100000000000e+01  9.004877445438e-03
    1600  3.200000000000e+01  9.975764669850e-03
    1650  3.300000000000e+01  1.093296986188e-02
    1700  3.400000000000e+01  1.185387288433e-02
    1750  3.500000000000e+01  1.271411574489e-02
    1800  3.600000000000e+01  1.348818068703e-02
    1850  3.700000000000e+01  1.415014654569e-02
    1900  3.800000000000e+01  1.467464565112e-02
    1950  3.900000000000e+01  1.503796823168e-02
    2000  4.000000000000e+01  1.521915078153e-02
    2050  4.100000000000e+01  1.520094910240e-02
    2100  4.200000000000e+01  1.497078272538e-02
    2150  4.300000000000e+01  1.452187591801e-02
    2200  4.400000000000e+01  1.385431506662e-02
    2250  4.500000000000e+01  1.297609061837e-02
    2300  4.600000000000e+01  1.190401110161e-02
    2350  4.700000000000e+01  1.066450466066e-02
    2400  4.800000000000e+01  9.294354388557e-03
    2450  4.900000000000e+01  7.841232297995e-03
    2500  5.000000000000e+01  6.363975308105e-03
    2550  5.100000000000e+01  4.932581490282e-03
    2600  5.200000000000e+01  3.627888028107e-03
    2650  5.300000000000e+01  2.540976647405e-03
    2700  5.400000000000e+01  1.772370948778e-03
    2750  5.500000000000e+01  1.430866345503e-03
    2800  5.600000000000e+01  1.632035363029e-03
    2850  5.700000000000e+01  2.496406988966e-03
    2900  5.800000000000e+01  4.147345011595e-03
    2950  5.900000000000e+01  6.708567151538e-03
    3000  6.000000000000e+01  1.030136966607e-02
    3050  6.100000000000e+01  1.504164127627e-02
    3100  6.200000000000e+01  2.103673730572e-02
    3150  6.300000000000e+01  2.838235870226e-02
    3200  6.400000000000e+01  3.715930396304e-02
    3250  6.500000000000e+01  4.743026815524e-02
    3300  6.600000000000e+01  5.923691419755e-02
    3350  6.700000000000e+01  7.259723271231e-02
    3400  6.800000000000e+01  8.750315164411e-02
    3450  6.900000000000e+01  1.039183724331e-01
    3500  7.000000000000e+01  1.217765349425e-01
    3550  7.100000000000e+01  1.409800106579e-01
    3600  7.200000000000e+01  1.613995423892e-01
    3650  7.300000000000e+01  1.828745072528e-01
    3700  7.400000000000e+01  2.052139818916e-01
    3750  7.500000000000e+01  2.281981528665e-01
    3800  7.600000000000e+01  2.515803595579e-01
    3850  7.700000000000e+01  2.750901338881e-01
    3900  7.800000000000e+01  2.984367298942e-01
    3950  7.900000000000e+01  3.213131974948e-01
    4000  8.000000000000e+01  3.434005070819e-01
    4050  8.100000000000e+01  3.643720931096e-01
    4100  8.200000000000e+01  3.838989947641e-01
    4150  8.300000000000e+01  4.016554352788e-01
    4200  8.400000000000e+01  4.173247629534e-01
    4250  8.500000000000e+01  4.306055555558e-01
    4300  8.600000000000e+01  4.412176527976e-01
    4350  8.700000000000e+01  4.489086756546e-01
    4400  8.800000000000e+01  4.534603564530e-01
    4450  8.900000000000e+01  4.546943951334e-01
    4500  9.000000000000e+01  4.524776927691e-01
    4550  9.100000000000e+01  4.467277004491e-01
    4600  9.200000000000e+01  4.374174998776e-01
    4650  9.300000000000e+01  4.245803551198e-01
    4700  9.400000000000e+01  4.083130230874e-01
    4750  9.500000000000e+01  3.887786373985e-01
    4800  9.600000000000e+01  3.662094644872e-01
    4850  9.700000000000e+01  3.409085466250e-01
    4900  9.800000000000e+01  3.132507182342e-01
    4950  9.900000000000e+01  2.836822783574e-01
    5000  1.000000000000e+02  2.527191691340e-01
    5050  1.010000000000e+02  2.209439534575e-01
    5100  1.020000000000e+02  1.890011716112e-01
    5150  1.030000000000e+02  1.575914032585e-01
    5200  1.040000000000e+02  1.274630943737e-01
    5250  1.050000000000e+02  9.940239261555e-02
    5300  1.060000000000e+02  7.422134746185e-02
    5350  1.070000000000e+02  5.274464538926e-02
    5400  1.080000000000e+02  3.579455001766e-02
    5450  1.090000000000e+02  2.417439761818e-02
    5500  1.100000000000e+02  1.865060923498e-02
    5550  1.110000000000e+02  1.993442853425e-02
    5600  1.120000000000e+02  2.866354379454e-02
    5650  1.130000000000e+02  4.538437743306e-02
    5700  1.140000000000e+02  7.053500264595e-02
    5750  1.150000000000e+02  1.044306224143e-01
    5800  1.160000000000e+02  1.472502344323e-01
    5850  1.170000000000e+02  1.990262444994e-01
    5900  1.180000000000e+02  2.596370901985e-01
    5950  1.190000000000e+02  3.288024285484e-01
    6000  1.200000000000e+02  4.060826425724e-01
    6050  1.210000000000e+02  4.908822858467e-01
    6100  1.220000000000e+02  5.824549489970e-01
    6150  1.230000000000e+02  6.799149365235e-01
    6200  1.240000000000e+02  7.822494761172e-01
    6250  1.250000000000e+02  8.883359957310e-01
    6300  1.260000000000e+02  9.969628466341e-01
    6350  1.270000000000e+02  1.106852198610e+00
    6400  1.280000000000e+02  1.216687962084e+00
    6450  1.290000000000e+02  1.325140243610e+00
    6500  1.300000000000e+02  1.430897560188e+00
    6550  1.310000000000e+02  1.532684409739e+00
    6600  1.320000000000e+02  1.629287288046e+00
    6650  1.330000000000e+02  1.719560634389e+00
    6700  1.340000000000e+02  1.802440553825e+00
    6750  1.350000000000e+02  1.876942452271e+00
    6800  1.360000000000e+02  1.942158611615e+00
    6850  1.370000000000e+02  1.997255809400e+00
    6900  1.380000000000e+02  2.041476925982e+00
    6950  1.390000000000e+02  2.074145594154e+00
    7000  1.400000000000e+02  2.094677607002e+00
    7050  1.410000000000e+02  2.102596226571e+00
    7100  1.420000000000e+02  2.097550537537e+00
    7150  1.430000000000e+02  2.079331835402e+00
    7200  1.440000000000e+02  2.047889811554e+00
    7250  1.450000000000e+02  2.003341920445e+00
    7300  1.460000000000e+02  1.945976873835e+00
    7350  1.470000000000e+02  1.876255977265e+00
    7400  1.480000000000e+02  1.794811800771e+00
    7450  1.490000000000e+02  1.702449720702e+00
    7500  1.500000000000e+02  1.600152114334e+00
    7550  1.510000000000e+02  1.489089623205e+00
    7600  1.520000000000e+02  1.370629498275e+00
    7650  1.530000000000e+02  1.246347970706e+00
    7700  1.540000000000e+02  1.118029982081e+00
    7750  1.550000000000e+02  9.876606932131e-01
    7800  1.560000000000e+02  8.574027725466e-01
    7850  1.570000000000e+02  7.295620488203e-01
    7900  1.580000000000e+02  6.065455639985e-01
    7950  1.590000000000e+02  4.908203767384e-01
    8000  1.600000000000e+02  3.848728143349e-01
    8050  1.610000000000e+02  2.911684656185e-01
    8100  1.620000000000e+02  2.121108894663e-01
    8150  1.630000000000e+02  1.499934880207e-01
    8200  1.640000000000e+02  1.069434206426e-01
    8250  1.650000000000e+02  8.485795498383e-02
    8300  1.660000000000e+02  8.533513007975e-02
    8350  1.670000000000e+02  1.095975563272e-01
    8400  1.680000000000e+02  1.584100165717e-01
    8450  1.690000000000e+02  2.319979386838e-01
    8500  1.700000000000e+02  3.299871983995e-01
    8550  1.710000000000e+02  4.513929480230e-01
    8600  1.720000000000e+02  5.946758268083e-01
    8650  1.730000000000e+02  7.578562904808e-01
    8700  1.740000000000e+02  9.386490398619e-01
    8750  1.750000000000e+02  1.134570757246e+00
    8800  1.760000000000e+02  1.342989139168e+00
    8850  1.770000000000e+02  1.561126523266e+00
    8900  1.780000000000e+02  1.786066962193e+00
    8950  1.790000000000e+02  2.014829443040e+00
    9000  1.800000000000e+02  2.244531252413e+00
    9050  1.810000000000e+02  2.472521529848e+00
    9100  1.820000000000e+02  2.696300880866e+00
    9150  1.830000000000e+02  2.913234903545e+00
    9200  1.840000000000e+02  3.120381494773e+00
    9250  1.850000000000e+02  3.314777236142e+00
    9300  1.860000000000e+02  3.494040669691e+00
    9350  1.870000000000e+02  3.656735395312e+00
    9400  1.880000000000e+02  3.802185269226e+00
    9450  1.890000000000e+02  3.930036173706e+00
    9500  1.900000000000e+02  4.039921105178e+00
    9550  1.910000000000e+02  4.131123658630e+00
    9600  1.920000000000e+02  4.202233448587e+00
    9650  1.930000000000e+02  4.251206999543e+00
    9700  1.940000000000e+02  4.276111374950e+00
    9750  1.950000000000e+02  4.275908469480e+00
    9800  1.960000000000e+02  4.250517794006e+00
    9850  1.970000000000e+02  4.200351140522e+00
    9900  1.980000000000e+02  4.126073496605e+00
    9950  1.990000000000e+02  4.028732384170e+00
   10000  2.000000000000e+02  3.909767439465e+00
   10050  2.010000000000e+02  3.770723240512e+00
   10100  2.020000000000e+02  3.612994146554e+00
   10150  2.030000000000e+02  3.437834629478e+00
   10200  2.040000000000e+02  3.246493468460e+00
   10250  2.050000000000e+02  3.040359523809e+00
   10300  2.060000000000e+02  2.821153602759e+00
   10350  2.070000000000e+02  2.591084845088e+00
   10400  2.080000000000e+02  2.352797557097e+00
   10450  2.090000000000e+02  2.109240132342e+00
   10500  2.100000000000e+02  1.863753147502e+00
   10550  2.110000000000e+02  1.620325100205e+00
   10600  2.120000000000e+02  1.383600878401e+00
   10650  2.130000000000e+02  1.158425333011e+00
   10700  2.140000000000e+02  9.492734903536e-01
   10750  2.150000000000e+02  7.600180293029e-01
   10800  2.160000000000e+02  5.940267733546e-01
   10850  2.170000000000e+02  4.543505703075e-01
   10900  2.180000000000e+02  3.439211309547e-01
   10950  2.190000000000e+02  2.657065639314e-01
   11000  2.200000000000e+02  2.226239036077e-01
   11050  2.210000000000e+02  2.171546259647e-01
   11100  2.220000000000e+02  2.508855895544e-01
   11150  2.230000000000e+02  3.240667396157e-01
   11200  2.240000000000e+02  4.352694831499e-01
   11250  2.250000000000e+02  5.814418590342e-01
   11300  2.260000000000e+02  7.585645713056e-01
   11350  2.270000000000e+02  9.627948938956e-01
   11400  2.280000000000e+02  1.191350964234e+00
   11450  2.290000000000e+02  1.442085574037e+00
   11500  2.300000000000e+02  1.711912940234e+00
   11550  2.310000000000e+02  1.995817830031e+00
   11600  2.320000000000e+02  2.287672854538e+00
   11650  2.330000000000e+02  2.582161415205e+00
   11700  2.340000000000e+02  2.875565353384e+00
   11750  2.350000000000e+02  3.164270776775e+00
   11800  2.360000000000e+02  3.443349043937e+00
   11850  2.370000000000e+02  3.707790143388e+00
   11900  2.380000000000e+02  3.955862672279e+00
   11950  2.390000000000e+02  4.189768923309e+00
   12000  2.400000000000e+02  4.410668035221e+00
   12050  2.410000000000e+02  4.615723568157e+00
   12100  2.420000000000e+02  4.801254424278e+00
   12150  2.430000000000e+02  4.963913428078e+00
   12200  2.440000000000e+02  5.098712857328e+00
   12250  2.450000000000e+02  5.201462169230e+00
   12300  2.460000000000e+02  5.273295955221e+00
   12350  2.470000000000e+02  5.318240007061e+00
   12400  2.480000000000e+02  5.337869614597e+00
   12450  2.490000000000e+02  5.331709631080e+00
   12500  2.500000000000e+02  5.300035520026e+00
   12550  2.510000000000e+02  5.243722396625e+00
   12600  2.520000000000e+02  5.162499286821e+00
   12650  2.530000000000e+02  5.054637477670e+00
   12700  2.540000000000e+02  4.919026115859e+00
   12750  2.550000000000e+02  4.756613305417e+00
   12800  2.560000000000e+02  4.569487950126e+00
   12850  2.570000000000e+02  4.359802667194e+00
   12900  2.580000000000e+02  4.129786908489e+00
   12950  2.590000000000e+02  3.882668219669e+00
   13000  2.600000000000e+02  3.623179166048e+00
   13050  2.610000000000e+02  3.356596739301e+00
   13100  2.620000000000e+02  3.086322648285e+00
   13150  2.630000000000e+02  2.812633827625e+00
   13200  2.640000000000e+02  2.534612138931e+00
   13250  2.650000000000e+02  2.253111904527e+00
   13300  2.660000000000e+02  1.971705841129e+00
   13350  2.670000000000e+02  1.695754010795e+00
   13400  2.680000000000e+02  1.432161287853e+00
   13450  2.690000000000e+02  1.188786011750e+00
   13500  2.700000000000e+02  9.721730898122e-01
   13550  2.710000000000e+02  7.862681612849e-01
   13600  2.720000000000e+02  6.328799353403e-01
   13650  2.730000000000e+02  5.130249332673e-01
   13700  2.740000000000e+02  4.278752564709e-01
   13750  2.750000000000e+02  3.787632859549e-01
   13800  2.760000000000e+02  3.670885735978e-01
   13850  2.770000000000e+02  3.938089038800e-01
   13900  2.780000000000e+02  4.588610951176e-01
   13950  2.790000000000e+02  5.611067627473e-01
   14000  2.800000000000e+02  6.980335830985e-01
   14050  2.810000000000e+02  8.650422869310e-01
   14100  2.820000000000e+02  1.056556517058e+00
   14150  2.830000000000e+02  1.268090721483e+00
   14200  2.840000000000e+02  1.496551845284e+00
   14250  2.850000000000e+02  1.739450727050e+00
   14300  2.860000000000e+02  1.993659333188e+00
   14350  2.870000000000e+02  2.252762485108e+00
   14400  2.880000000000e+02  2.508582099112e+00
   14450  2.890000000000e+02  2.754664752445e+00
   14500  2.900000000000e+02  2.988472376201e+00
   14550  2.910000000000e+02  3.210188612406e+00
   14600  2.920000000000e+02  3.418963587211e+00
   14650  2.930000000000e+02  3.612921415822e+00
   14700  2.940000000000e+02  3.790724204297e+00
   14750  2.950000000000e+02  3.951692583784e+00
   14800  2.960000000000e+02  4.096341487556e+00
   14850  2.970000000000e+02  4.226191538864e+00
   14900  2.980000000000e+02  4.340720641969e+00
   14950  2.990000000000e+02  4.436443592009e+00
   15000  3.000000000000e+02  4.505913834322e+00
   15050  3.010000000000e+02  4.541861369576e+00
   15100  3.020000000000e+02  4.541478251757e+00
   15150  3.030000000000e+02  4.509945633026e+00
   15200  3.040000000000e+02  4.458207971744e+00
   15250  3.050000000000e+02  4.395921080581e+00
   15300  3.060000000000e+02  4.324873285669e+00
   15350  3.070000000000e+02  4.239978023639e+00
   15400  3.080000000000e+02  4.135305382551e+00
   15450  3.090000000000e+02  4.008899428255e+00
   15500  3.100000000000e+02  3.862507760469e+00
   15550  3.110000000000e+02  3.696339617025e+00
   15600  3.120000000000e+02  3.510038349844e+00
   15650  3.130000000000e+02  3.305166521127e+00
   15700  3.140000000000e+02  3.084512273718e+00
   15750  3.150000000000e+02  2.853954779573e+00
   15800  3.160000000000e+02  2.622846871461e+00
   15850  3.170000000000e+02  2.397372699113e+00
   15900  3.180000000000e+02  2.177507147725e+00
   15950  3.190000000000e+02  1.960383600168e+00
   16000  3.200000000000e+02  1.745172362355e+00
   16050  3.210000000000e+02  1.535831252270e+00
   16100  3.220000000000e+02  1.338019989013e+00
   16150  3.230000000000e+02  1.155707065797e+00
   16200  3.240000000000e+02  9.916551376326e-01
   16250  3.250000000000e+02  8.470508921900e-01
   16300  3.260000000000e+02  7.214873248730e-01
   16350  3.270000000000e+02  6.154736250477e-01
   16400  3.280000000000e+02  5.306730004008e-01
   16450  3.290000000000e+02  4.693023132010e-01
   16500  3.300000000000e+02  4.327792502373e-01
   16550  3.310000000000e+02  4.212951175907e-01
   16600  3.320000000000e+02  4.340335328316e-01
   16650  3.330000000000e+02  4.692301138910e-01
   16700  3.340000000000e+02  5.246830657448e-01
   16750  3.350000000000e+02  5.979716789747e-01
   16800  3.360000000000e+02  6.867571964861e-01
   16850  3.370000000000e+02  7.897390553456e-01
   16900  3.380000000000e+02  9.062650760183e-01
   16950  3.390000000000e+02  1.034532601783e+00
   17000  3.400000000000e+02  1.169493930767e+00
   17050  3.410000000000e+02  1.306163153649e+00
   17100  3.420000000000e+02  1.443087979005e+00
   17150  3.430000000000e+02  1.577461665301e+00
   17200  3.440000000000e+02  1.704883378932e+00
   17250  3.450000000000e+02  1.822328106945e+00
   17300  3.460000000000e+02  1.931665640637e+00
   17350  3.470000000000e+02  2.034452326805e+00
   17400  3.480000000000e+02  2.129523760558e+00
   17450  3.490000000000e+02  2.215686480102e+00
   17500  3.500000000000e+02  2.293135409000e+00
   17550  3.510000000000e+02  2.363988012155e+00
   17600  3.520000000000e+02  2.427193768733e+00
   17650  3.530000000000e+02  2.477602420936e+00
   17700  3.540000000000e+02  2.512773001313e+00
   17750  3.550000000000e+02  2.531812776601e+00
   17800  3.560000000000e+02  2.532443005427e+00
   17850  3.570000000000e+02  2.514927140308e+00
   17900  3.580000000000e+02  2.482423148695e+00
   17950  3.590000000000e+02  2.438716067847e+00
   18000  3.600000000000e+02  2.384601402555e+00
   18050  3.610000000000e+02  2.320434745387e+00
   18100  3.620000000000e+02  2.248880666592e+00
   18150  3.630000000000e+02  2.171790178344e+00
   18200  3.640000000000e+02  2.088795592869e+00
   18250  3.650000000000e+02  1.998023951408e+00
   18300  3.660000000000e+02  1.898883095559e+00
   18350  3.670000000000e+02  1.792972193876e+00
   18400  3.680000000000e+02  1.682269680792e+00
   18450  3.690000000000e+02  1.569428873411e+00
   18500  3.700000000000e+02  1.454746791441e+00
   18550  3.710000000000e+02  1.339324126654e+00
   18600  3.720000000000e+02  1.226071043269e+00
   18650  3.730000000000e+02  1.117324108304e+00
   18700  3.740000000000e+02  1.014811981030e+00
   18750  3.750000000000e+02  9.206363110478e-01
   18800  3.760000000000e+02  8.351511993962e-01
   18850  3.770000000000e+02  7.563384784251e-01
   18900  3.780000000000e+02  6.832390187624e-01
   18950  3.790000000000e+02  6.166894437853e-01
   19000  3.800000000000e+02  5.574727579588e-01
   19050  3.810000000000e+02  5.069360039865e-01
   19100  3.820000000000e+02  4.658762875615e-01
   19150  3.830000000000e+02  4.345832318806e-01
   19200  3.840000000000e+02  4.129650585894e-01
   19250  3.850000000000e+02  4.003849739948e-01
   19300  3.860000000000e+02  3.958171970133e-01
   19350  3.870000000000e+02  3.985632604704e-01
   19400  3.880000000000e+02  4.079327357496e-01
   19450  3.890000000000e+02  4.230578596185e-01
   19500  3.900000000000e+02  4.433002767354e-01
   19550  3.910000000000e+02  4.679813528566e-01
   19600  3.920000000000e+02  4.965939201225e-01
   19650  3.930000000000e+02  5.286065627649e-01
   19700  3.940000000000e+02  5.626601733203e-01
   19750  3.950000000000e+02  5.980103573740e-01
   19800  3.960000000000e+02  6.346166760217e-01
   19850  3.970000000000e+02  6.716240458376e-01
   19900  3.980000000000e+02  7.081055034691e-01
   19950  3.990000000000e+02  7.419166514405e-01
   20000  4.000000000000e+02  7.716574826693e-01
   20050  4.010000000000e+02  7.983741201770e-01
   20100  4.020000000000e+02  8.216746960311e-01
   20150  4.030000000000e+02  8.410361085702e-01
   20200  4.040000000000e+02  8.569226134040e-01
   20250  4.050000000000e+02  8.699901209209e-01
   20300  4.060000000000e+02  8.801205451537e-01
   20350  4.070000000000e+02  8.867369647391e-01
   20400  4.080000000000e+02  8.890752699189e-01
   20450  4.090000000000e+02  8.856586380352e-01
   20500  4.100000000000e+02  8.764995863605e-01
   20550  4.110000000000e+02  8.632721466712e-01
   20600  4.120000000000e+02  8.478029499592e-01
   20650  4.130000000000e+02  8.312681685736e-01
   20700  4.140000000000e+02  8.131892260034e-01
   20750  4.150000000000e+02  7.932580776947e-01
   20800  4.160000000000e+02  7.721819895231e-01
   20850  4.170000000000e+02  7.491236541842e-01
   20900  4.180000000000e+02  7.241826751265e-01
   20950  4.190000000000e+02  6.984049419404e-01
   21000  4.200000000000e+02  6.722996358100e-01
   21050  4.210000000000e+02  6.461356308646e-01
   21100  4.220000000000e+02  6.203807118469e-01
   21150  4.230000000000e+02  5.953027267826e-01
   21200  4.240000000000e+02  5.707028269361e-01
   21250  4.250000000000e+02  5.468446806310e-01
   21300  4.260000000000e+02  5.247019845348e-01
   21350  4.270000000000e+02  5.047111856314e-01
   21400  4.280000000000e+02  4.868909159836e-01
   21450  4.290000000000e+02  4.709334183642e-01
   21500  4.300000000000e+02  4.564292957606e-01
   21550  4.310000000000e+02  4.432434938990e-01
   21600  4.320000000000e+02  4.316114788118e-01
   21650  4.330000000000e+02  4.213695404349e-01
   21700  4.340000000000e+02  4.125290999940e-01
   21750  4.350000000000e+02  4.053429611851e-01
   21800  4.360000000000e+02  3.996202921034e-01
   21850  4.370000000000e+02  3.951633315542e-01
   21900  4.380000000000e+02  3.918316638501e-01
   21950  4.390000000000e+02  3.894477921628e-01
   22000  4.400000000000e+02  3.879966828905e-01
   22050  4.410000000000e+02  3.874026383579e-01
   22100  4.420000000000e+02  3.874474437414e-01
   22150  4.430000000000e+02  3.880004811122e-01
   22200  4.440000000000e+02  3.889923138244e-01
   22250  4.450000000000e+02  3.904314033739e-01
   22300  4.460000000000e+02  3.923154186909e-01
   22350  4.470000000000e+02  3.944641126633e-01
   22400  4.480000000000e+02  3.966469022191e-01
   22450  4.490000000000e+02  3.987659830816e-01
   22500  4.500000000000e+02  4.008490250851e-01
   22550  4.510000000000e+02  4.028495762690e-01
   22600  4.520000000000e+02  4.044408895604e-01
   22650  4.530000000000e+02  4.056237471780e-01
   22700  4.540000000000e+02  4.066145298250e-01
   22750  4.550000000000e+02  4.073862147899e-01
   22800  4.560000000000e+02  4.079273977620e-01
   22850  4.570000000000e+02  4.082636739579e-01
   22900  4.580000000000e+02  4.083697470765e-01
   22950  4.590000000000e+02  4.080573709741e-01
   23000  4.600000000000e+02  4.073630251810e-01
   23050  4.610000000000e+02  4.062229120299e-01
   23100  4.620000000000e+02  4.045436122620e-01
   23150  4.630000000000e+02  4.025139481592e-01
   23200  4.640000000000e+02  4.003203021034e-01
   23250  4.650000000000e+02  3.981063570872e-01
   23300  4.660000000000e+02  3.961435617605e-01
   23350  4.670000000000e+02  3.946671062509e-01
   23400  4.680000000000e+02  3.937471691656e-01
   23450  4.690000000000e+02  3.931163497600e-01
   23500  4.700000000000e+02  3.924498207500e-01
   23550  4.710000000000e+02  3.917658558659e-01
   23600  4.720000000000e+02  3.911564192313e-01
   23650  4.730000000000e+02  3.904684979577e-01
   23700  4.740000000000e+02  3.896706892539e-01
   23750  4.750000000000e+02  3.889462875989e-01
   23800  4.760000000000e+02  3.882835027866e-01
   23850  4.770000000000e+02  3.876967629806e-01
   23900  4.780000000000e+02  3.872495113575e-01
   23950  4.790000000000e+02  3.868804280401e-01
   24000  4.800000000000e+02  3.865465501011e-01
   24050  4.810000000000e+02  3.862840977150e-01
   24100  4.820000000000e+02  3.862145884834e-01
   24150  4.830000000000e+02  3.862751837714e-01
   24200  4.840000000000e+02  3.863223504549e-01
   24250  4.850000000000e+02  3.863064459690e-01
   24300  4.860000000000e+02  3.862264729060e-01
   24350  4.870000000000e+02  3.861129140024e-01
   24400  4.880000000000e+02  3.859989119042e-01
   24450  4.890000000000e+02  3.858783708921e-01
   24500  4.900000000000e+02  3.857471328340e-01
   24550  4.910000000000e+02  3.856639617128e-01
   24600  4.920000000000e+02  3.856850472457e-01
   24650  4.930000000000e+02  3.857964338472e-01
   24700  4.940000000000e+02  3.859224566583e-01
   24750  4.950000000000e+02  3.860205979739e-01
   24800  4.960000000000e+02  3.860861037176e-01
   24850  4.970000000000e+02  3.860967705532e-01
   24900  4.980000000000e+02  3.860544484734e-01
   24950  4.990000000000e+02  3.859598547189e-01
   25000  5.000000000000e+02  3.858012905562e-01
   25050  5.010000000000e+02  3.856716931226e-01
   25100  5.020000000000e+02  3.856224794565e-01
   25150  5.030000000000e+02  3.856299376571e-01
   25200  5.040000000000e+02  3.857051550656e-01
   25250  5.050000000000e+02  3.857954741977e-01
   25300  5.060000000000e+02  3.858590437414e-01
   25350  5.070000000000e+02  3.859007632538e-01
   25400  5.080000000000e+02  3.858953193650e-01
   25450  5.090000000000e+02  3.858543997848e-01
   25500  5.100000000000e+02  3.858300155240e-01
   25550  5.110000000000e+02  3.858311950904e-01
   25600  5.120000000000e+02  3.858394137494e-01
   25650  5.130000000000e+02  3.858507772068e-01
   25700  5.140000000000e+02  3.858542841336e-01
   25750  5.150000000000e+02  3.858622704254e-01
   25800  5.160000000000e+02  3.858860056791e-01
   25850  5.170000000000e+02  3.859095400985e-01
   25900  5.180000000000e+02  3.859330447504e-01
   25950  5.190000000000e+02  3.859550034257e-01
   26000  5.200000000000e+02  3.859594108295e-01
   26050  5.210000000000e+02  3.859266406265e-01
   26100  5.220000000000e+02  3.858724280871e-01
   26150  5.230000000000e+02  3.858597293674e-01
   26200  5.240000000000e+02  3.859079574417e-01
   26250  5.250000000000e+02  3.859684964028e-01
   26300  5.260000000000e+02  3.859944352697e-01
   26350  5.270000000000e+02  3.859957894998e-01
   26400  5.280000000000e+02  3.859552567057e-01
   26450  5.290000000000e+02  3.858736543682e-01
   26500  5.300000000000e+02  3.857992130613e-01
   26550  5.310000000000e+02  3.857201735718e-01
   26600  5.320000000000e+02  3.856354293219e-01
   26650  5.330000000000e+02  3.855906243195e-01
   26700  5.340000000000e+02  3.855995952943e-01
   26750  5.350000000000e+02  3.856409904478e-01
   26800  5.360000000000e+02  3.857292299540e-01
   26850  5.370000000000e+02  3.858745802882e-01
   26900  5.380000000000e+02  3.860264957046e-01
   26950  5.390000000000e+02  3.861201337403e-01
   27000  5.400000000000e+02  3.861394719013e-01
   27050  5.410000000000e+02  3.861136615533e-01
   27100  5.420000000000e+02  3.860758216067e-01
   27150  5.430000000000e+02  3.860257676730e-01
   27200  5.440000000000e+02  3.859391397466e-01
   27250  5.450000000000e+02  3.857876427763e-01
   27300  5.460000000000e+02  3.856134284644e-01
   27350  5.470000000000e+02  3.855557606328e-01
   27400  5.480000000000e+02  3.856869771521e-01
   27450  5.490000000000e+02  3.859069305769e-01
   27500  5.500000000000e+02  3.860380779785e-01
   27550  5.510000000000e+02  3.860131003476e-01
   27600  5.520000000000e+02  3.858947602043e-01
   27650  5.530000000000e+02  3.857709514177e-01
   27700  5.540000000000e+02  3.856845150310e-01
   27750  5.550000000000e+02  3.856469163145e-01
   27800  5.560000000000e+02  3.856406451445e-01
