################################################################################
# HEADER
# nspin         1
#%
# nik       217
#  st         1      26
# ust         1      26
# Iter             t            #  iter t Nex(t)  
################################################################################
       0  0.000000000000e+00 -2.560451850542e-15
      50  1.000000000000e+00  1.168676336261e-10
     100  2.000000000000e+00  2.314834920969e-10
     150  3.000000000000e+00  9.016184535082e-10
     200  4.000000000000e+00  4.684784324360e-09
     250  5.000000000000e+00  1.927909289157e-08
     300  6.000000000000e+00  6.225351841666e-08
     350  7.000000000000e+00  1.665055808994e-07
     400  8.000000000000e+00  3.875705706993e-07
     450  9.000000000000e+00  8.102842041433e-07
     500  1.000000000000e+01  1.554808541693e-06
     550  1.100000000000e+01  2.780482356107e-06
     600  1.200000000000e+01  4.687632054391e-06
     650  1.300000000000e+01  7.517699980301e-06
     700  1.400000000000e+01  1.155496656379e-05
     750  1.500000000000e+01  1.712412581532e-05
     800  1.600000000000e+01  2.458725215439e-05
     850  1.700000000000e+01  3.433588743095e-05
     900  1.800000000000e+01  4.678254828143e-05
     950  1.900000000000e+01  6.234630698666e-05
    1000  2.000000000000e+01  8.143025624804e-05
    1050  2.100000000000e+01  1.044003076381e-04
    1100  2.200000000000e+01  1.315649174991e-04
    1150  2.300000000000e+01  1.631520810688e-04
    1200  2.400000000000e+01  1.992923522932e-04
    1250  2.500000000000e+01  2.400035349713e-04
    1300  2.600000000000e+01  2.851660657439e-04
    1350  2.700000000000e+01  3.345178507218e-04
    1400  2.800000000000e+01  3.876462120601e-04
    1450  2.900000000000e+01  4.439758203460e-04
    1500  3.000000000000e+01  5.027591801546e-04
    1550  3.100000000000e+01  5.630667701144e-04
    1600  3.200000000000e+01  6.237933678226e-04
    1650  3.300000000000e+01  6.836689782329e-04
    1700  3.400000000000e+01  7.412772062217e-04
    1750  3.500000000000e+01  7.950965273534e-04
    1800  3.600000000000e+01  8.435318315404e-04
    1850  3.700000000000e+01  8.849591933651e-04
    1900  3.800000000000e+01  9.177881226042e-04
    1950  3.900000000000e+01  9.405328919688e-04
    2000  4.000000000000e+01  9.518790894966e-04
    2050  4.100000000000e+01  9.507454216910e-04
    2100  4.200000000000e+01  9.363412812778e-04
    2150  4.300000000000e+01  9.082477483126e-04
    2200  4.400000000000e+01  8.664724246755e-04
    2250  4.500000000000e+01  8.115166463151e-04
    2300  4.600000000000e+01  7.444352231753e-04
    2350  4.700000000000e+01  6.668847813651e-04
    2400  4.800000000000e+01  5.811711784614e-04
    2450  4.900000000000e+01  4.902804090964e-04
    2500  5.000000000000e+01  3.978928415816e-04
    2550  5.100000000000e+01  3.083847280006e-04
    2600  5.200000000000e+01  2.268094877390e-04
    2650  5.300000000000e+01  1.588574938389e-04
    2700  5.400000000000e+01  1.108093080597e-04
    2750  5.500000000000e+01  8.945990685886e-05
    2800  5.600000000000e+01  1.020289337237e-04
    2850  5.700000000000e+01  1.560497600467e-04
    2900  5.800000000000e+01  2.592415055555e-04
    2950  5.900000000000e+01  4.193564164078e-04
    3000  6.000000000000e+01  6.440148930475e-04
    3050  6.100000000000e+01  9.405256168529e-04
    3100  6.200000000000e+01  1.315696610481e-03
    3150  6.300000000000e+01  1.775648321041e-03
    3200  6.400000000000e+01  2.325617235507e-03
    3250  6.500000000000e+01  2.969755807698e-03
    3300  6.600000000000e+01  3.710949038909e-03
    3350  6.700000000000e+01  4.550652174175e-03
    3400  6.800000000000e+01  5.488735706940e-03
    3450  6.900000000000e+01  6.523335913221e-03
    3500  7.000000000000e+01  7.650722480519e-03
    3550  7.100000000000e+01  8.865201199686e-03
    3600  7.200000000000e+01  1.015908559111e-02
    3650  7.300000000000e+01  1.152266325402e-02
    3700  7.400000000000e+01  1.294425224555e-02
    3750  7.500000000000e+01  1.441023353996e-02
    3800  7.600000000000e+01  1.590514172040e-02
    3850  7.700000000000e+01  1.741184544475e-02
    3900  7.800000000000e+01  1.891176137355e-02
    3950  7.900000000000e+01  2.038508978350e-02
    4000  8.000000000000e+01  2.181108156999e-02
    4050  8.100000000000e+01  2.316829941335e-02
    4100  8.200000000000e+01  2.443499539201e-02
    4150  8.300000000000e+01  2.558951596944e-02
    4200  8.400000000000e+01  2.661067065097e-02
    4250  8.500000000000e+01  2.747819077002e-02
    4300  8.600000000000e+01  2.817312673185e-02
    4350  8.700000000000e+01  2.867834851204e-02
    4400  8.800000000000e+01  2.897906023999e-02
    4450  8.900000000000e+01  2.906317262035e-02
    4500  9.000000000000e+01  2.892175115265e-02
    4550  9.100000000000e+01  2.854933971368e-02
    4600  9.200000000000e+01  2.794434786653e-02
    4650  9.300000000000e+01  2.710935394595e-02
    4700  9.400000000000e+01  2.605128135770e-02
    4750  9.500000000000e+01  2.478155535226e-02
    4800  9.600000000000e+01  2.331620260893e-02
    4850  9.700000000000e+01  2.167593597264e-02
    4900  9.800000000000e+01  1.988613708806e-02
    4950  9.900000000000e+01  1.797671695869e-02
    5000  1.000000000000e+02  1.598188876627e-02
    5050  1.010000000000e+02  1.393985492443e-02
    5100  1.020000000000e+02  1.189244729335e-02
    5150  1.030000000000e+02  9.884648062177e-03
    5200  1.040000000000e+02  7.964002586599e-03
    5250  1.050000000000e+02  6.179929530099e-03
    5300  1.060000000000e+02  4.583012090802e-03
    5350  1.070000000000e+02  3.224217612864e-03
    5400  1.080000000000e+02  2.154077349965e-03
    5450  1.090000000000e+02  1.421793718598e-03
    5500  1.100000000000e+02  1.074332570762e-03
    5550  1.110000000000e+02  1.155513389749e-03
    5600  1.120000000000e+02  1.705102675928e-03
    5650  1.130000000000e+02  2.757924542812e-03
    5700  1.140000000000e+02  4.343005824111e-03
    5750  1.150000000000e+02  6.482771615464e-03
    5800  1.160000000000e+02  9.192326405935e-03
    5850  1.170000000000e+02  1.247881895735e-02
    5900  1.180000000000e+02  1.634089771899e-02
    5950  1.190000000000e+02  2.076830165927e-02
    6000  1.200000000000e+02  2.574162572449e-02
    6050  1.210000000000e+02  3.123221274958e-02
    6100  1.220000000000e+02  3.720216359536e-02
    6150  1.230000000000e+02  4.360451467996e-02
    6200  1.240000000000e+02  5.038355983896e-02
    6250  1.250000000000e+02  5.747538725046e-02
    6300  1.260000000000e+02  6.480851110820e-02
    6350  1.270000000000e+02  7.230467796480e-02
    6400  1.280000000000e+02  7.987979704600e-02
    6450  1.290000000000e+02  8.744497382126e-02
    6500  1.300000000000e+02  9.490778807611e-02
    6550  1.310000000000e+02  1.021735521729e-01
    6600  1.320000000000e+02  1.091466862080e-01
    6650  1.330000000000e+02  1.157321747820e-01
    6700  1.340000000000e+02  1.218370333649e-01
    6750  1.350000000000e+02  1.273717681623e-01
    6800  1.360000000000e+02  1.322518721296e-01
    6850  1.370000000000e+02  1.363992343311e-01
    6900  1.380000000000e+02  1.397435969364e-01
    6950  1.390000000000e+02  1.422238486479e-01
    7000  1.400000000000e+02  1.437892492578e-01
    7050  1.410000000000e+02  1.444006577993e-01
    7100  1.420000000000e+02  1.440314697342e-01
    7150  1.430000000000e+02  1.426684786530e-01
    7200  1.440000000000e+02  1.403125943395e-01
    7250  1.450000000000e+02  1.369794430735e-01
    7300  1.460000000000e+02  1.326996118312e-01
    7350  1.470000000000e+02  1.275188129062e-01
    7400  1.480000000000e+02  1.214978214952e-01
    7450  1.490000000000e+02  1.147121689762e-01
    7500  1.500000000000e+02  1.072515935068e-01
    7550  1.510000000000e+02  9.921929601165e-02
    7600  1.520000000000e+02  9.073088670456e-02
    7650  1.530000000000e+02  8.191312702938e-02
    7700  1.540000000000e+02  7.290244441644e-02
    7750  1.550000000000e+02  6.384315571489e-02
    7800  1.560000000000e+02  5.488560443210e-02
    7850  1.570000000000e+02  4.618405453004e-02
    7900  1.580000000000e+02  3.789447054914e-02
    7950  1.590000000000e+02  3.017210041522e-02
    8000  1.600000000000e+02  2.316910885398e-02
    8050  1.610000000000e+02  1.703211918572e-02
    8100  1.620000000000e+02  1.189977596909e-02
    8150  1.630000000000e+02  7.900354282744e-03
    8200  1.640000000000e+02  5.149400613041e-03
    8250  1.650000000000e+02  3.747559886489e-03
    8300  1.660000000000e+02  3.778564905185e-03
    8350  1.670000000000e+02  5.307451979293e-03
    8400  1.680000000000e+02  8.379030564958e-03
    8450  1.690000000000e+02  1.301664543535e-02
    8500  1.700000000000e+02  1.922125798177e-02
    8550  1.710000000000e+02  2.697086450150e-02
    8600  1.720000000000e+02  3.622026497295e-02
    8650  1.730000000000e+02  4.690120021001e-02
    8700  1.740000000000e+02  5.892286903906e-02
    8750  1.750000000000e+02  7.217283007668e-02
    8800  1.760000000000e+02  8.651827117834e-02
    8850  1.770000000000e+02  1.018076311711e-01
    8900  1.780000000000e+02  1.178724637509e-01
    8950  1.790000000000e+02  1.345296457638e-01
    9000  1.800000000000e+02  1.515838650144e-01
    9050  1.810000000000e+02  1.688302345366e-01
    9100  1.820000000000e+02  1.860570448085e-01
    9150  1.830000000000e+02  2.030486507172e-01
    9200  1.840000000000e+02  2.195885327946e-01
    9250  1.850000000000e+02  2.354624487524e-01
    9300  1.860000000000e+02  2.504614994734e-01
    9350  1.870000000000e+02  2.643851215474e-01
    9400  1.880000000000e+02  2.770439133117e-01
    9450  1.890000000000e+02  2.882625340885e-01
    9500  1.900000000000e+02  2.978823681863e-01
    9550  1.910000000000e+02  3.057639607349e-01
    9600  1.920000000000e+02  3.117892443266e-01
    9650  1.930000000000e+02  3.158633395650e-01
    9700  1.940000000000e+02  3.179162448576e-01
    9750  1.950000000000e+02  3.179042554729e-01
    9800  1.960000000000e+02  3.158108962376e-01
    9850  1.970000000000e+02  3.116476383056e-01
    9900  1.980000000000e+02  3.054540173081e-01
    9950  1.990000000000e+02  2.972977169582e-01
   10000  2.000000000000e+02  2.872741618511e-01
   10050  2.010000000000e+02  2.755055551656e-01
   10100  2.020000000000e+02  2.621397470112e-01
   10150  2.030000000000e+02  2.473486411587e-01
   10200  2.040000000000e+02  2.313262565092e-01
   10250  2.050000000000e+02  2.142865980589e-01
   10300  2.060000000000e+02  1.964610610258e-01
   10350  2.070000000000e+02  1.780955838359e-01
   10400  2.080000000000e+02  1.594474527870e-01
   10450  2.090000000000e+02  1.407820650136e-01
   10500  2.100000000000e+02  1.223693085639e-01
   10550  2.110000000000e+02  1.044798923367e-01
   10600  2.120000000000e+02  8.738145871715e-02
   10650  2.130000000000e+02  7.133457995563e-02
   10700  2.140000000000e+02  5.658883781353e-02
   10750  2.150000000000e+02  4.337886185187e-02
   10800  2.160000000000e+02  3.192059910501e-02
   10850  2.170000000000e+02  2.240774781972e-02
   10900  2.180000000000e+02  1.500845165048e-02
   10950  2.190000000000e+02  9.862491027231e-03
   11000  2.200000000000e+02  7.078777847772e-03
   11050  2.210000000000e+02  6.733345870467e-03
   11100  2.220000000000e+02  8.867813905890e-03
   11150  2.230000000000e+02  1.348838451679e-02
   11200  2.240000000000e+02  2.056539711782e-02
   11250  2.250000000000e+02  3.003345802556e-02
   11300  2.260000000000e+02  4.179212164061e-02
   11350  2.270000000000e+02  5.570725248203e-02
   11400  2.280000000000e+02  7.161278660812e-02
   11450  2.290000000000e+02  8.931315646037e-02
   11500  2.300000000000e+02  1.085861292745e-01
   11550  2.310000000000e+02  1.291859194915e-01
   11600  2.320000000000e+02  1.508467209142e-01
   11650  2.330000000000e+02  1.732865324911e-01
   11700  2.340000000000e+02  1.962112046922e-01
   11750  2.350000000000e+02  2.193186135731e-01
   11800  2.360000000000e+02  2.423029564734e-01
   11850  2.370000000000e+02  2.648590805957e-01
   11900  2.380000000000e+02  2.866868296141e-01
   11950  2.390000000000e+02  3.074953962284e-01
   12000  2.400000000000e+02  3.270074408476e-01
   12050  2.410000000000e+02  3.449631287447e-01
   12100  2.420000000000e+02  3.611239113038e-01
   12150  2.430000000000e+02  3.752758006107e-01
   12200  2.440000000000e+02  3.872323274828e-01
   12250  2.450000000000e+02  3.968371644616e-01
   12300  2.460000000000e+02  4.039661168890e-01
   12350  2.470000000000e+02  4.085284846789e-01
   12400  2.480000000000e+02  4.104682441924e-01
   12450  2.490000000000e+02  4.097642458013e-01
   12500  2.500000000000e+02  4.064301330804e-01
   12550  2.510000000000e+02  4.005138594269e-01
   12600  2.520000000000e+02  3.920965510205e-01
   12650  2.530000000000e+02  3.812913233369e-01
   12700  2.540000000000e+02  3.682417575290e-01
   12750  2.550000000000e+02  3.531199102783e-01
   12800  2.560000000000e+02  3.361241597237e-01
   12850  2.570000000000e+02  3.174770607803e-01
   12900  2.580000000000e+02  2.974223852498e-01
   12950  2.590000000000e+02  2.762223787679e-01
   13000  2.600000000000e+02  2.541545383311e-01
   13050  2.610000000000e+02  2.315079611542e-01
   13100  2.620000000000e+02  2.085796794493e-01
   13150  2.630000000000e+02  1.856707993788e-01
   13200  2.640000000000e+02  1.630823063537e-01
   13250  2.650000000000e+02  1.411109571372e-01
   13300  2.660000000000e+02  1.200449481859e-01
   13350  2.670000000000e+02  1.001597055912e-01
   13400  2.680000000000e+02  8.171381087988e-02
   13450  2.690000000000e+02  6.494513233677e-02
   13500  2.700000000000e+02  5.006726693129e-02
   13550  2.710000000000e+02  3.726629996349e-02
   13600  2.720000000000e+02  2.669798470640e-02
   13650  2.730000000000e+02  1.848549227762e-02
   13700  2.740000000000e+02  1.271768590184e-02
   13750  2.750000000000e+02  9.447994740624e-03
   13800  2.760000000000e+02  8.693838522247e-03
   13850  2.770000000000e+02  1.043664846926e-02
   13900  2.780000000000e+02  1.462246801135e-02
   13950  2.790000000000e+02  2.116310382793e-02
   14000  2.800000000000e+02  2.993776813838e-02
   14050  2.810000000000e+02  4.079524318748e-02
   14100  2.820000000000e+02  5.355643046157e-02
   14150  2.830000000000e+02  6.801727093581e-02
   14200  2.840000000000e+02  8.395203340920e-02
   14250  2.850000000000e+02  1.011168238940e-01
   14300  2.860000000000e+02  1.192532941320e-01
   14350  2.870000000000e+02  1.380926105320e-01
   14400  2.880000000000e+02  1.573593336865e-01
   14450  2.890000000000e+02  1.767753177978e-01
   14500  2.900000000000e+02  1.960635818056e-01
   14550  2.910000000000e+02  2.149518765043e-01
   14600  2.920000000000e+02  2.331763289603e-01
   14650  2.930000000000e+02  2.504848420180e-01
   14700  2.940000000000e+02  2.666403244560e-01
   14750  2.950000000000e+02  2.814237415056e-01
   14800  2.960000000000e+02  2.946372097582e-01
   14850  2.970000000000e+02  3.061066491670e-01
   14900  2.980000000000e+02  3.156843925560e-01
   14950  2.990000000000e+02  3.232515190782e-01
   15000  3.000000000000e+02  3.287193421751e-01
   15050  3.010000000000e+02  3.320305049354e-01
   15100  3.020000000000e+02  3.331593667775e-01
   15150  3.030000000000e+02  3.321114680127e-01
   15200  3.040000000000e+02  3.289224462471e-01
   15250  3.050000000000e+02  3.236566570872e-01
   15300  3.060000000000e+02  3.164051582042e-01
   15350  3.070000000000e+02  3.072837925670e-01
   15400  3.080000000000e+02  2.964310185180e-01
   15450  3.090000000000e+02  2.840055892461e-01
   15500  3.100000000000e+02  2.701840559927e-01
   15550  3.110000000000e+02  2.551581782024e-01
   15600  3.120000000000e+02  2.391319627470e-01
   15650  3.130000000000e+02  2.223187404084e-01
   15700  3.140000000000e+02  2.049381414264e-01
   15750  3.150000000000e+02  1.872128760239e-01
   15800  3.160000000000e+02  1.693658401989e-01
   15850  3.170000000000e+02  1.516171755740e-01
   15900  3.180000000000e+02  1.341814514672e-01
   15950  3.190000000000e+02  1.172649030237e-01
   16000  3.200000000000e+02  1.010627447355e-01
   16050  3.210000000000e+02  8.575655810926e-02
   16100  3.220000000000e+02  7.151197652665e-02
   16150  3.230000000000e+02  5.847642783031e-02
   16200  3.240000000000e+02  4.677716302484e-02
   16250  3.250000000000e+02  3.651964709795e-02
   16300  3.260000000000e+02  2.778631310824e-02
   16350  3.270000000000e+02  2.063576371939e-02
   16400  3.280000000000e+02  1.510248091885e-02
   16450  3.290000000000e+02  1.119697722410e-02
   16500  3.300000000000e+02  8.906383224802e-03
   16550  3.310000000000e+02  8.195433288531e-03
   16600  3.320000000000e+02  9.007796307638e-03
   16650  3.330000000000e+02  1.126764580490e-02
   16700  3.340000000000e+02  1.488143523902e-02
   16750  3.350000000000e+02  1.973984638080e-02
   16800  3.360000000000e+02  2.571990167691e-02
   16850  3.370000000000e+02  3.268717903956e-02
   16900  3.380000000000e+02  4.049817544362e-02
   16950  3.390000000000e+02  4.900267414695e-02
   17000  3.400000000000e+02  5.804605499107e-02
   17050  3.410000000000e+02  6.747162480448e-02
   17100  3.420000000000e+02  7.712271324818e-02
   17150  3.430000000000e+02  8.684462586002e-02
   17200  3.440000000000e+02  9.648642169523e-02
   17250  3.450000000000e+02  1.059024348448e-01
   17300  3.460000000000e+02  1.149536917308e-01
   17350  3.470000000000e+02  1.235091890949e-01
   17400  3.480000000000e+02  1.314471776111e-01
   17450  3.490000000000e+02  1.386564397759e-01
   17500  3.500000000000e+02  1.450377433985e-01
   17550  3.510000000000e+02  1.505052142824e-01
   17600  3.520000000000e+02  1.549877141762e-01
   17650  3.530000000000e+02  1.584301416808e-01
   17700  3.540000000000e+02  1.607942172923e-01
   17750  3.550000000000e+02  1.620589988013e-01
   17800  3.560000000000e+02  1.622209955914e-01
   17850  3.570000000000e+02  1.612937060479e-01
   17900  3.580000000000e+02  1.593067926668e-01
   17950  3.590000000000e+02  1.563051280617e-01
   18000  3.600000000000e+02  1.523475448396e-01
   18050  3.610000000000e+02  1.475055246800e-01
   18100  3.620000000000e+02  1.418618611629e-01
   18150  3.630000000000e+02  1.355089900550e-01
   18200  3.640000000000e+02  1.285472269587e-01
   18250  3.650000000000e+02  1.210828587069e-01
   18300  3.660000000000e+02  1.132258685555e-01
   18350  3.670000000000e+02  1.050878065426e-01
   18400  3.680000000000e+02  9.677969617753e-02
   18450  3.690000000000e+02  8.840996993635e-02
   18500  3.700000000000e+02  8.008274941759e-02
   18550  3.710000000000e+02  7.189643982780e-02
   18600  3.720000000000e+02  6.394250350815e-02
   18650  3.730000000000e+02  5.630463474163e-02
   18700  3.740000000000e+02  4.905793916917e-02
   18750  3.750000000000e+02  4.226830584428e-02
   18800  3.760000000000e+02  3.599184979600e-02
   18850  3.770000000000e+02  3.027443435884e-02
   18900  3.780000000000e+02  2.515133525683e-02
   18950  3.790000000000e+02  2.064710442636e-02
   19000  3.800000000000e+02  1.677570204112e-02
   19050  3.810000000000e+02  1.354082590849e-02
   19100  3.820000000000e+02  1.093650714963e-02
   19150  3.830000000000e+02  8.947854191979e-03
   19200  3.840000000000e+02  7.551871555377e-03
   19250  3.850000000000e+02  6.718359768855e-03
   19300  3.860000000000e+02  6.410817192085e-03
   19350  3.870000000000e+02  6.587342731190e-03
   19400  3.880000000000e+02  7.201574750818e-03
   19450  3.890000000000e+02  8.203673348129e-03
   19500  3.900000000000e+02  9.541365016297e-03
   19550  3.910000000000e+02  1.116099793685e-02
   19600  3.920000000000e+02  1.300861530985e-02
   19650  3.930000000000e+02  1.503094506271e-02
   19700  3.940000000000e+02  1.717624783070e-02
   19750  3.950000000000e+02  1.939504630774e-02
   19800  3.960000000000e+02  2.164070636118e-02
   19850  3.970000000000e+02  2.386977876930e-02
   19900  3.980000000000e+02  2.604227572594e-02
   19950  3.990000000000e+02  2.812185100556e-02
   20000  4.000000000000e+02  3.007587866600e-02
   20050  4.010000000000e+02  3.187555546848e-02
   20100  4.020000000000e+02  3.349596883080e-02
   20150  4.030000000000e+02  3.491619691592e-02
   20200  4.040000000000e+02  3.611943840141e-02
   20250  4.050000000000e+02  3.709301800978e-02
   20300  4.060000000000e+02  3.782833078282e-02
   20350  4.070000000000e+02  3.832076231129e-02
   20400  4.080000000000e+02  3.856946863127e-02
   20450  4.090000000000e+02  3.857708415295e-02
   20500  4.100000000000e+02  3.834948327143e-02
   20550  4.110000000000e+02  3.789552166157e-02
   20600  4.120000000000e+02  3.722678300828e-02
   20650  4.130000000000e+02  3.635746082502e-02
   20700  4.140000000000e+02  3.530418495038e-02
   20750  4.150000000000e+02  3.408587903706e-02
   20800  4.160000000000e+02  3.272347392822e-02
   20850  4.170000000000e+02  3.123952476631e-02
   20900  4.180000000000e+02  2.965773199490e-02
   20950  4.190000000000e+02  2.800247939567e-02
   21000  4.200000000000e+02  2.629825829428e-02
   21050  4.210000000000e+02  2.456916303417e-02
   21100  4.220000000000e+02  2.283849152861e-02
   21150  4.230000000000e+02  2.112827008534e-02
   21200  4.240000000000e+02  1.945891167737e-02
   21250  4.250000000000e+02  1.784896403394e-02
   21300  4.260000000000e+02  1.631479593074e-02
   21350  4.270000000000e+02  1.487041926188e-02
   21400  4.280000000000e+02  1.352731529085e-02
   21450  4.290000000000e+02  1.229432857014e-02
   21500  4.300000000000e+02  1.117763409502e-02
   21550  4.310000000000e+02  1.018079510480e-02
   21600  4.320000000000e+02  9.304853899700e-03
   21650  4.330000000000e+02  8.548525085433e-03
   21700  4.340000000000e+02  7.908421776782e-03
   21750  4.350000000000e+02  7.379317731073e-03
   21800  4.360000000000e+02  6.954456470475e-03
   21850  4.370000000000e+02  6.625856973005e-03
   21900  4.380000000000e+02  6.384591165638e-03
   21950  4.390000000000e+02  6.221061438852e-03
   22000  4.400000000000e+02  6.125258347251e-03
   22050  4.410000000000e+02  6.087000718610e-03
   22100  4.420000000000e+02  6.096168817147e-03
   22150  4.430000000000e+02  6.142920392972e-03
   22200  4.440000000000e+02  6.217890276448e-03
   22250  4.450000000000e+02  6.312366322711e-03
   22300  4.460000000000e+02  6.418437805624e-03
   22350  4.470000000000e+02  6.529103253121e-03
   22400  4.480000000000e+02  6.638334064097e-03
   22450  4.490000000000e+02  6.741105036664e-03
   22500  4.500000000000e+02  6.833396350872e-03
   22550  4.510000000000e+02  6.912154460925e-03
   22600  4.520000000000e+02  6.975242112390e-03
   22650  4.530000000000e+02  7.021384313588e-03
   22700  4.540000000000e+02  7.050099564969e-03
   22750  4.550000000000e+02  7.061619035356e-03
   22800  4.560000000000e+02  7.056800510846e-03
   22850  4.570000000000e+02  7.037009589053e-03
   22900  4.580000000000e+02  7.003998911141e-03
   22950  4.590000000000e+02  6.959766948475e-03
   23000  4.600000000000e+02  6.906414201770e-03
   23050  4.610000000000e+02  6.846028449353e-03
   23100  4.620000000000e+02  6.780581377167e-03
   23150  4.630000000000e+02  6.711850120076e-03
   23200  4.640000000000e+02  6.641394061066e-03
   23250  4.650000000000e+02  6.570558202636e-03
   23300  4.660000000000e+02  6.500478252160e-03
   23350  4.670000000000e+02  6.432110939590e-03
   23400  4.680000000000e+02  6.366256271457e-03
   23450  4.690000000000e+02  6.303568276682e-03
   23500  4.700000000000e+02  6.244564072186e-03
   23550  4.710000000000e+02  6.189625583252e-03
   23600  4.720000000000e+02  6.138998707318e-03
   23650  4.730000000000e+02  6.092810258114e-03
   23700  4.740000000000e+02  6.051072540947e-03
   23750  4.750000000000e+02  6.013713641694e-03
   23800  4.760000000000e+02  5.980602225060e-03
   23850  4.770000000000e+02  5.951564234418e-03
   23900  4.780000000000e+02  5.926397738928e-03
   23950  4.790000000000e+02  5.904881137411e-03
   24000  4.800000000000e+02  5.886768007902e-03
   24050  4.810000000000e+02  5.871781840300e-03
   24100  4.820000000000e+02  5.859616846013e-03
   24150  4.830000000000e+02  5.849940183953e-03
   24200  4.840000000000e+02  5.842402772141e-03
   24250  4.850000000000e+02  5.836654482658e-03
   24300  4.860000000000e+02  5.832361294359e-03
   24350  4.870000000000e+02  5.829220320930e-03
   24400  4.880000000000e+02  5.826970069755e-03
   24450  4.890000000000e+02  5.825394388728e-03
   24500  4.900000000000e+02  5.824322286817e-03
   24550  4.910000000000e+02  5.823623413956e-03
   24600  4.920000000000e+02  5.823200500064e-03
   24650  4.930000000000e+02  5.822981670339e-03
   24700  4.940000000000e+02  5.822912407939e-03
   24750  4.950000000000e+02  5.822948438978e-03
   24800  4.960000000000e+02  5.823050594720e-03
   24850  4.970000000000e+02  5.823182334149e-03
   24900  4.980000000000e+02  5.823310065975e-03
   24950  4.990000000000e+02  5.823405693346e-03
   25000  5.000000000000e+02  5.823450567574e-03
   25050  5.010000000000e+02  5.823438836279e-03
   25100  5.020000000000e+02  5.823376453507e-03
   25150  5.030000000000e+02  5.823281123419e-03
   25200  5.040000000000e+02  5.823178895802e-03
   25250  5.050000000000e+02  5.823097479968e-03
   25300  5.060000000000e+02  5.823059107670e-03
   25350  5.070000000000e+02  5.823075078581e-03
   25400  5.080000000000e+02  5.823143378914e-03
   25450  5.090000000000e+02  5.823249287539e-03
   25500  5.100000000000e+02  5.823368700554e-03
   25550  5.110000000000e+02  5.823473575593e-03
   25600  5.120000000000e+02  5.823538075562e-03
   25650  5.130000000000e+02  5.823544140436e-03
   25700  5.140000000000e+02  5.823485187979e-03
   25750  5.150000000000e+02  5.823367055105e-03
   25800  5.160000000000e+02  5.823206703020e-03
   25850  5.170000000000e+02  5.823028730220e-03
   25900  5.180000000000e+02  5.822860374857e-03
   25950  5.190000000000e+02  5.822726381860e-03
   26000  5.200000000000e+02  5.822644672561e-03
   26050  5.210000000000e+02  5.822623545691e-03
   26100  5.220000000000e+02  5.822660877034e-03
   26150  5.230000000000e+02  5.822745419823e-03
   26200  5.240000000000e+02  5.822859615493e-03
   26250  5.250000000000e+02  5.822983102998e-03
   26300  5.260000000000e+02  5.823096426005e-03
   26350  5.270000000000e+02  5.823184392049e-03
   26400  5.280000000000e+02  5.823238708616e-03
   26450  5.290000000000e+02  5.823259096017e-03
   26500  5.300000000000e+02  5.823252809998e-03
   26550  5.310000000000e+02  5.823233064802e-03
   26600  5.320000000000e+02  5.823216090894e-03
   26650  5.330000000000e+02  5.823217209107e-03
   26700  5.340000000000e+02  5.823246594944e-03
   26750  5.350000000000e+02  5.823305680846e-03
   26800  5.360000000000e+02  5.823385408851e-03
   26850  5.370000000000e+02  5.823467235654e-03
   26900  5.380000000000e+02  5.823526605362e-03
   26950  5.390000000000e+02  5.823538058818e-03
   27000  5.400000000000e+02  5.823480979598e-03
   27050  5.410000000000e+02  5.823344684957e-03
   27100  5.420000000000e+02  5.823131890478e-03
   27150  5.430000000000e+02  5.822859644539e-03
   27200  5.440000000000e+02  5.822557829384e-03
   27250  5.450000000000e+02  5.822265930253e-03
   27300  5.460000000000e+02  5.822027789629e-03
   27350  5.470000000000e+02  5.821884606335e-03
   27400  5.480000000000e+02  5.821867417553e-03
   27450  5.490000000000e+02  5.821990618758e-03
   27500  5.500000000000e+02  5.822247943494e-03
   27550  5.510000000000e+02  5.822611906506e-03
   27600  5.520000000000e+02  5.823037314310e-03
   27650  5.530000000000e+02  5.823468421011e-03
   27700  5.540000000000e+02  5.823848213189e-03
   27750  5.550000000000e+02  5.824127726534e-03
   27800  5.560000000000e+02  5.824273518459e-03
   27850  5.570000000000e+02  5.824271869851e-03
   27900  5.580000000000e+02  5.824129472591e-03
   27950  5.590000000000e+02  5.823870750927e-03
   28000  5.600000000000e+02  5.823532153113e-03
   28050  5.610000000000e+02  5.823155438213e-03
   28100  5.620000000000e+02  5.822781790807e-03
   28150  5.630000000000e+02  5.822447050426e-03
   28200  5.640000000000e+02  5.822178608876e-03
   28250  5.650000000000e+02  5.821994212335e-03
   28300  5.660000000000e+02  5.821902119320e-03
   28350  5.670000000000e+02  5.821902262445e-03
   28400  5.680000000000e+02  5.821988043814e-03
   28450  5.690000000000e+02  5.822148517793e-03
   28500  5.700000000000e+02  5.822370260015e-03
   28550  5.710000000000e+02  5.822638486148e-03
   28600  5.720000000000e+02  5.822937532812e-03
   28650  5.730000000000e+02  5.823250206888e-03
   28700  5.740000000000e+02  5.823557063404e-03
   28750  5.750000000000e+02  5.823836651433e-03
   28800  5.760000000000e+02  5.824066245480e-03
   28850  5.770000000000e+02  5.824223137940e-03
   28900  5.780000000000e+02  5.824286764429e-03
   28950  5.790000000000e+02  5.824241216938e-03
