################################################################################
# HEADER
# nspin         1
#%
# nik       217
#  st         1      26
# ust         1      26
# Iter             t            #  iter t Nex(t)  
################################################################################
       0  0.000000000000e+00  2.525063491632e-14
      50  7.500000000000e-01  1.096794574607e-08
     100  1.500000000000e+00  2.194993250354e-08
     150  2.250000000000e+00  3.307583835988e-08
     200  3.000000000000e+00  4.483149383672e-08
     250  3.750000000000e+00  5.831346017171e-08
     300  4.500000000000e+00  7.555651152652e-08
     350  5.250000000000e+00  9.961948068543e-08
     400  6.000000000000e+00  1.350876824499e-07
     450  6.750000000000e+00  1.871283372007e-07
     500  7.500000000000e+00  2.637517457285e-07
     550  8.250000000000e+00  3.742846970758e-07
     600  9.000000000000e+00  5.306696536159e-07
     650  9.750000000000e+00  7.467339489947e-07
     700  1.050000000000e+01  1.040621412908e-06
     750  1.125000000000e+01  1.431301172666e-06
     800  1.200000000000e+01  1.942259863878e-06
     850  1.275000000000e+01  2.598549156567e-06
     900  1.350000000000e+01  3.428834700614e-06
     950  1.425000000000e+01  4.463494495191e-06
    1000  1.500000000000e+01  5.729993442484e-06
    1050  1.575000000000e+01  7.262540984508e-06
    1100  1.650000000000e+01  9.094160350637e-06
    1150  1.725000000000e+01  1.125750060962e-05
    1200  1.800000000000e+01  1.378644804198e-05
    1250  1.875000000000e+01  1.671011355558e-05
    1300  1.950000000000e+01  2.006095006421e-05
    1350  2.025000000000e+01  2.386724647040e-05
    1400  2.100000000000e+01  2.814973102617e-05
    1450  2.175000000000e+01  3.292605191422e-05
    1500  2.250000000000e+01  3.821198826454e-05
    1550  2.325000000000e+01  4.401215524879e-05
    1600  2.400000000000e+01  5.032346527722e-05
    1650  2.475000000000e+01  5.713238401019e-05
    1700  2.550000000000e+01  6.442274632439e-05
    1750  2.625000000000e+01  7.215773894290e-05
    1800  2.700000000000e+01  8.029663975014e-05
    1850  2.775000000000e+01  8.878567254718e-05
    1900  2.850000000000e+01  9.756357472223e-05
    1950  2.925000000000e+01  1.065482018611e-04
    2000  3.000000000000e+01  1.156663678836e-04
    2050  3.075000000000e+01  1.248169053216e-04
    2100  3.150000000000e+01  1.338978960923e-04
    2150  3.225000000000e+01  1.428008668440e-04
    2200  3.300000000000e+01  1.514012421070e-04
    2250  3.375000000000e+01  1.595760042623e-04
    2300  3.450000000000e+01  1.671991041859e-04
    2350  3.525000000000e+01  1.741365086567e-04
    2400  3.600000000000e+01  1.802579064641e-04
    2450  3.675000000000e+01  1.854403368618e-04
    2500  3.750000000000e+01  1.895630986891e-04
    2550  3.825000000000e+01  1.925052691572e-04
    2600  3.900000000000e+01  1.941737579868e-04
    2650  3.975000000000e+01  1.944758996864e-04
    2700  4.050000000000e+01  1.933476104792e-04
    2750  4.125000000000e+01  1.907308886760e-04
    2800  4.200000000000e+01  1.865965449512e-04
    2850  4.275000000000e+01  1.809469432795e-04
    2900  4.350000000000e+01  1.738097453935e-04
    2950  4.425000000000e+01  1.652446369053e-04
    3000  4.500000000000e+01  1.553515484154e-04
    3050  4.575000000000e+01  1.442619883338e-04
    3100  4.650000000000e+01  1.321488402262e-04
    3150  4.725000000000e+01  1.192315856732e-04
    3200  4.800000000000e+01  1.057621642634e-04
    3250  4.875000000000e+01  9.204421802961e-05
    3300  4.950000000000e+01  7.842350080357e-05
    3350  5.025000000000e+01  6.528146691503e-05
    3400  5.100000000000e+01  5.305600337330e-05
    3450  5.175000000000e+01  4.221206174445e-05
    3500  5.250000000000e+01  3.326006281130e-05
    3550  5.325000000000e+01  2.674256585978e-05
    3600  5.400000000000e+01  2.323471046473e-05
    3650  5.475000000000e+01  2.333826055755e-05
    3700  5.550000000000e+01  2.767698113750e-05
    3750  5.625000000000e+01  3.688916235869e-05
    3800  5.700000000000e+01  5.162594830473e-05
    3850  5.775000000000e+01  7.253935110550e-05
    3900  5.850000000000e+01  1.002801059391e-04
    3950  5.925000000000e+01  1.354853016926e-04
    4000  6.000000000000e+01  1.787737543752e-04
    4050  6.075000000000e+01  2.307303720961e-04
    4100  6.150000000000e+01  2.919082039457e-04
    4150  6.225000000000e+01  3.628142356687e-04
    4200  6.300000000000e+01  4.438879742924e-04
    4250  6.375000000000e+01  5.355272030247e-04
    4300  6.450000000000e+01  6.380250798758e-04
    4350  6.525000000000e+01  7.516262679720e-04
    4400  6.600000000000e+01  8.764448077722e-04
    4450  6.675000000000e+01  1.012520619885e-03
    4500  6.750000000000e+01  1.159794034481e-03
    4550  6.825000000000e+01  1.318055175242e-03
    4600  6.900000000000e+01  1.487060421029e-03
    4650  6.975000000000e+01  1.666338381856e-03
    4700  7.050000000000e+01  1.855355553505e-03
    4750  7.125000000000e+01  2.053420227967e-03
    4800  7.200000000000e+01  2.259749964492e-03
    4850  7.275000000000e+01  2.473382087305e-03
    4900  7.350000000000e+01  2.693279409741e-03
    4950  7.425000000000e+01  2.918231680472e-03
    5000  7.500000000000e+01  3.146943129508e-03
    5050  7.575000000000e+01  3.378014225196e-03
    5100  7.650000000000e+01  3.609905145977e-03
    5150  7.725000000000e+01  3.840999358855e-03
    5200  7.800000000000e+01  4.069625871524e-03
    5250  7.875000000000e+01  4.294013579880e-03
    5300  7.950000000000e+01  4.512356436128e-03
    5350  8.025000000000e+01  4.722781157883e-03
    5400  8.100000000000e+01  4.923419439340e-03
    5450  8.175000000000e+01  5.112377502465e-03
    5500  8.250000000000e+01  5.287817115659e-03
    5550  8.325000000000e+01  5.447887883310e-03
    5600  8.400000000000e+01  5.590902193232e-03
    5650  8.475000000000e+01  5.715112521145e-03
    5700  8.550000000000e+01  5.818935941329e-03
    5750  8.625000000000e+01  5.900930006432e-03
    5800  8.700000000000e+01  5.959801853883e-03
    5850  8.775000000000e+01  5.994379181352e-03
    5900  8.850000000000e+01  6.003704353861e-03
    5950  8.925000000000e+01  5.987054721421e-03
    6000  9.000000000000e+01  5.943861538185e-03
    6050  9.075000000000e+01  5.873888467576e-03
    6100  9.150000000000e+01  5.777075638316e-03
    6150  9.225000000000e+01  5.653669575754e-03
    6200  9.300000000000e+01  5.504216611555e-03
    6250  9.375000000000e+01  5.329527638118e-03
    6300  9.450000000000e+01  5.130767149655e-03
    6350  9.525000000000e+01  4.909345764581e-03
    6400  9.600000000000e+01  4.667014879128e-03
    6450  9.675000000000e+01  4.405829177692e-03
    6500  9.750000000000e+01  4.128150891932e-03
    6550  9.825000000000e+01  3.836615804963e-03
    6600  9.900000000000e+01  3.534133618843e-03
    6650  9.975000000000e+01  3.223934025972e-03
    6700  1.005000000000e+02  2.909459506664e-03
    6750  1.012500000000e+02  2.594377215359e-03
    6800  1.020000000000e+02  2.282554076480e-03
    6850  1.027500000000e+02  1.978078358333e-03
    6900  1.035000000000e+02  1.685133828801e-03
    6950  1.042500000000e+02  1.408054374746e-03
    7000  1.050000000000e+02  1.151224811697e-03
    7050  1.057500000000e+02  9.191123647839e-04
    7100  1.065000000000e+02  7.161373291714e-04
    7150  1.072500000000e+02  5.467105995102e-04
    7200  1.080000000000e+02  4.151554434468e-04
    7250  1.087500000000e+02  3.256721532583e-04
    7300  1.095000000000e+02  2.822888303118e-04
    7350  1.102500000000e+02  2.888169515214e-04
    7400  1.110000000000e+02  3.488103095773e-04
    7450  1.117500000000e+02  4.655243965609e-04
    7500  1.125000000000e+02  6.418742252946e-04
    7550  1.132500000000e+02  8.803543068700e-04
    7600  1.140000000000e+02  1.183074315498e-03
    7650  1.147500000000e+02  1.551668906390e-03
    7700  1.155000000000e+02  1.987278911821e-03
    7750  1.162500000000e+02  2.490490522993e-03
    7800  1.170000000000e+02  3.061383839497e-03
    7850  1.177500000000e+02  3.699441340161e-03
    7900  1.185000000000e+02  4.403577535890e-03
    7950  1.192500000000e+02  5.172083586345e-03
    8000  1.200000000000e+02  6.002677993042e-03
    8050  1.207500000000e+02  6.892441311608e-03
    8100  1.215000000000e+02  7.837824330560e-03
    8150  1.222500000000e+02  8.834741937296e-03
    8200  1.230000000000e+02  9.878480273852e-03
    8250  1.237500000000e+02  1.096381159872e-02
    8300  1.245000000000e+02  1.208489525618e-02
    8350  1.252500000000e+02  1.323547720346e-02
    8400  1.260000000000e+02  1.440882466784e-02
    8450  1.267500000000e+02  1.559776492870e-02
    8500  1.275000000000e+02  1.679478597804e-02
    8550  1.282500000000e+02  1.799205198891e-02
    8600  1.290000000000e+02  1.918153271558e-02
    8650  1.297500000000e+02  2.035491364912e-02
    8700  1.305000000000e+02  2.150370125882e-02
    8750  1.312500000000e+02  2.261957035305e-02
    8800  1.320000000000e+02  2.369398592799e-02
    8850  1.327500000000e+02  2.471868674091e-02
    8900  1.335000000000e+02  2.568534514815e-02
    8950  1.342500000000e+02  2.658611925636e-02
    9000  1.350000000000e+02  2.741325411140e-02
    9050  1.357500000000e+02  2.815959672189e-02
    9100  1.365000000000e+02  2.881825913346e-02
    9150  1.372500000000e+02  2.938302449779e-02
    9200  1.380000000000e+02  2.984815648532e-02
    9250  1.387500000000e+02  3.020868134157e-02
    9300  1.395000000000e+02  3.046031740802e-02
    9350  1.402500000000e+02  3.059948042888e-02
    9400  1.410000000000e+02  3.062348031680e-02
    9450  1.417500000000e+02  3.053063446170e-02
    9500  1.425000000000e+02  3.031995270130e-02
    9550  1.432500000000e+02  2.999156079610e-02
    9600  1.440000000000e+02  2.954651027130e-02
    9650  1.447500000000e+02  2.898678530768e-02
    9700  1.455000000000e+02  2.831550511023e-02
    9750  1.462500000000e+02  2.753673326787e-02
    9800  1.470000000000e+02  2.665555611062e-02
    9850  1.477500000000e+02  2.567806037155e-02
    9900  1.485000000000e+02  2.461121170644e-02
    9950  1.492500000000e+02  2.346306734703e-02
   10000  1.500000000000e+02  2.224236311234e-02
   10050  1.507500000000e+02  2.095886887915e-02
   10100  1.515000000000e+02  1.962294886157e-02
   10150  1.522500000000e+02  1.824594924666e-02
   10200  1.530000000000e+02  1.683950800524e-02
   10250  1.537500000000e+02  1.541608325252e-02
   10300  1.545000000000e+02  1.398840899413e-02
   10350  1.552500000000e+02  1.256975545619e-02
   10400  1.560000000000e+02  1.117349759557e-02
   10450  1.567500000000e+02  9.813238865750e-03
   10500  1.575000000000e+02  8.502672408480e-03
   10550  1.582500000000e+02  7.255373462991e-03
   10600  1.590000000000e+02  6.084702651030e-03
   10650  1.597500000000e+02  5.003789913668e-03
   10700  1.605000000000e+02  4.025303559857e-03
   10750  1.612500000000e+02  3.161400728360e-03
   10800  1.620000000000e+02  2.423597543589e-03
   10850  1.627500000000e+02  1.822617704799e-03
   10900  1.635000000000e+02  1.368346699789e-03
   10950  1.642500000000e+02  1.069671141115e-03
   11000  1.650000000000e+02  9.344191108966e-04
   11050  1.657500000000e+02  9.692547746278e-04
   11100  1.665000000000e+02  1.179583220328e-03
   11150  1.672500000000e+02  1.569506299340e-03
   11200  1.680000000000e+02  2.141729191608e-03
   11250  1.687500000000e+02  2.897538175698e-03
   11300  1.695000000000e+02  3.836718198076e-03
   11350  1.702500000000e+02  4.957552478004e-03
   11400  1.710000000000e+02  6.256817171221e-03
   11450  1.717500000000e+02  7.729737663462e-03
   11500  1.725000000000e+02  9.370053252234e-03
   11550  1.732500000000e+02  1.117006443898e-02
   11600  1.740000000000e+02  1.312048045803e-02
   11650  1.747500000000e+02  1.521074037144e-02
   11700  1.755000000000e+02  1.742894973967e-02
   11750  1.762500000000e+02  1.976187454142e-02
   11800  1.770000000000e+02  2.219521470314e-02
   11850  1.777500000000e+02  2.471354193120e-02
   11900  1.785000000000e+02  2.730063497533e-02
   11950  1.792500000000e+02  2.993921012278e-02
   12000  1.800000000000e+02  3.261138809587e-02
   12050  1.807500000000e+02  3.529887094310e-02
   12100  1.815000000000e+02  3.798272124699e-02
   12150  1.822500000000e+02  4.064388186812e-02
   12200  1.830000000000e+02  4.326311180773e-02
   12250  1.837500000000e+02  4.582137435249e-02
   12300  1.845000000000e+02  4.829952277850e-02
   12350  1.852500000000e+02  5.067903033587e-02
   12400  1.860000000000e+02  5.294188748435e-02
   12450  1.867500000000e+02  5.507058028868e-02
   12500  1.875000000000e+02  5.704848256344e-02
   12550  1.882500000000e+02  5.886006586949e-02
   12600  1.890000000000e+02  6.049064053838e-02
   12650  1.897500000000e+02  6.192686678982e-02
   12700  1.905000000000e+02  6.315686947159e-02
   12750  1.912500000000e+02  6.416995063498e-02
   12800  1.920000000000e+02  6.495715692346e-02
   12850  1.927500000000e+02  6.551132055788e-02
   12900  1.935000000000e+02  6.582663930563e-02
   12950  1.942500000000e+02  6.589940818718e-02
   13000  1.950000000000e+02  6.572763834432e-02
   13050  1.957500000000e+02  6.531125194710e-02
   13100  1.965000000000e+02  6.465184384397e-02
   13150  1.972500000000e+02  6.375327661937e-02
   13200  1.980000000000e+02  6.262106370426e-02
   13250  1.987500000000e+02  6.126269517990e-02
   13300  1.995000000000e+02  5.968743069436e-02
   13350  2.002500000000e+02  5.790636638104e-02
   13400  2.010000000000e+02  5.593232591078e-02
   13450  2.017500000000e+02  5.377981136912e-02
   13500  2.025000000000e+02  5.146461560652e-02
   13550  2.032500000000e+02  4.900436519200e-02
   13600  2.040000000000e+02  4.641767645909e-02
   13650  2.047500000000e+02  4.372464497581e-02
   13700  2.055000000000e+02  4.094614567016e-02
   13750  2.062500000000e+02  3.810405760443e-02
   13800  2.070000000000e+02  3.522101789130e-02
   13850  2.077500000000e+02  3.232031853181e-02
   13900  2.085000000000e+02  2.942542887671e-02
   13950  2.092500000000e+02  2.656017805850e-02
   14000  2.100000000000e+02  2.374832147939e-02
   14050  2.107500000000e+02  2.101346931775e-02
   14100  2.115000000000e+02  1.837892168085e-02
   14150  2.122500000000e+02  1.586732464914e-02
   14200  2.130000000000e+02  1.350064313863e-02
   14250  2.137500000000e+02  1.129987914174e-02
   14300  2.145000000000e+02  9.284912710378e-03
   14350  2.152500000000e+02  7.474322016610e-03
   14400  2.160000000000e+02  5.885301769527e-03
   14450  2.167500000000e+02  4.533345457772e-03
   14500  2.175000000000e+02  3.432227529028e-03
   14550  2.182500000000e+02  2.593831373793e-03
   14600  2.190000000000e+02  2.028041108187e-03
   14650  2.197500000000e+02  1.742633611001e-03
   14700  2.205000000000e+02  1.743188217122e-03
   14750  2.212500000000e+02  2.033025785403e-03
   14800  2.220000000000e+02  2.613184394133e-03
   14850  2.227500000000e+02  3.482333716023e-03
   14900  2.235000000000e+02  4.636847363622e-03
   14950  2.242500000000e+02  6.070720141464e-03
   15000  2.250000000000e+02  7.775723656509e-03
   15050  2.257500000000e+02  9.741372598247e-03
   15100  2.265000000000e+02  1.195501863970e-02
   15150  2.272500000000e+02  1.440197271611e-02
   15200  2.280000000000e+02  1.706556996567e-02
   15250  2.287500000000e+02  1.992744865542e-02
   15300  2.295000000000e+02  2.296740397695e-02
   15350  2.302500000000e+02  2.616392916483e-02
   15400  2.310000000000e+02  2.949401492328e-02
   15450  2.317500000000e+02  3.293358938425e-02
   15500  2.325000000000e+02  3.645772593811e-02
   15550  2.332500000000e+02  4.004064662739e-02
   15600  2.340000000000e+02  4.365599133080e-02
   15650  2.347500000000e+02  4.727727519495e-02
   15700  2.355000000000e+02  5.087778413219e-02
   15750  2.362500000000e+02  5.443082055530e-02
   15800  2.370000000000e+02  5.791028651313e-02
   15850  2.377500000000e+02  6.129033578509e-02
   15900  2.385000000000e+02  6.454595080993e-02
   15950  2.392500000000e+02  6.765310640207e-02
   16000  2.400000000000e+02  7.058881720615e-02
   16050  2.407500000000e+02  7.333145360312e-02
   16100  2.415000000000e+02  7.586052464474e-02
   16150  2.422500000000e+02  7.815740682133e-02
   16200  2.430000000000e+02  8.020526515455e-02
   16250  2.437500000000e+02  8.198893689067e-02
   16300  2.445000000000e+02  8.349520287269e-02
   16350  2.452500000000e+02  8.471309749558e-02
   16400  2.460000000000e+02  8.563347403755e-02
   16450  2.467500000000e+02  8.624978821748e-02
   16500  2.475000000000e+02  8.655748583831e-02
   16550  2.482500000000e+02  8.655415890627e-02
   16600  2.490000000000e+02  8.624003775628e-02
   16650  2.497500000000e+02  8.561741080572e-02
   16700  2.505000000000e+02  8.469085098761e-02
   16750  2.512500000000e+02  8.346718223817e-02
   16800  2.520000000000e+02  8.195537083086e-02
   16850  2.527500000000e+02  8.016667998027e-02
   16900  2.535000000000e+02  7.811430014684e-02
   16950  2.542500000000e+02  7.581329840385e-02
   17000  2.550000000000e+02  7.328052309088e-02
   17050  2.557500000000e+02  7.053468363480e-02
   17100  2.565000000000e+02  6.759598154987e-02
   17150  2.572500000000e+02  6.448622763236e-02
   17200  2.580000000000e+02  6.122815363712e-02
   17250  2.587500000000e+02  5.784578758587e-02
   17300  2.595000000000e+02  5.436409506343e-02
   17350  2.602500000000e+02  5.080866447599e-02
   17400  2.610000000000e+02  4.720578644463e-02
   17450  2.617500000000e+02  4.358196395797e-02
   17500  2.625000000000e+02  3.996392321271e-02
   17550  2.632500000000e+02  3.637820859897e-02
   17600  2.640000000000e+02  3.285124041727e-02
   17650  2.647500000000e+02  2.940890833730e-02
   17700  2.655000000000e+02  2.607645311379e-02
   17750  2.662500000000e+02  2.287817024199e-02
   17800  2.670000000000e+02  1.983744842818e-02
   17850  2.677500000000e+02  1.697621304170e-02
   17900  2.685000000000e+02  1.431515565054e-02
   17950  2.692500000000e+02  1.187323199387e-02
   18000  2.700000000000e+02  9.667799355137e-03
   18050  2.707500000000e+02  7.714170418070e-03
   18100  2.715000000000e+02  6.025721022810e-03
   18150  2.722500000000e+02  4.613720280432e-03
   18200  2.730000000000e+02  3.487165848267e-03
   18250  2.737500000000e+02  2.652831401627e-03
   18300  2.745000000000e+02  2.115130911693e-03
   18350  2.752500000000e+02  1.876117683688e-03
   18400  2.760000000000e+02  1.935466904714e-03
   18450  2.767500000000e+02  2.290492719961e-03
   18500  2.775000000000e+02  2.936161470094e-03
   18550  2.782500000000e+02  3.865140174161e-03
   18600  2.790000000000e+02  5.067963792264e-03
   18650  2.797500000000e+02  6.532940913603e-03
   18700  2.805000000000e+02  8.246376872377e-03
   18750  2.812500000000e+02  1.019277973353e-02
   18800  2.820000000000e+02  1.235480407712e-02
   18850  2.827500000000e+02  1.471354558262e-02
   18900  2.835000000000e+02  1.724867343674e-02
   18950  2.842500000000e+02  1.993870953237e-02
   19000  2.850000000000e+02  2.276088619296e-02
   19050  2.857500000000e+02  2.569182248177e-02
   19100  2.865000000000e+02  2.870730549556e-02
   19150  2.872500000000e+02  3.178270437808e-02
   19200  2.880000000000e+02  3.489313146081e-02
   19250  2.887500000000e+02  3.801373245170e-02
   19300  2.895000000000e+02  4.111966763059e-02
   19350  2.902500000000e+02  4.418661253758e-02
   19400  2.910000000000e+02  4.719056455341e-02
   19450  2.917500000000e+02  5.010830594248e-02
   19500  2.925000000000e+02  5.291775729474e-02
   19550  2.932500000000e+02  5.559760541376e-02
   19600  2.940000000000e+02  5.812792960995e-02
   19650  2.947500000000e+02  6.049014028208e-02
   19700  2.955000000000e+02  6.266699508899e-02
   19750  2.962500000000e+02  6.464307873142e-02
   19800  2.970000000000e+02  6.640465318880e-02
   19850  2.977500000000e+02  6.793939581106e-02
   19900  2.985000000000e+02  6.923739687801e-02
   19950  2.992500000000e+02  7.029030840237e-02
   20000  3.000000000000e+02  7.109185440438e-02
   20050  3.007500000000e+02  7.163766103746e-02
   20100  3.015000000000e+02  7.192520956109e-02
   20150  3.022500000000e+02  7.195416269341e-02
   20200  3.030000000000e+02  7.172594251513e-02
   20250  3.037500000000e+02  7.124407055526e-02
   20300  3.045000000000e+02  7.051367942717e-02
   20350  3.052500000000e+02  6.954179365226e-02
   20400  3.060000000000e+02  6.833723955981e-02
   20450  3.067500000000e+02  6.691031786931e-02
   20500  3.075000000000e+02  6.527265702577e-02
   20550  3.082500000000e+02  6.343784252392e-02
   20600  3.090000000000e+02  6.142009591639e-02
   20650  3.097500000000e+02  5.923534766555e-02
   20700  3.105000000000e+02  5.690018367010e-02
   20750  3.112500000000e+02  5.443223791372e-02
   20800  3.120000000000e+02  5.184979012202e-02
   20850  3.127500000000e+02  4.917180146848e-02
   20900  3.135000000000e+02  4.641752816352e-02
   20950  3.142500000000e+02  4.360661475782e-02
   21000  3.150000000000e+02  4.075878479336e-02
   21050  3.157500000000e+02  3.789366731927e-02
   21100  3.165000000000e+02  3.503082124669e-02
   21150  3.172500000000e+02  3.218949490604e-02
   21200  3.180000000000e+02  2.938818922866e-02
   21250  3.187500000000e+02  2.664507675643e-02
   21300  3.195000000000e+02  2.397749665897e-02
   21350  3.202500000000e+02  2.140191989678e-02
   21400  3.210000000000e+02  1.893376738820e-02
   21450  3.217500000000e+02  1.658742092802e-02
   21500  3.225000000000e+02  1.437610652800e-02
   21550  3.232500000000e+02  1.231165406319e-02
   21600  3.240000000000e+02  1.040470133806e-02
   21650  3.247500000000e+02  8.664385890886e-03
   21700  3.255000000000e+02  7.098341652560e-03
   21750  3.262500000000e+02  5.712774087439e-03
   21800  3.270000000000e+02  4.512324220040e-03
   21850  3.277500000000e+02  3.500117289521e-03
   21900  3.285000000000e+02  2.677728480812e-03
   21950  3.292500000000e+02  2.045218437845e-03
   22000  3.300000000000e+02  1.601140857940e-03
   22050  3.307500000000e+02  1.342617125547e-03
   22100  3.315000000000e+02  1.265351028638e-03
   22150  3.322500000000e+02  1.363719543867e-03
   22200  3.330000000000e+02  1.630824641337e-03
   22250  3.337500000000e+02  2.058606676476e-03
   22300  3.345000000000e+02  2.637906430022e-03
   22350  3.352500000000e+02  3.358577825418e-03
   22400  3.360000000000e+02  4.209577256621e-03
   22450  3.367500000000e+02  5.179128914824e-03
   22500  3.375000000000e+02  6.254733083574e-03
   22550  3.382500000000e+02  7.423431100988e-03
   22600  3.390000000000e+02  8.671791511946e-03
   22650  3.397500000000e+02  9.986018867179e-03
   22700  3.405000000000e+02  1.135232694605e-02
   22750  3.412500000000e+02  1.275662143162e-02
   22800  3.420000000000e+02  1.418504782319e-02
   22850  3.427500000000e+02  1.562372605920e-02
   22900  3.435000000000e+02  1.705920453564e-02
   22950  3.442500000000e+02  1.847832455069e-02
   23000  3.450000000000e+02  1.986839948811e-02
   23050  3.457500000000e+02  2.121722561428e-02
   23100  3.465000000000e+02  2.251342798896e-02
   23150  3.472500000000e+02  2.374613165687e-02
   23200  3.480000000000e+02  2.490535744181e-02
   23250  3.487500000000e+02  2.598193533477e-02
   23300  3.495000000000e+02  2.696765325755e-02
   23350  3.502500000000e+02  2.785515943522e-02
   23400  3.510000000000e+02  2.863824800341e-02
   23450  3.517500000000e+02  2.931147037912e-02
   23500  3.525000000000e+02  2.987070806467e-02
   23550  3.532500000000e+02  3.031262105005e-02
   23600  3.540000000000e+02  3.063505367631e-02
   23650  3.547500000000e+02  3.083685131305e-02
   23700  3.555000000000e+02  3.091782759521e-02
   23750  3.562500000000e+02  3.087888995545e-02
   23800  3.570000000000e+02  3.072181994200e-02
   23850  3.577500000000e+02  3.044932654462e-02
   23900  3.585000000000e+02  3.006500244808e-02
   23950  3.592500000000e+02  2.957334042381e-02
   24000  3.600000000000e+02  2.897953722154e-02
   24050  3.607500000000e+02  2.828942304788e-02
   24100  3.615000000000e+02  2.750958835040e-02
   24150  3.622500000000e+02  2.664719107778e-02
   24200  3.630000000000e+02  2.570980010864e-02
   24250  3.637500000000e+02  2.470546148940e-02
   24300  3.645000000000e+02  2.364252787998e-02
   24350  3.652500000000e+02  2.252958768394e-02
   24400  3.660000000000e+02  2.137545642395e-02
   24450  3.667500000000e+02  2.018906919188e-02
   24500  3.675000000000e+02  1.897932907082e-02
   24550  3.682500000000e+02  1.775509264177e-02
   24600  3.690000000000e+02  1.652517956425e-02
   24650  3.697500000000e+02  1.529801184376e-02
   24700  3.705000000000e+02  1.408203607039e-02
   24750  3.712500000000e+02  1.288507949143e-02
   24800  3.720000000000e+02  1.171476218398e-02
   24850  3.727500000000e+02  1.057815944405e-02
   24900  3.735000000000e+02  9.482007984751e-03
   24950  3.742500000000e+02  8.432381088971e-03
   25000  3.750000000000e+02  7.434774511807e-03
   25050  3.757500000000e+02  6.494121394580e-03
   25100  3.765000000000e+02  5.614751570675e-03
   25150  3.772500000000e+02  4.800340319234e-03
   25200  3.780000000000e+02  4.053858734875e-03
   25250  3.787500000000e+02  3.377680751613e-03
   25300  3.795000000000e+02  2.773478818250e-03
   25350  3.802500000000e+02  2.242295394726e-03
   25400  3.810000000000e+02  1.784506314099e-03
   25450  3.817500000000e+02  1.399892750297e-03
   25500  3.825000000000e+02  1.087628938262e-03
   25550  3.832500000000e+02  8.463129959504e-04
   25600  3.840000000000e+02  6.740031448980e-04
   25650  3.847500000000e+02  5.682726980997e-04
   25700  3.855000000000e+02  5.262228326504e-04
   25750  3.862500000000e+02  5.445314691751e-04
   25800  3.870000000000e+02  6.195166597611e-04
   25850  3.877500000000e+02  7.471626305313e-04
   25900  3.885000000000e+02  9.231703658304e-04
   25950  3.892500000000e+02  1.143035170692e-03
   26000  3.900000000000e+02  1.402051802190e-03
   26050  3.907500000000e+02  1.695406511838e-03
   26100  3.915000000000e+02  2.018174811667e-03
   26150  3.922500000000e+02  2.365440300116e-03
   26200  3.930000000000e+02  2.732271820118e-03
   26250  3.937500000000e+02  3.113798911983e-03
   26300  3.945000000000e+02  3.505238060116e-03
   26350  3.952500000000e+02  3.901937243424e-03
   26400  3.960000000000e+02  4.299434920415e-03
   26450  3.967500000000e+02  4.693427128017e-03
   26500  3.975000000000e+02  5.079902368707e-03
   26550  3.982500000000e+02  5.455050519996e-03
   26600  3.990000000000e+02  5.815386155688e-03
   26650  3.997500000000e+02  6.157666510090e-03
   26700  4.005000000000e+02  6.479000048800e-03
   26750  4.012500000000e+02  6.776807245473e-03
   26800  4.020000000000e+02  7.048820521753e-03
   26850  4.027500000000e+02  7.293121240412e-03
   26900  4.035000000000e+02  7.508202363777e-03
   26950  4.042500000000e+02  7.692758140368e-03
   27000  4.050000000000e+02  7.845849564311e-03
   27050  4.057500000000e+02  7.966874371335e-03
   27100  4.065000000000e+02  8.055612450490e-03
   27150  4.072500000000e+02  8.112027856185e-03
   27200  4.080000000000e+02  8.136447653078e-03
   27250  4.087500000000e+02  8.129439600940e-03
   27300  4.095000000000e+02  8.091846012462e-03
   27350  4.102500000000e+02  8.024716002959e-03
   27400  4.110000000000e+02  7.929276504462e-03
   27450  4.117500000000e+02  7.807036687609e-03
   27500  4.125000000000e+02  7.659558876247e-03
   27550  4.132500000000e+02  7.488719501457e-03
   27600  4.140000000000e+02  7.296298725772e-03
   27650  4.147500000000e+02  7.084365939207e-03
   27700  4.155000000000e+02  6.854941916525e-03
   27750  4.162500000000e+02  6.610181164045e-03
   27800  4.170000000000e+02  6.352204966429e-03
   27850  4.177500000000e+02  6.083232382496e-03
   27900  4.185000000000e+02  5.805378780747e-03
   27950  4.192500000000e+02  5.520801310997e-03
   28000  4.200000000000e+02  5.231598840567e-03
   28050  4.207500000000e+02  4.939759188901e-03
   28100  4.215000000000e+02  4.647259958207e-03
   28150  4.222500000000e+02  4.355945809643e-03
   28200  4.230000000000e+02  4.067558802764e-03
   28250  4.237500000000e+02  3.783755717266e-03
   28300  4.245000000000e+02  3.506031273450e-03
   28350  4.252500000000e+02  3.235762001895e-03
   28400  4.260000000000e+02  2.974221478001e-03
   28450  4.267500000000e+02  2.722477198097e-03
   28500  4.275000000000e+02  2.481502966391e-03
   28550  4.282500000000e+02  2.252099854237e-03
   28600  4.290000000000e+02  2.034942639946e-03
   28650  4.297500000000e+02  1.830512131233e-03
   28700  4.305000000000e+02  1.639211649518e-03
   28750  4.312500000000e+02  1.461272422532e-03
   28800  4.320000000000e+02  1.296795460435e-03
   28850  4.327500000000e+02  1.145745909429e-03
   28900  4.335000000000e+02  1.008013438276e-03
   28950  4.342500000000e+02  8.833319253457e-04
   29000  4.350000000000e+02  7.713633686518e-04
   29050  4.357500000000e+02  6.716762411327e-04
   29100  4.365000000000e+02  5.837589981589e-04
   29150  4.372500000000e+02  5.070352205723e-04
   29200  4.380000000000e+02  4.408672813642e-04
   29250  4.387500000000e+02  3.845815359990e-04
   29300  4.395000000000e+02  3.374721475076e-04
   29350  4.402500000000e+02  2.987967134237e-04
   29400  4.410000000000e+02  2.678131869359e-04
   29450  4.417500000000e+02  2.437670183910e-04
   29500  4.425000000000e+02  2.259069623543e-04
   29550  4.432500000000e+02  2.134960041217e-04
   29600  4.440000000000e+02  2.058155608884e-04
   29650  4.447500000000e+02  2.021710600238e-04
   29700  4.455000000000e+02  2.019005462773e-04
   29750  4.462500000000e+02  2.043768573533e-04
   29800  4.470000000000e+02  2.090145922978e-04
   29850  4.477500000000e+02  2.152705968945e-04
   29900  4.485000000000e+02  2.226527904099e-04
   29950  4.492500000000e+02  2.307098832033e-04
   30000  4.500000000000e+02  2.390480865307e-04
   30050  4.507500000000e+02  2.473197098472e-04
   30100  4.515000000000e+02  2.552307818042e-04
   30150  4.522500000000e+02  2.625284929223e-04
   30200  4.530000000000e+02  2.690157434146e-04
   30250  4.537500000000e+02  2.745391505068e-04
   30300  4.545000000000e+02  2.789872728432e-04
   30350  4.552500000000e+02  2.822899860548e-04
   30400  4.560000000000e+02  2.844126759151e-04
   30450  4.567500000000e+02  2.853554196463e-04
   30500  4.575000000000e+02  2.851481784847e-04
   30550  4.582500000000e+02  2.838472119775e-04
   30600  4.590000000000e+02  2.815389137603e-04
   30650  4.597500000000e+02  2.783073606732e-04
   30700  4.605000000000e+02  2.742627684691e-04
   30750  4.612500000000e+02  2.695279748881e-04
   30800  4.620000000000e+02  2.642316795690e-04
   30850  4.627500000000e+02  2.584991426011e-04
   30900  4.635000000000e+02  2.524584987771e-04
   30950  4.642500000000e+02  2.462354250288e-04
   31000  4.650000000000e+02  2.399530768418e-04
   31050  4.657500000000e+02  2.337243757275e-04
   31100  4.665000000000e+02  2.276518583303e-04
   31150  4.672500000000e+02  2.218344098674e-04
   31200  4.680000000000e+02  2.163518434058e-04
   31250  4.687500000000e+02  2.112764017682e-04
   31300  4.695000000000e+02  2.066667625219e-04
   31350  4.702500000000e+02  2.025690660639e-04
   31400  4.710000000000e+02  1.990190852650e-04
   31450  4.717500000000e+02  1.960388291230e-04
   31500  4.725000000000e+02  1.936398502292e-04
   31550  4.732500000000e+02  1.918231746491e-04
   31600  4.740000000000e+02  1.905804102079e-04
   31650  4.747500000000e+02  1.898943509960e-04
   31700  4.755000000000e+02  1.897403473356e-04
   31750  4.762500000000e+02  1.900875594688e-04
   31800  4.770000000000e+02  1.908976682250e-04
   31850  4.777500000000e+02  1.921301725883e-04
   31900  4.785000000000e+02  1.937415788608e-04
   31950  4.792500000000e+02  1.956818117320e-04
   32000  4.800000000000e+02  1.979031699840e-04
   32050  4.807500000000e+02  2.003562499462e-04
   32100  4.815000000000e+02  2.029917153558e-04
   32150  4.822500000000e+02  2.057608092156e-04
   32200  4.830000000000e+02  2.086177002033e-04
   32250  4.837500000000e+02  2.115196662703e-04
   32300  4.845000000000e+02  2.144235771967e-04
   32350  4.852500000000e+02  2.172956431112e-04
   32400  4.860000000000e+02  2.200983241271e-04
   32450  4.867500000000e+02  2.228061630549e-04
   32500  4.875000000000e+02  2.253895435195e-04
   32550  4.882500000000e+02  2.278324574887e-04
   32600  4.890000000000e+02  2.301152103893e-04
   32650  4.897500000000e+02  2.322274587045e-04
   32700  4.905000000000e+02  2.341640083629e-04
   32750  4.912500000000e+02  2.359159382517e-04
   32800  4.920000000000e+02  2.374888182410e-04
   32850  4.927500000000e+02  2.388853647263e-04
   32900  4.935000000000e+02  2.401132551552e-04
   32950  4.942500000000e+02  2.411846291499e-04
   33000  4.950000000000e+02  2.421127366942e-04
   33050  4.957500000000e+02  2.429162538080e-04
   33100  4.965000000000e+02  2.436119623121e-04
   33150  4.972500000000e+02  2.442236024095e-04
   33200  4.980000000000e+02  2.447687970837e-04
   33250  4.987500000000e+02  2.452730437916e-04
   33300  4.995000000000e+02  2.457632472026e-04
   33350  5.002500000000e+02  2.462608312382e-04
   33400  5.010000000000e+02  2.467619814231e-04
   33450  5.017500000000e+02  2.472264092853e-04
   33500  5.025000000000e+02  2.476388469629e-04
   33550  5.032500000000e+02  2.479977142446e-04
   33600  5.040000000000e+02  2.483066640009e-04
   33650  5.047500000000e+02  2.485705706373e-04
   33700  5.055000000000e+02  2.487962375922e-04
   33750  5.062500000000e+02  2.489917005059e-04
   33800  5.070000000000e+02  2.491628867915e-04
   33850  5.077500000000e+02  2.493140136035e-04
   33900  5.085000000000e+02  2.494512023496e-04
   33950  5.092500000000e+02  2.495799480622e-04
   34000  5.100000000000e+02  2.497035157921e-04
   34050  5.107500000000e+02  2.498251453220e-04
   34100  5.115000000000e+02  2.499471793718e-04
   34150  5.122500000000e+02  2.500734681115e-04
   34200  5.130000000000e+02  2.502082030854e-04
   34250  5.137500000000e+02  2.503564151733e-04
   34300  5.145000000000e+02  2.505238892807e-04
   34350  5.152500000000e+02  2.507141133792e-04
   34400  5.160000000000e+02  2.509283361875e-04
   34450  5.167500000000e+02  2.511662878732e-04
   34500  5.175000000000e+02  2.514263126886e-04
   34550  5.182500000000e+02  2.517087597438e-04
   34600  5.190000000000e+02  2.520132861347e-04
   34650  5.197500000000e+02  2.523391278786e-04
   34700  5.205000000000e+02  2.526846501888e-04
   34750  5.212500000000e+02  2.530494617869e-04
   34800  5.220000000000e+02  2.534327894430e-04
   34850  5.227500000000e+02  2.538330578077e-04
   34900  5.235000000000e+02  2.542485874662e-04
   34950  5.242500000000e+02  2.546790508481e-04
   35000  5.250000000000e+02  2.551235354556e-04
   35050  5.257500000000e+02  2.555816087445e-04
   35100  5.265000000000e+02  2.560540704003e-04
   35150  5.272500000000e+02  2.565398857078e-04
   35200  5.280000000000e+02  2.570385039757e-04
   35250  5.287500000000e+02  2.575490654206e-04
   35300  5.295000000000e+02  2.580697582707e-04
   35350  5.302500000000e+02  2.585992922923e-04
   35400  5.310000000000e+02  2.591365703190e-04
   35450  5.317500000000e+02  2.596807344495e-04
   35500  5.325000000000e+02  2.602319923617e-04
   35550  5.332500000000e+02  2.607894572953e-04
   35600  5.340000000000e+02  2.613527170369e-04
   35650  5.347500000000e+02  2.619214928085e-04
   35700  5.355000000000e+02  2.624944808823e-04
   35750  5.362500000000e+02  2.630711236236e-04
   35800  5.370000000000e+02  2.636508075997e-04
   35850  5.377500000000e+02  2.642313443470e-04
   35900  5.385000000000e+02  2.648105607717e-04
   35950  5.392500000000e+02  2.653861707511e-04
   36000  5.400000000000e+02  2.659572457942e-04
   36050  5.407500000000e+02  2.665233644360e-04
   36100  5.415000000000e+02  2.670838084855e-04
   36150  5.422500000000e+02  2.676365822845e-04
   36200  5.430000000000e+02  2.681797500435e-04
   36250  5.437500000000e+02  2.687106779262e-04
   36300  5.445000000000e+02  2.692271182325e-04
   36350  5.452500000000e+02  2.697264153184e-04
   36400  5.460000000000e+02  2.702064798766e-04
   36450  5.467500000000e+02  2.706645984025e-04
   36500  5.475000000000e+02  2.710985997542e-04
   36550  5.482500000000e+02  2.715060090542e-04
   36600  5.490000000000e+02  2.718846989762e-04
   36650  5.497500000000e+02  2.722335378097e-04
   36700  5.505000000000e+02  2.725506962716e-04
   36750  5.512500000000e+02  2.728329974455e-04
   36800  5.520000000000e+02  2.730788080127e-04
   36850  5.527500000000e+02  2.732871954812e-04
   36900  5.535000000000e+02  2.734579886108e-04
   36950  5.542500000000e+02  2.735918616870e-04
   37000  5.550000000000e+02  2.736895854203e-04
   37050  5.557500000000e+02  2.737529355634e-04
   37100  5.565000000000e+02  2.737848566087e-04
   37150  5.572500000000e+02  2.737887438602e-04
   37200  5.580000000000e+02  2.737682418082e-04
   37250  5.587500000000e+02  2.737279601697e-04
   37300  5.595000000000e+02  2.736720000980e-04
   37350  5.602500000000e+02  2.736075734118e-04
   37400  5.610000000000e+02  2.735405162768e-04
   37450  5.617500000000e+02  2.734782114737e-04
   37500  5.625000000000e+02  2.734281395924e-04
   37550  5.632500000000e+02  2.733973480552e-04
   37600  5.640000000000e+02  2.733927533701e-04
   37650  5.647500000000e+02  2.734208082330e-04
   37700  5.655000000000e+02  2.734877548614e-04
   37750  5.662500000000e+02  2.736000843304e-04
   37800  5.670000000000e+02  2.737638238040e-04
   37850  5.677500000000e+02  2.739841936690e-04
   37900  5.685000000000e+02  2.742666101314e-04
   37950  5.692500000000e+02  2.746141429473e-04
   38000  5.700000000000e+02  2.750293571866e-04
   38050  5.707500000000e+02  2.755140327364e-04
   38100  5.715000000000e+02  2.760693348964e-04
   38150  5.722500000000e+02  2.766954854617e-04
   38200  5.730000000000e+02  2.773900499844e-04
   38250  5.737500000000e+02  2.781506479053e-04
   38300  5.745000000000e+02  2.789739389391e-04
   38350  5.752500000000e+02  2.798552845817e-04
   38400  5.760000000000e+02  2.807894357983e-04
   38450  5.767500000000e+02  2.817693598203e-04
   38500  5.775000000000e+02  2.827873022658e-04
   38550  5.782500000000e+02  2.838335059806e-04
   38600  5.790000000000e+02  2.848979841204e-04
   38650  5.797500000000e+02  2.859695050449e-04
   38700  5.805000000000e+02  2.870362580941e-04
   38750  5.812500000000e+02  2.880861636888e-04
   38800  5.820000000000e+02  2.891077753135e-04
   38850  5.827500000000e+02  2.900897091199e-04
   38900  5.835000000000e+02  2.910204617947e-04
   38950  5.842500000000e+02  2.918878519524e-04
   39000  5.850000000000e+02  2.926814548295e-04
   39050  5.857500000000e+02  2.933913553657e-04
   39100  5.865000000000e+02  2.940096293454e-04
   39150  5.872500000000e+02  2.945291062699e-04
   39200  5.880000000000e+02  2.949440056744e-04
   39250  5.887500000000e+02  2.952504740469e-04
   39300  5.895000000000e+02  2.954471572617e-04
   39350  5.902500000000e+02  2.955341543347e-04
   39400  5.910000000000e+02  2.955124566345e-04
   39450  5.917500000000e+02  2.953873668983e-04
   39500  5.925000000000e+02  2.951646968875e-04
   39550  5.932500000000e+02  2.948527642972e-04
   39600  5.940000000000e+02  2.944609784089e-04
   39650  5.947500000000e+02  2.940015542298e-04
   39700  5.955000000000e+02  2.934872994987e-04
   39750  5.962500000000e+02  2.929317356812e-04
   39800  5.970000000000e+02  2.923502022163e-04
   39850  5.977500000000e+02  2.917587725163e-04
   39900  5.985000000000e+02  2.911726862410e-04
   39950  5.992500000000e+02  2.906055832518e-04
   40000  6.000000000000e+02  2.900728209986e-04
